
Iter: 1
bestpp:
0.498832 0.501168 
bestmu:
-0.011306 0.000096 10.045771 0.004055 
bestcov:
0.934145 0.009913 0.009913 0.980024 1.053751 0.031628 0.031628 1.088844 

Iter: 2
bestpp:
0.503354 0.496646 
bestmu:
9.974253 0.038431 0.110699 -0.066754 
bestcov:
1.074533 -0.017786 -0.017786 0.951173 1.024267 -0.034808 -0.034808 1.136568 

Iter: 3
bestpp:
0.503646 0.496354 
bestmu:
9.986510 0.098682 -0.071056 0.009523 
bestcov:
1.024454 -0.046682 -0.046682 0.909268 1.073344 -0.028862 -0.028862 0.930248 

Iter: 4
bestpp:
0.498801 0.501199 
bestmu:
0.011546 -0.036637 10.010429 -0.066037 
bestcov:
1.065952 -0.094983 -0.094983 0.891534 0.914496 -0.052037 -0.052037 0.920583 

Iter: 5
bestpp:
0.499150 0.500850 
bestmu:
0.064819 0.054128 9.951555 -0.009617 
bestcov:
0.972168 -0.095750 -0.095750 1.122849 1.047523 -0.061949 -0.061949 0.979179 

Iter: 6
bestpp:
0.503063 0.496937 
bestmu:
0.021935 -0.049112 9.966261 0.032531 
bestcov:
0.961455 0.045068 0.045068 0.926331 1.062253 0.009481 0.009481 0.890455 

Iter: 7
bestpp:
0.502872 0.497128 
bestmu:
9.999892 0.039443 -0.021799 -0.048296 
bestcov:
1.039728 -0.018347 -0.018347 0.908486 1.053807 0.001427 0.001427 0.967721 

Iter: 8
bestpp:
0.499314 0.500686 
bestmu:
-0.063926 0.037705 9.961806 -0.059584 
bestcov:
0.986198 -0.011737 -0.011737 1.064230 0.954067 -0.050429 -0.050429 1.037180 

Iter: 9
bestpp:
0.498846 0.501154 
bestmu:
10.026546 -0.014202 0.093477 0.035200 
bestcov:
0.892393 -0.007358 -0.007358 0.999383 0.996530 0.025889 0.025889 0.968602 

Iter: 10
bestpp:
0.501993 0.498007 
bestmu:
10.015720 -0.041034 -0.020439 -0.008371 
bestcov:
0.940708 0.062830 0.062830 0.987114 1.146142 0.036476 0.036476 0.918223 

Iter: 11
bestpp:
0.499029 0.500971 
bestmu:
10.013383 0.011354 0.023920 0.079918 
bestcov:
1.045278 0.079893 0.079893 1.107888 1.018737 -0.027314 -0.027314 0.937534 

Iter: 12
bestpp:
0.499216 0.500784 
bestmu:
0.088720 0.012613 10.000085 -0.026011 
bestcov:
1.075429 -0.027036 -0.027036 0.958415 0.961457 0.003547 0.003547 0.896742 

Iter: 13
bestpp:
0.503578 0.496422 
bestmu:
0.046823 -0.076537 10.017402 -0.024097 
bestcov:
1.063748 -0.111946 -0.111946 1.103990 0.992760 -0.001573 -0.001573 0.944728 

Iter: 14
bestpp:
0.503491 0.496509 
bestmu:
0.068446 -0.076730 10.008382 0.092931 
bestcov:
1.007626 -0.019555 -0.019555 0.987997 0.974514 -0.033989 -0.033989 1.070639 

Iter: 15
bestpp:
0.504032 0.495968 
bestmu:
-0.008254 -0.009952 10.093283 -0.046390 
bestcov:
0.973598 0.002521 0.002521 1.025337 1.029710 -0.104147 -0.104147 0.916887 

Iter: 16
bestpp:
0.499436 0.500564 
bestmu:
10.028015 -0.085852 -0.068036 0.106225 
bestcov:
0.899572 0.050249 0.050249 0.918964 1.069325 0.007069 0.007069 0.912919 

Iter: 17
bestpp:
0.503995 0.496005 
bestmu:
0.044699 0.038946 9.992679 0.006433 
bestcov:
0.938310 -0.007688 -0.007688 0.962904 0.992261 -0.006607 -0.006607 0.906555 

Iter: 18
bestpp:
0.503367 0.496633 
bestmu:
10.006773 0.048645 -0.003976 -0.011044 
bestcov:
1.069259 0.031565 0.031565 0.902793 1.052720 0.082445 0.082445 0.979500 

Iter: 19
bestpp:
0.499145 0.500855 
bestmu:
9.915909 0.049431 -0.050156 -0.004218 
bestcov:
1.026025 0.048328 0.048328 0.981064 0.866659 0.031157 0.031157 0.984531 

Iter: 20
bestpp:
0.498625 0.501375 
bestmu:
10.070554 -0.092267 -0.072879 -0.098829 
bestcov:
1.129453 -0.041072 -0.041072 0.964378 0.966070 0.015854 0.015854 0.976742 

Iter: 21
bestpp:
0.503937 0.496063 
bestmu:
-0.047987 0.001551 10.010965 0.008189 
bestcov:
1.054443 -0.010433 -0.010433 1.067389 0.885620 0.012953 0.012953 1.043252 

Iter: 22
bestpp:
0.503388 0.496612 
bestmu:
9.922023 0.013327 0.014246 -0.022421 
bestcov:
0.898273 -0.061764 -0.061764 0.958959 0.924835 0.103467 0.103467 0.929081 

Iter: 23
bestpp:
0.503599 0.496401 
bestmu:
-0.043011 -0.082778 10.048985 0.019812 
bestcov:
1.019562 -0.038329 -0.038329 0.937405 1.171645 0.000217 0.000217 1.017700 

Iter: 24
bestpp:
0.503905 0.496095 
bestmu:
0.004317 0.053733 10.014078 -0.009746 
bestcov:
1.038355 -0.011176 -0.011176 0.922939 1.017706 -0.061554 -0.061554 1.110278 

Iter: 25
bestpp:
0.503360 0.496640 
bestmu:
9.983805 0.012601 -0.062683 -0.076438 
bestcov:
0.996945 0.013655 0.013655 1.039513 0.977411 -0.014032 -0.014032 1.085904 

Iter: 26
bestpp:
0.503370 0.496630 
bestmu:
0.023636 0.034706 10.043729 -0.030382 
bestcov:
1.104643 -0.026328 -0.026328 1.030476 0.945715 0.006352 0.006352 0.919480 

Iter: 27
bestpp:
0.499132 0.500868 
bestmu:
0.002257 0.094140 10.074235 -0.027285 
bestcov:
1.040405 0.064819 0.064819 1.028046 0.889039 -0.008437 -0.008437 1.042567 

Iter: 28
bestpp:
0.503850 0.496150 
bestmu:
9.899564 -0.024657 -0.105630 -0.023499 
bestcov:
1.078044 -0.014534 -0.014534 1.078393 1.051779 0.008993 0.008993 0.988536 

Iter: 29
bestpp:
0.498729 0.501271 
bestmu:
-0.006339 -0.065848 10.010208 0.054084 
bestcov:
0.921554 0.013946 0.013946 0.854084 0.927950 -0.025960 -0.025960 0.975119 

Iter: 30
bestpp:
0.502485 0.497515 
bestmu:
0.063241 0.021458 9.945313 0.003026 
bestcov:
1.060557 0.013767 0.013767 0.990590 0.931982 0.020646 0.020646 0.964262 

Iter: 31
bestpp:
0.502911 0.497089 
bestmu:
10.048919 -0.002501 -0.002449 0.000054 
bestcov:
0.959773 -0.029906 -0.029906 0.854185 1.089289 0.000529 0.000529 0.954344 

Iter: 32
bestpp:
0.499005 0.500995 
bestmu:
-0.050695 0.073687 9.905140 0.086416 
bestcov:
0.950429 0.016038 0.016038 1.019595 0.925578 0.008983 0.008983 1.006540 

Iter: 33
bestpp:
0.503754 0.496246 
bestmu:
0.028596 -0.019574 10.056625 -0.047645 
bestcov:
0.979479 0.060048 0.060048 1.047490 0.999083 0.099291 0.099291 1.001393 

Iter: 34
bestpp:
0.503622 0.496378 
bestmu:
0.052749 0.036566 10.076229 0.040613 
bestcov:
1.015516 0.072352 0.072352 0.999473 1.006952 -0.003999 -0.003999 0.985355 

Iter: 35
bestpp:
0.498862 0.501138 
bestmu:
10.000576 -0.031838 -0.049004 0.110243 
bestcov:
1.027769 -0.008041 -0.008041 1.007654 1.054732 0.097221 0.097221 1.050708 

Iter: 36
bestpp:
0.503643 0.496357 
bestmu:
-0.030385 0.027152 9.968752 0.032354 
bestcov:
0.938550 0.044218 0.044218 0.979262 0.938980 0.008008 0.008008 0.909624 

Iter: 37
bestpp:
0.503911 0.496089 
bestmu:
-0.003255 0.035824 9.967673 -0.004795 
bestcov:
1.018225 0.019691 0.019691 1.061984 0.963797 0.034876 0.034876 1.107825 

Iter: 38
bestpp:
0.498937 0.501063 
bestmu:
-0.054201 -0.022325 10.036050 0.011164 
bestcov:
0.953347 -0.023967 -0.023967 1.113023 1.019747 -0.028791 -0.028791 0.933903 

Iter: 39
bestpp:
0.503422 0.496578 
bestmu:
0.001948 0.038683 9.971872 -0.046471 
bestcov:
0.931244 0.010564 0.010564 1.089364 1.014156 0.018065 0.018065 1.095911 

Iter: 40
bestpp:
0.502916 0.497084 
bestmu:
10.091108 -0.062842 0.052855 0.002113 
bestcov:
1.002304 0.036001 0.036001 0.859456 1.045171 -0.022608 -0.022608 1.014842 

Iter: 41
bestpp:
0.499355 0.500645 
bestmu:
-0.017627 -0.034073 9.975401 0.121131 
bestcov:
0.957795 0.022012 0.022012 0.994479 0.921564 -0.005934 -0.005934 0.881267 

Iter: 42
bestpp:
0.502629 0.497371 
bestmu:
0.037638 0.004015 9.959033 -0.020600 
bestcov:
0.998218 -0.023903 -0.023903 1.048464 0.952403 -0.055613 -0.055613 1.024723 

Iter: 43
bestpp:
0.503475 0.496525 
bestmu:
10.011663 -0.009818 -0.041182 0.070116 
bestcov:
0.834153 -0.043357 -0.043357 0.907009 1.002208 0.022849 0.022849 1.000405 

Iter: 44
bestpp:
0.498920 0.501080 
bestmu:
9.925498 0.042561 0.036683 -0.022528 
bestcov:
0.953927 -0.034076 -0.034076 1.065837 0.979001 -0.028778 -0.028778 0.995816 

Iter: 45
bestpp:
0.504025 0.495975 
bestmu:
10.015703 0.102330 0.046558 0.092453 
bestcov:
1.057410 -0.096155 -0.096155 1.074888 0.922464 -0.013618 -0.013618 0.999725 

Iter: 46
bestpp:
0.499738 0.500262 
bestmu:
9.964876 -0.043948 0.014020 0.040493 
bestcov:
0.965739 0.011650 0.011650 1.095635 0.978819 0.021866 0.021866 0.951728 

Iter: 47
bestpp:
0.502830 0.497170 
bestmu:
9.926890 0.036764 -0.002109 -0.019589 
bestcov:
1.037218 0.044678 0.044678 1.062778 1.016732 -0.025777 -0.025777 0.911163 

Iter: 48
bestpp:
0.502642 0.497358 
bestmu:
10.045843 -0.085348 0.125602 0.080035 
bestcov:
0.904513 0.060669 0.060669 1.132906 0.997504 0.025907 0.025907 1.040512 

Iter: 49
bestpp:
0.503995 0.496005 
bestmu:
-0.168826 0.011139 9.985859 -0.019881 
bestcov:
0.976581 -0.025324 -0.025324 0.829874 0.955644 0.025592 0.025592 0.929338 

Iter: 50
bestpp:
0.503254 0.496746 
bestmu:
9.981842 -0.042486 -0.132668 0.004580 
bestcov:
0.875712 -0.016091 -0.016091 1.068135 0.988056 0.077015 0.077015 1.001444 
