     1      2     92
     2      2    101
     3      2     99
     4      2     86
     5      2     98
     6      2     75
     7      2    103
     8      2     86
     9      2     92
    10      2    106
    11      2    102
    12      2     89
    13      2     92
    14      2     87
    15      2     88
    16      2     80
    17      2     83
    18      2     94
    19      2    106
    20      2     90
    21      2     88
    22      2     81
    23      2    109
    24      2     86
    25      2     97
    26      2     92
    27      2     91
    28      2    106
    29      2     82
    30      2     91
    31      2    100
    32      2     86
    33      2     88
    34      2    103
    35      2     96
    36      2    109
    37      2     89
    38      2     98
    39      2     87
    40      2    111
    41      2     86
    42      2    102
    43      2    108
    44      2     94
    45      2    127
    46      2     91
    47      2     93
    48      2     83
    49      2     94
    50      2     97
