  -2.987468e+00   9.453302e-01
  -2.010240e+00   2.186510e+00
  -2.263736e+00   2.179527e+00
  -2.474856e+00   1.709946e+00
  -3.694520e+00   3.208506e-01
  -3.113865e+00   8.749282e-01
  -3.167953e+00   9.036992e-01
  -3.106056e+00   1.174914e+00
  -3.541419e+00   4.337550e-01
  -2.920984e+00   9.698023e-01
  -3.650596e+00   4.105721e-01
  -3.514855e+00   7.091369e-02
  -2.776498e+00   1.413532e+00
  -3.128006e+00   1.249628e+00
  -2.610158e+00   1.738180e+00
  -2.760561e+00   1.361430e+00
  -2.747754e+00   1.210975e+00
  -3.403238e+00   4.852614e-01
  -3.092033e+00   9.753145e-01
  -3.506887e+00   2.872776e-01
  -3.342322e+00   3.445746e-01
  -4.509456e+00  -1.100678e+00
  -4.117147e+00  -7.132533e-01
  -3.538307e+00   5.429529e-01
  -2.368757e+00   1.460065e+00
  -3.014625e+00   1.040282e+00
  -3.264569e+00   9.746616e-01
  -2.166444e+00   2.497242e+00
  -2.505486e+00   1.830233e+00
  -2.696481e+00   1.538322e+00
  -3.213685e+00   5.793109e-01
  -3.044014e+00   1.027195e+00
  -2.801531e+00   1.473352e+00
  -3.813630e+00  -2.117970e-01
  -1.962443e+00   2.569562e+00
  -4.832739e+00  -1.197778e+00
  -3.404636e+00   7.841129e-01
  -3.119105e+00   6.589286e-01
  -3.070536e+00   9.211932e-01
  -4.110771e+00  -2.128805e-01
  -3.549486e+00   1.670385e-01
  -3.285925e+00   1.009526e+00
  -4.204539e+00  -3.036534e-01
  -2.587690e+00   1.815869e+00
  -3.140907e+00   9.409732e-01
  -2.271996e+00   1.864309e+00
  -3.774393e+00   4.420219e-01
  -3.089402e+00   1.088881e+00
  -2.996468e+00   1.064925e+00
  -2.662919e+00   1.237969e+00
  -3.905627e+00   7.128987e-03
  -2.824976e+00   1.499303e+00
  -2.474404e+00   1.564902e+00
  -3.190322e+00   8.745573e-01
   2.121532e+00  -1.288412e+00
   3.630592e+00  -4.899578e+00
   7.389990e-01  -3.943248e+00
  -2.176622e+00  -5.441821e+00
  -9.132451e-01  -4.347359e+00
   3.106934e-01  -3.960502e+00
   6.322184e-01  -3.898573e+00
  -2.436139e+00  -4.173137e+00
  -1.080042e+00  -3.667179e+00
  -1.449823e+00  -4.773302e+00
  -3.279874e+00  -4.253611e+00
   1.842392e+00  -3.984936e+00
   9.513706e-01  -2.349857e+00
   2.474367e-02  -3.307991e+00
  -1.505922e+00  -1.083100e+00
  -1.668148e+00  -3.691100e+00
  -2.023177e+00  -4.960948e+00
  -1.087073e-01  -2.376822e+00
   1.497096e+00  -4.186694e+00
  -1.364978e+00  -4.296290e+00
  -9.223923e-01  -5.259182e+00
  -2.585369e-01  -5.641452e+00
   1.383538e+00  -3.380245e+00
  -4.422158e+00  -8.590054e+00
  -1.667849e+00  -5.840697e+00
  -6.511328e-01  -2.679243e+00
  -6.078139e-01  -4.694340e+00
  -1.441728e+00  -3.515528e+00
  -2.165150e+00  -7.770332e+00
   1.193324e+00  -1.126623e+00
  -4.782476e+00  -7.021550e+00
  -2.658612e+00  -4.611316e+00
  -1.314281e+00  -4.437070e+00
  -3.174435e+00  -6.040843e+00
   5.785685e-01  -5.205690e+00
  -1.869095e+00  -3.169469e+00
  -6.536772e-01  -5.157457e+00
  -2.636116e+00  -6.298233e+00
   3.173597e-01  -5.023429e+00
  -7.843404e-01  -5.138703e+00
  -1.207419e+00  -4.820748e+00
   1.391031e+00  -1.741648e+00
  -1.789751e+00  -3.895444e+00
  -1.716510e-01  -5.972502e+00
  -8.549197e-01  -5.815791e+00
  -3.294130e+00  -6.037012e+00
  -2.281408e+00  -4.704239e+00
   1.524166e+00  -3.075892e+00
  -7.889077e-01  -1.984450e+00
   3.923595e+00  -1.335709e+00
   2.032045e+00  -3.104283e+00
  -2.341123e+00  -5.226932e+00
  -7.680412e-01  -6.766914e+00
  -5.106522e+00  -6.265240e+00
  -3.984385e+00  -3.832273e+00
  -1.920732e+00  -2.449316e+00
  -2.213036e-01  -4.409000e+00
   3.614283e-01  -3.098550e+00
  -4.671060e+00  -6.645874e+00
  -2.890632e-01  -4.382973e+00
  -4.014496e+00  -4.369301e+00
  -1.234432e+00  -2.769030e+00
  -1.069439e+00  -2.724109e+00
  -1.020942e-02  -1.996320e+00
  -1.066217e+00  -5.454196e+00
  -7.773469e-01  -4.019486e+00
  -4.152307e-01  -3.935282e+00
  -1.965593e+00  -6.294429e+00
   5.366781e-02  -3.368277e+00
  -2.115178e+00  -5.380884e+00
  -4.744116e+00  -7.881927e+00
  -3.152957e+00  -3.133078e+00
   5.092716e-01  -6.905667e+00
   1.105122e+00  -4.315545e+00
   2.150258e+00  -4.680867e+00
   1.460097e+00  -2.355706e+00
  -1.462448e+00  -3.921070e+00
  -9.103464e-01  -4.353433e+00
  -1.126840e+00  -3.890575e+00
  -2.784451e+00  -5.483197e+00
  -3.327343e-01  -4.489804e+00
  -1.492054e+00  -4.567796e+00
  -1.891698e+00  -6.294393e+00
   1.587775e+00  -6.409261e+00
  -3.486637e+00  -7.242689e+00
  -4.608342e+00  -7.198605e+00
  -1.812661e-01  -5.605741e+00
  -1.168725e+00  -4.506582e+00
  -3.499394e+00  -6.434149e+00
  -3.696996e-01  -4.849611e+00
   2.005362e+00  -3.208297e+00
  -3.043054e+00  -8.437366e+00
  -1.200693e+00  -2.781508e+00
  -4.757823e+00  -6.176446e+00
  -4.024282e+00  -5.792056e+00
  -2.892812e+00  -4.316665e+00
  -6.554887e-01  -4.125922e+00
  -1.390618e+00  -5.945116e+00
   2.736894e+00  -2.356855e+00
  -1.476700e+00  -6.703350e+00
  -2.202693e+00  -6.476319e+00
  -4.915739e+00  -5.567211e+00
  -3.966942e+00  -5.688084e+00
  -3.049789e+00  -7.057948e+00
  -3.804688e-01  -3.885282e+00
  -1.255288e+00  -5.920587e+00
  -1.510385e+00  -7.027103e+00
  -2.483974e+00  -2.644007e+00
  -1.210060e+00  -4.735351e+00
  -1.348650e+00  -5.156897e+00
  -3.090103e+00  -7.478275e+00
  -2.357864e+00  -7.879320e+00
  -7.576366e-01  -6.954017e+00
  -1.405268e+00  -3.988312e+00
  -2.256987e-01  -5.326459e+00
  -2.963648e+00  -6.858491e+00
  -1.212058e+00  -6.645626e+00
  -2.374204e-01  -4.586344e+00
  -1.929302e+00  -4.238665e+00
   1.361717e+00  -2.034403e+00
  -2.492297e+00  -5.860235e+00
   3.119909e+00  -2.349941e-01
   2.864073e+00  -2.674694e+00
  -2.387413e+00  -5.447116e+00
   1.098207e-01  -2.297916e+00
   2.219951e+00  -5.369521e+00
   1.244414e+00  -4.580460e+00
  -9.501941e-01  -7.425251e+00
  -1.264571e+00  -3.547298e+00
  -5.588087e-03  -4.179623e+00
   2.715067e-01  -2.207659e+00
  -3.944820e+00  -6.726116e+00
  -7.331395e-02  -5.807692e+00
  -1.163570e+00  -5.846989e+00
   2.688894e+00  -4.257503e-01
  -3.917445e-01  -2.052918e+00
   6.098993e-01  -1.326119e+00
  -3.637782e+00  -5.213834e+00
  -9.430447e-01  -4.531537e+00
  -9.849644e-01  -3.574614e+00
  -2.682317e+00  -4.383634e+00
   9.896378e-02  -3.021031e+00
  -2.808467e+00  -5.941195e+00
  -3.325170e+00  -5.091522e+00
   1.398251e+00  -3.299700e+00
  -2.990884e+00  -2.932822e+00
   1.849721e-01  -2.403538e+00
  -1.566744e+00  -3.652741e+00
  -5.538856e+00  -8.860038e+00
  -2.471241e+00  -6.888000e+00
  -7.038794e-01  -2.743259e+00
  -3.624900e-01  -5.565826e+00
  -8.547733e-01  -3.461337e+00
  -2.007113e+00  -5.667443e+00
   1.205373e+00  -2.728146e+00
  -2.478494e+00  -4.948992e+00
   1.886590e-01  -6.445429e+00
   1.109453e+00  -2.660063e+00
   6.553597e-01  -4.895319e+00
  -1.631549e+00  -3.991489e+00
  -5.246091e-02  -3.002855e+00
  -5.623170e-01  -7.914843e+00
  -1.892192e+00  -4.966333e+00
  -7.388326e-01  -6.819509e+00
  -6.658365e-01  -5.870050e+00
  -1.177815e+00  -3.533218e+00
  -2.613274e+00  -4.842325e+00
  -1.449885e+00  -5.073430e+00
  -6.387980e-01  -3.069335e+00
  -3.235695e+00  -6.277333e+00
  -6.756895e-01  -4.154186e+00
  -5.521507e-01  -4.973488e+00
  -3.988154e+00  -5.340644e+00
   9.081528e-01  -5.398328e+00
   8.853496e-01  -4.381901e+00
  -4.182434e+00  -6.343911e+00
  -4.095186e-01  -4.698453e+00
   1.073431e+00  -5.173414e+00
  -1.078357e+00  -6.096892e+00
  -3.009092e-01  -5.160125e+00
  -2.278662e+00  -6.423518e+00
  -7.402306e-01  -5.281962e+00
  -1.233135e+00  -3.574240e+00
  -9.089819e-01  -2.555974e+00
  -9.411642e-01  -2.520131e+00
  -4.127057e-01  -3.603754e+00
  -1.649943e+00  -6.520825e+00
  -1.222238e-01  -1.234729e+00
  -4.072725e-01  -4.582346e+00
  -2.463129e+00  -4.523500e+00
  -8.673496e-01  -6.293119e+00
  -1.008211e+00  -6.719817e+00
  -6.159143e-01  -3.666099e+00
   1.752323e+00  -8.962409e-01
   6.661900e-01  -8.992589e-01
  -7.304573e-01  -4.933832e+00
   3.609425e-01  -3.944410e+00
   1.276889e+00  -1.470288e+00
  -2.134544e+00  -4.649090e+00
   1.871737e+00  -1.079913e+00
   9.013964e-01  -3.668830e+00
  -1.401465e+00  -4.159871e+00
  -1.841873e+00  -3.871439e+00
   2.333403e+00  -9.228509e-01
  -5.036088e-01  -3.396213e+00
  -6.765918e-01  -4.083887e+00
   1.756026e+00  -2.010814e+00
   9.052824e-01  -2.544371e+00
   1.757883e+00  -2.623221e+00
  -1.610504e+00  -5.047324e+00
  -5.283972e-01  -4.592598e+00
   2.335304e+00  -2.033048e+00
  -7.600284e-01  -3.722891e+00
  -5.412149e-01  -4.937514e+00
  -2.572296e+00  -3.802729e+00
   1.067728e+00  -3.623243e+00
   2.050312e+00  -3.002610e+00
   1.990597e+00  -5.281706e-01
   4.681015e-01  -2.501960e+00
  -2.361335e+00  -4.576775e+00
   5.164323e+00   1.194650e+00
   3.110015e+00  -8.620440e-01
   8.147505e-02  -3.545858e+00
   5.822732e-02  -3.059629e+00
   2.020624e+00  -2.071902e+00
   1.407362e+00  -2.048529e+00
   1.595355e+00  -1.227535e+00
  -3.848497e-01  -4.486697e+00
  -1.873051e+00  -3.293148e+00
   1.702815e+00  -3.261444e+00
   7.109104e-01  -2.334116e+00
   8.932494e-01  -2.659608e+00
   1.693296e+00  -2.689019e+00
   6.611641e-01  -4.252205e+00
  -1.185927e+00  -4.668219e+00
   3.532147e+00  -7.777785e-01
   5.383061e-01  -1.287159e+00
   6.639956e-02  -1.559337e+00
   5.003904e-01  -2.961730e+00
   6.664388e-01  -3.317822e+00
  -6.356891e-01  -5.138935e+00
   1.254288e+00  -2.006650e+00
  -2.473769e+00  -5.884041e+00
   3.934577e+00  -1.739984e+00
  -1.439404e+00  -3.648821e+00
   5.887833e-01  -4.511197e+00
   2.146186e+00  -9.633439e-01
   6.258645e+00   1.610103e+00
   1.244132e+00  -2.542767e+00
  -8.460992e-01  -5.353162e+00
  -2.874344e+00  -5.216471e+00
  -4.303204e-01  -5.213834e+00
   6.388016e-01  -4.160133e+00
   1.154650e+00  -3.226440e+00
  -3.820766e-01  -2.052538e+00
   5.199252e-01  -1.386926e+00
  -2.034437e+00  -4.580161e+00
   1.915278e+00  -7.227373e-01
  -4.009006e+00  -3.905327e+00
   8.763874e-01  -3.566190e+00
   4.163565e+00  -1.478943e+00
   3.814623e-01  -3.664966e+00
  -2.061742e+00  -5.295191e+00
   1.477337e+00  -1.825694e+00
   1.461166e+00  -2.524588e+00
   2.583392e-01  -3.369245e+00
  -9.797379e-02  -2.663011e+00
   1.207743e+00  -2.778825e+00
   1.437948e+00  -1.232510e+00
  -3.846482e+00  -5.551885e+00
  -1.857753e+00  -4.358004e+00
   1.818304e+00  -3.768163e+00
  -5.018130e+00  -2.074484e+00
  -5.055272e+00  -1.133376e+00
  -4.928776e+00  -1.816746e+00
  -5.214500e+00  -2.559869e+00
  -4.613145e+00   1.433331e+00
  -5.159136e+00  -2.182159e+00
  -4.321153e+00   2.603208e+00
  -5.149096e+00  -1.915861e+00
  -5.182541e+00  -2.693214e+00
  -4.907176e+00   1.368472e-01
  -4.594609e+00   1.532142e+00
  -4.946950e+00  -9.206424e-01
  -4.472532e+00   2.229882e+00
  -4.959452e+00  -1.290406e+00
  -3.718427e+00   6.067480e+00
  -5.066162e+00  -1.503874e+00
  -5.362797e+00  -2.893949e+00
  -4.718158e+00  -6.234656e-01
  -4.993881e+00  -1.324879e+00
  -5.254056e+00  -3.322182e+00
  -4.967072e+00  -2.120249e+00
  -5.185780e+00  -1.878266e+00
  -5.510420e+00  -5.186905e+00
  -5.259836e+00  -3.172672e+00
  -4.890627e+00   2.504199e-01
  -4.985051e+00  -1.675638e+00
  -4.739921e+00  -1.347029e+00
  -4.479837e+00   2.634683e+00
  -5.137914e+00  -2.980751e+00
  -4.796839e+00   1.450382e-02
  -4.715801e+00   2.648392e-01
  -5.068490e+00  -1.369793e+00
  -4.703057e+00   6.134548e-01
  -4.702124e+00   4.127136e-02
  -4.864867e+00   6.084085e-01
  -4.726141e+00   7.897297e-01
  -4.417756e+00   2.149953e+00
  -4.494562e+00   1.802892e+00
  -5.224281e+00  -3.394380e+00
  -5.309844e+00  -2.749525e+00
  -4.952751e+00  -4.771699e-01
  -4.420134e+00   2.263897e+00
  -4.945139e+00  -4.597778e-01
  -4.882703e+00  -1.193345e-01
  -4.445564e+00   1.537962e+00
  -4.836940e+00   5.496522e-01
   1.514247e+00  -5.257139e+00
   1.783217e+00  -1.066234e+00
   2.390247e+00  -3.662601e+00
   5.925949e-01  -4.608096e+00
   1.360281e-01  -2.989561e+00
   9.152467e-01  -8.739116e+00
   7.477719e-01  -4.639671e+00
   2.319254e+00  -5.606050e-01
   3.631604e+00   1.503883e+00
   6.203273e-01  -1.936858e+00
  -8.056015e-01  -5.456353e+00
  -2.083964e+00  -6.393430e+00
   4.420073e-01  -6.704861e+00
  -3.488647e-01  -4.330307e+00
  -6.859217e-01  -6.013165e+00
   1.878138e+00  -4.466301e+00
   3.180636e+00  -2.037510e-01
  -1.001586e+00  -6.542604e+00
   6.739382e-01  -4.827759e+00
   3.676820e-01  -5.083127e+00
   2.321280e+00  -1.403605e+00
   1.597454e+00  -2.372025e+00
  -1.469687e-01  -3.050304e+00
   3.929334e-01  -6.516189e+00
   1.188639e+00  -6.375233e+00
   3.058858e+00   1.082662e+00
  -1.324920e+00  -5.819007e+00
   2.536606e+00  -1.031481e+00
   1.805988e+00  -1.591635e+00
   2.843247e+00  -1.334514e+00
   2.476986e+00  -1.386978e+00
   2.257624e+00  -2.461902e+00
   2.816978e+00  -1.950270e+00
   8.507913e-01  -6.339817e+00
   6.290236e-01  -4.575606e+00
   1.424445e+00  -4.762345e+00
   4.378743e-01  -6.349388e+00
   2.409445e+00  -1.503301e+00
   1.442772e+00  -3.177361e+00
   2.096998e+00  -6.434434e+00
  -1.716864e-01  -8.514593e+00
   1.101680e-01  -6.235171e+00
   2.440196e+00   1.320362e+00
   1.311460e+00  -5.675735e+00
   1.079330e+00  -1.694735e+00
  -1.041817e-01  -3.973656e+00
  -1.118613e+00  -4.740616e+00
  -4.166627e-02  -7.372194e+00
   8.155541e-02  -4.458359e+00
  -9.995626e-01  -9.393646e+00
   1.873272e+00   7.462875e-01
   8.166185e-01  -6.945071e+00
   7.627913e-01  -4.974940e+00
   3.034621e+00  -1.783207e-01
  -6.900780e-01  -6.019062e+00
   2.165001e+00  -1.242814e+00
  -8.430902e-01  -7.585699e+00
   1.571199e+00  -4.979883e+00
   9.649068e-01  -5.673021e+00
  -2.967807e+00  -9.636157e+00
   2.792585e+00  -2.884246e+00
  -1.276731e+00  -6.318259e+00
   2.044448e-01  -5.624699e+00
   1.985535e+00  -3.082342e+00
   1.460773e+00  -7.192247e-01
  -1.224213e+00  -1.509823e+00
  -3.208954e+00  -2.728474e+00
  -5.011584e+00  -3.591163e+00
  -2.052801e+00  -2.309834e+00
  -2.505485e+00  -2.290268e+00
  -1.456595e+00  -1.891384e+00
  -2.794464e+00  -2.416952e+00
  -2.182795e-01  -1.247829e+00
   1.257820e+00  -6.773220e-01
  -5.100542e-01  -1.649270e+00
  -1.924786e+00  -1.980920e+00
  -4.629476e-01  -1.688926e+00
  -1.378001e+00  -2.071494e+00
  -3.750248e+00  -2.915519e+00
  -9.054402e-01  -1.761204e+00
  -8.889955e-01  -1.668616e+00
  -5.723013e+00  -3.756418e+00
   2.029720e+00  -4.301412e-01
  -4.047113e-01  -1.730421e+00
   1.828992e+00  -4.576488e-01
  -2.086341e-01  -1.402269e+00
  -1.718792e+00  -1.852233e+00
  -4.632302e+00  -3.453202e+00
  -4.146902e+00  -2.977988e+00
  -3.016274e-01  -1.470843e+00
   3.631002e+00   1.868755e-01
  -4.172534e+00  -3.137471e+00
  -3.463696e+00  -2.801480e+00
  -3.343637e+00  -2.746725e+00
  -3.093188e+00  -2.480514e+00
  -1.411025e+00  -1.929402e+00
  -2.365810e+00  -2.434182e+00
   7.618732e-01  -9.976825e-01
   1.519546e+00  -5.034239e-01
   3.507642e-01  -1.027672e+00
   1.952696e+00  -3.524657e-01
  -9.626270e-01  -1.742077e+00
  -4.123460e+00  -2.919377e+00
  -1.752824e+00  -1.873137e+00
  -1.485580e+00  -1.987802e+00
  -3.953117e+00  -2.961650e+00
   1.147196e-01  -1.257610e+00
  -1.077717e+00  -1.610659e+00
  -2.959753e+00  -2.604819e+00
  -9.509036e-01  -1.682048e+00
  -8.964806e-01  -1.603495e+00
  -2.359866e+00  -2.366083e+00
  -3.655966e+00  -2.857762e+00
  -3.512256e+00  -2.691657e+00
   5.669452e-01  -9.931597e-01
  -1.455183e+00  -1.893384e+00
  -1.687055e-01  -1.302600e+00
  -3.049730e-01  -1.163043e+00
   1.318298e+00  -9.669394e-01
   1.459532e+00  -7.409519e-01
   4.875483e-01  -1.075790e+00
  -3.372106e+00  -2.890144e+00
   6.431186e-01  -9.286276e-01
  -2.175489e+00  -2.347455e+00
   2.346449e+00  -1.724906e-01
  -2.063555e+00  -2.135480e+00
  -5.097868e+00  -3.407475e+00
  -3.308747e+00  -2.784156e+00
  -3.286736e+00  -2.677826e+00
  -8.248650e-01  -1.640647e+00
  -5.093300e+00  -3.505017e+00
  -2.801609e+00  -2.411262e+00
  -6.409896e-01  -1.709245e+00
   2.688359e+00  -3.038916e-01
  -1.296927e+00  -1.510789e+00
  -5.641891e-01  -1.475044e+00
  -2.013628e-01  -1.158373e+00
  -1.604846e+00  -1.994877e+00
   1.379152e+00  -4.392521e-01
  -6.053076e-01  -1.588231e+00
   2.501393e+00  -1.615655e-01
   2.335179e+00  -1.361509e-01
  -2.868279e+00  -2.529973e+00
  -3.659874e+00  -2.870979e+00
  -3.525007e+00  -2.731731e+00
  -5.221739e+00  -3.510943e+00
   3.431560e+00   1.744763e-01
  -4.510045e+00  -3.136552e+00
  -1.826435e+00  -2.035436e+00
  -1.887609e+00  -1.950694e+00
   2.187689e-01  -1.252801e+00
   7.676070e-01  -1.155473e+00
  -1.341862e+00  -1.760074e+00
  -2.150006e+00  -2.134427e+00
  -7.331010e-01  -1.566374e+00
  -3.131828e+00  -2.705960e+00
   1.964446e+00  -4.392741e-01
  -7.460410e-01  -5.886573e-01
  -9.694392e-01  -1.496630e+00
  -1.110629e+00  -1.538464e+00
   2.336473e-01  -5.216528e-01
   2.151569e-01  -3.279881e-01
  -1.733738e+00  -7.680876e-01
  -3.248845e-01  -1.303478e+00
  -6.896408e-01  -4.265362e-01
  -3.793475e-01  -1.010930e+00
  -9.524018e-01  -1.334625e+00
  -1.548634e+00  -2.027481e+00
   2.444331e+00   1.043788e+00
  -1.090088e+00  -4.999383e-01
  -1.278084e-02  -6.782450e-01
  -1.406700e+00  -8.963479e-01
  -3.690715e+00  -1.816134e+00
   8.348341e-01  -6.612463e-01
  -2.027157e-01  -6.520479e-01
  -4.230586e-01  -5.166136e-01
  -1.042513e+00  -1.370633e+00
  -4.111285e-01  -1.346635e-01
   3.276421e+00   2.374580e-01
  -1.083352e+00  -1.736807e+00
  -7.445549e-01  -1.143733e+00
  -1.357241e+00  -1.066168e+00
  -4.082482e-01  -7.157298e-01
   3.945357e-03   4.845622e-01
  -2.275366e+00  -1.102276e+00
  -6.572561e-02  -4.737926e-01
   2.518336e+00   9.361942e-01
  -6.836665e-01  -8.745911e-01
  -3.192949e+00  -2.242257e+00
  -5.974204e-01  -8.814681e-01
  -1.147940e-02  -6.105518e-01
   4.737448e-01  -3.533958e-01
  -5.239731e-01  -7.839752e-01
   1.410713e+00  -1.338055e+00
   8.823643e-01   3.436507e-01
  -5.350819e-01  -9.280108e-01
   7.923431e-01  -4.389969e-01
  -2.568802e+00  -1.654700e+00
   4.810599e-01  -3.792357e-01
   1.836548e+00   2.362435e-01
   1.314726e+00  -7.778164e-02
   8.674160e-01   5.958206e-01
   8.037001e-01  -1.679836e-01
   4.854293e-01  -4.848067e-01
  -1.125429e+00  -7.718610e-01
  -2.693767e-01  -2.647573e-01
  -3.864632e+00  -1.813577e+00
  -7.291759e-01  -5.983945e-01
   1.426147e+00  -8.176452e-01
   2.395884e+00   6.184185e-01
   4.149446e-01  -6.076161e-02
  -8.151690e-02  -2.262961e-01
  -1.758289e-01  -7.368634e-01
  -4.828401e-01  -1.574855e+00
  -1.638908e+00  -1.347154e+00
  -1.321908e+00  -1.299410e+00
  -1.287478e-01  -6.387729e-01
  -7.397603e-01  -2.821745e-01
   1.551056e+00  -6.854241e-01
  -1.734937e+00  -7.615025e-01
   5.318468e-01  -4.227289e-01
  -2.254829e+00  -1.490166e+00
  -8.590856e-01  -2.468199e-01
  -4.572944e-01  -8.633726e-01
  -8.125816e-01  -8.657330e-01
  -1.189857e+00  -1.027780e+00
   1.073279e+00   6.574828e-01
  -1.219369e-01  -1.123912e-01
  -3.058425e-01  -5.019997e-01
  -3.116886e+00  -1.884833e+00
  -4.234430e-01  -4.485408e-01
  -9.132266e-01  -7.387401e-01
  -1.816558e+00  -1.303374e+00
   7.526260e-01  -2.331963e-01
  -1.080650e+00  -7.746860e-01
  -1.697628e+00  -1.256363e+00
  -5.005978e-02  -1.465607e+00
  -3.564451e-01  -9.110106e-01
  -5.273633e-01  -2.991720e-01
  -1.475923e+00  -5.223818e-01
  -1.139759e+00  -1.731503e+00
   2.591116e+00   1.321270e+00
  -2.292164e-01  -3.733468e-01
  -6.707067e-01  -1.083316e+00
  -8.203305e-01   5.635538e-02
  -1.198544e+00  -7.604124e-01
  -1.288185e+00  -1.709402e+00
  -9.625406e-01  -1.405290e-02
  -2.338493e+00  -2.440399e+00
  -2.437967e+00  -3.152699e-01
  -1.460998e+00  -1.598404e+00
  -2.098827e+00  -1.378545e+00
  -1.591571e-01  -6.408359e-01
  -2.895632e+00  -1.374157e+00
  -2.058869e+00  -1.463001e+00
  -2.709201e+00  -1.805487e+00
   5.835078e-01  -1.230402e+00
   1.900527e-01  -1.279386e+00
   4.331083e+00   1.251046e+00
  -1.145115e+00  -6.049645e-01
  -2.258059e+00  -2.240826e+00
  -1.667415e+00  -1.183468e+00
  -2.450186e+00  -1.440492e+00
   1.575347e+00  -6.288238e-01
  -7.074956e-01  -1.216732e+00
  -1.468786e+00  -1.700709e+00
  -3.329574e-01  -6.219215e-01
   2.076726e+00   6.415809e-01
   9.728455e-02  -6.718823e-01
  -2.027145e+00  -1.790012e+00
   2.909958e+00   6.761828e-01
  -7.851159e-01  -8.582105e-01
   1.992115e+00  -1.346961e-01
   2.669868e-02   8.728541e-02
  -1.861777e-01  -7.732231e-01
  -2.632273e-01   9.639031e-03
  -2.662660e+00  -1.286302e+00
  -6.178415e-02  -6.993369e-01
  -2.615580e+00  -5.852670e-01
   2.891361e-01  -1.905405e-01
  -3.166787e+00  -2.277401e+00
  -1.168174e+00  -3.809604e-01
  -4.291301e-01  -4.964764e-01
   1.768084e-01  -6.546894e-01
  -1.668514e+00  -1.359156e+00
  -1.427614e+00  -8.667222e-01
   2.727996e-01  -2.877430e-01
   1.331280e+00  -7.637849e-03
   3.327358e-01  -8.622065e-01
  -2.629207e-01  -3.637373e-01
  -1.278860e+00  -8.641375e-01
  -6.783181e-01  -4.466430e-01
   9.848153e-01  -5.796565e-01
  -1.072685e-01  -1.165200e+00
  -7.117492e-01   7.087182e-02
  -8.961669e-01  -1.502869e+00
   1.511843e+00   4.700241e-01
   6.185951e-01  -5.297704e-01
  -2.141417e+00  -9.516019e-01
  -9.573807e-01  -4.455674e-01
  -7.585921e-01  -7.103884e-01
   7.219636e-01  -3.164243e-01
   9.801198e-01  -9.591172e-02
   2.628452e-01  -3.555075e-01
  -1.420627e+00  -1.708566e+00
  -5.110535e-01  -1.885774e+00
   9.500664e-01   2.332885e-02
  -1.773964e+00  -7.461691e-01
  -1.056393e+00   4.302322e-01
  -1.782682e+00  -7.951474e-01
  -2.617948e+00  -2.635414e+00
  -1.235627e+00  -1.171262e-04
  -1.249560e+00   3.968845e-01
  -1.242518e+00   3.166174e-01
  -3.639225e+00  -4.205847e+00
   1.298028e-01   2.715999e+00
  -2.420263e+00  -1.948367e+00
  -1.299120e+00  -2.893697e-01
  -2.462175e+00  -1.400237e+00
  -1.901272e+00  -1.301747e+00
  -2.143834e+00  -1.854619e+00
  -6.555690e-01   8.407090e-01
  -1.115995e+00   3.602700e-01
  -2.338832e+00  -2.065572e+00
  -1.689987e+00  -3.881516e-01
  -1.879561e+00  -1.245900e+00
   1.117132e+00  -9.581935e-01
   1.315165e+00  -1.582434e+00
   4.300503e-02  -2.393373e+00
  -3.218549e+00  -3.255610e+00
   3.316487e+00  -1.360275e+00
   6.663854e-02  -2.188913e+00
   3.961584e+00  -1.010710e+00
   1.002605e+00  -2.220628e+00
   6.122768e-03  -2.446081e+00
   8.049429e-01  -2.149069e+00
   1.500890e+00  -1.023351e+00
   1.409489e+00  -1.593723e+00
   6.429524e-01  -1.496280e+00
  -6.411913e-01  -3.174625e+00
   1.015872e+00  -1.725340e+00
   2.354357e+00  -1.297276e+00
   4.812373e-01  -2.205966e+00
  -5.663910e+00  -4.504718e+00
   3.919412e+00  -7.382079e-01
   2.789422e+00  -9.695553e-01
  -1.633826e+00  -2.958703e+00
  -1.299395e+00  -2.965399e+00
   1.477381e+00  -1.060406e+00
   6.577264e-01  -1.604023e+00
   1.748776e+00  -1.552690e+00
  -1.249383e+00  -2.558250e+00
   2.044563e+00  -8.344516e-01
   3.422394e+00  -4.492496e-01
   1.305336e-01  -2.039304e+00
   3.215852e-01  -2.535728e+00
  -1.630605e-01  -2.261223e+00
   9.254500e-01  -1.364145e+00
   8.026419e-01  -1.837861e+00
  -2.427629e+00  -2.792222e+00
  -4.343608e+00  -4.290567e+00
   6.550816e+00   7.932665e-01
   3.486397e+00  -6.740785e-01
  -6.952681e-02  -2.338238e+00
   8.257229e-01  -1.970062e+00
  -8.141430e-01  -2.025674e+00
   8.233477e-01  -1.593452e+00
  -2.118807e+00  -3.332324e+00
  -1.652594e+00  -2.765460e+00
   2.510484e+00  -8.981597e-01
  -1.118393e+00  -2.587594e+00
  -6.513936e-01  -2.462695e+00
   2.612070e+00  -7.431634e-01
  -2.874633e+00  -3.544815e+00
   1.898791e-01  -2.068423e+00
   3.077753e-01  -1.731789e+00
   1.739772e+00  -1.688443e+00
  -2.411679e-01  -2.312814e+00
   1.089962e+00  -1.521200e+00
   1.790827e+00  -1.506587e+00
   4.442068e+00  -8.207155e-01
   2.889344e+00  -9.446841e-01
   2.903056e+00  -1.204051e+00
   3.059149e+00  -6.511471e-01
   3.915529e+00  -4.486913e-01
   1.447287e+00  -1.944550e+00
   5.552687e+00   2.773136e-01
   3.191575e-01  -1.847995e+00
   4.194820e+00  -7.386281e-01
  -6.443414e-01  -2.418525e+00
  -3.277467e+00  -3.621685e+00
  -4.094856e-01  -2.597143e+00
  -7.652285e-01  -2.361533e+00
   9.398400e-02  -2.290705e+00
   3.221452e+00  -1.017339e+00
  -1.220597e+00  -2.688231e+00
   7.427144e-02  -1.840960e+00
   4.046443e+00  -8.402356e-01
   2.436527e+00  -8.701759e-01
  -1.264079e+00  -2.260611e+00
  -1.875631e+00  -2.461372e+00
  -5.260437e+00  -4.112676e+00
   3.046905e+00  -7.678393e-01
   9.607004e-01  -2.286416e+00
  -4.245325e+00  -3.890012e+00
   2.768936e+00  -1.267482e+00
   8.326167e-01  -2.186605e+00
   3.246003e+00  -9.645834e-01
  -1.386226e+00  -2.545771e+00
   6.457215e-01  -1.759122e+00
   1.298762e+00  -1.773431e+00
  -1.710853e+00  -2.847165e+00
  -1.127266e+00  -3.257470e+00
   2.560119e+00  -1.253427e+00
   1.288090e-01  -2.339131e+00
   1.003789e+00  -2.227867e+00
  -7.208683e-01  -2.046877e+00
   6.846202e+00   8.026806e-01
   6.680355e-01  -1.626235e+00
  -6.075437e-01  -2.326538e+00
  -1.199159e+00  -2.690369e+00
  -2.892006e+00  -3.724403e+00
   3.263589e+00  -1.436920e+00
  -9.869398e-01  -2.503952e+00
   1.959637e-01  -1.740625e+00
   3.035298e+00  -8.340494e-01
   5.641150e+00   4.131704e-01
   3.294632e+00  -1.099791e+00
   2.111722e+00  -1.268125e+00
   1.104261e+00  -2.135499e+00
   2.797008e+00  -1.495989e+00
   2.556758e+00  -1.419691e+00
  -4.966418e-01  -1.830417e+00
  -2.503627e+00  -3.243065e+00
   6.891093e-01  -1.728307e+00
  -3.259419e+00  -3.294702e+00
   1.038209e+00  -2.321618e+00
   3.101835e+00  -1.113646e+00
   2.272203e+00  -8.357218e-01
  -4.417521e-01  -2.064825e+00
   1.859937e+00  -1.193683e+00
   7.659215e-01  -2.032173e+00
   3.889691e+00  -1.461607e-01
  -2.729343e+00  -3.681334e+00
   1.312981e+00  -2.071171e+00
   1.274067e+00  -1.041998e+00
   2.162171e-01  -2.104879e+00
   1.662476e+00  -1.482069e+00
  -3.293935e+00  -3.727228e+00
   4.194723e+00  -4.334889e-02
   2.653860e+00  -1.282301e+00
  -1.011355e+00  -2.053021e+00
   1.598521e+00  -9.238299e-01
  -3.753329e+00  -3.978589e+00
  -3.271857e+00  -3.649289e+00
   1.762345e+00  -1.116596e+00
  -1.894882e+00  -3.082841e+00
   2.773695e+00  -5.270834e-01
   6.036436e-02  -1.569359e+00
   4.278538e+00  -7.232861e-01
  -3.941523e+00  -4.020842e+00
   1.653574e+00  -1.527861e+00
   4.356293e-01  -1.436772e+00
   1.645436e+00  -1.175028e+00
  -3.494857e+00  -3.875040e+00
   3.092491e+00  -8.978533e-01
  -6.615831e-01  -2.525728e+00
   2.057895e+00  -1.699162e+00
  -3.512537e+00  -3.575742e+00
  -3.732497e-01  -2.119788e+00
   1.153941e+00  -1.636220e+00
  -8.644964e-01  -2.664574e+00
   3.343085e+00  -8.991745e-01
   4.661367e+00  -1.254029e-01
  -2.983521e+00  -3.036155e+00
   1.000433e+00  -1.553967e+00
  -3.915896e+00  -4.110598e+00
   1.835332e+00  -1.250188e+00
  -1.373620e+00  -2.793679e+00
   2.107945e+00  -1.113964e+00
  -6.091238e-01  -2.408077e+00
   1.227288e+00  -1.610611e+00
   7.243805e-01  -1.617629e+00
  -1.702829e+00  -3.169675e+00
   3.686960e+00  -8.212553e-01
   2.869485e-01  -1.873893e+00
   3.336404e-01  -2.139789e+00
  -1.254082e-01  -2.348148e+00
  -3.562210e+00  -3.177524e+00
   4.696049e+00  -2.875158e-02
   1.118811e+00  -2.068073e+00
   8.972324e-01  -1.593464e+00
   1.868278e+00  -1.103391e+00
   1.417666e+00  -1.927286e+00
  -1.676805e-01  -2.467558e+00
  -9.581763e-01  -2.682813e+00
   6.072293e+00  -2.894138e-01
  -1.371597e+00  -2.352126e+00
   5.202621e+00   2.446835e-01
  -3.683730e-01  -2.600017e+00
   2.921514e+00  -1.103143e+00
  -2.987116e+00  -2.455453e+00
   2.293208e+00  -1.435715e+00
  -2.916000e+00  -3.228061e+00
  -1.835456e+00  -2.590409e+00
   1.458594e+00  -1.410823e+00
   1.394136e+00  -1.907991e+00
   1.055906e+00  -1.383189e+00
  -1.202769e+00  -2.763740e+00
   4.377543e+00  -1.915616e-01
   8.312979e-01  -1.642481e+00
   5.639204e+00  -5.537970e-02
   1.790525e-01  -2.263438e+00
  -3.947541e+00  -3.218610e+00
  -4.888563e-01  -2.880904e+00
  -3.020760e+00  -3.419948e+00
   8.957186e-01  -1.464808e+00
   4.984164e-01  -2.225701e+00
   2.195968e+00  -1.143144e+00
  -1.757981e+00  -2.940586e+00
  -2.940547e+00  -3.102262e+00
   2.677434e+00  -1.020906e+00
  -1.186787e+00  -2.706156e+00
   2.788730e+00  -1.236400e+00
  -1.634887e+00  -2.551382e+00
   4.212337e+00  -2.780889e-01
   1.530545e+00  -1.307181e+00
  -3.246692e-02  -1.510898e+00
   1.147587e+00  -1.578902e+00
  -1.986171e+00  -3.247996e+00
   1.361207e+00  -1.772254e+00
  -8.366132e-01  -2.105336e+00
  -2.194489e+00  -3.317593e+00
   1.582004e+00  -1.474427e+00
   3.261799e+00  -1.412264e+00
   4.636459e+00  -2.457951e-01
   2.259965e+00  -1.456368e+00
  -3.099272e+00  -3.464720e+00
  -1.027376e+00  -2.933360e+00
   4.807250e-01  -1.591678e+00
   7.301765e-01  -2.257513e+00
   6.192741e-02  -2.160728e+00
   5.446969e+00   1.067280e-01
   2.574842e-02  -2.320341e+00
  -1.724560e+00  -2.516412e+00
  -8.637493e-01  -2.207088e+00
   1.903373e+00  -1.426364e+00
   5.236270e-01  -1.730282e+00
  -2.098927e-01  -2.248841e+00
  -2.976505e+00  -3.500799e+00
   3.801234e+00  -8.456377e-01
  -2.277903e+00  -3.402130e+00
  -2.797003e+00  -3.140130e+00
   2.730084e+00  -1.200026e+00
   2.796022e+00  -1.081406e+00
   1.163128e+00  -1.935758e+00
  -3.871586e+00  -3.471009e+00
  -1.900347e+00  -2.635315e+00
  -2.039113e+00  -3.311148e+00
   4.806789e-01  -1.503217e+00
   2.809315e+00  -1.206028e+00
  -2.818351e+00  -3.624887e+00
  -2.340606e+00  -2.856761e+00
   2.232265e+00  -1.084130e+00
   7.962939e-01  -2.004147e+00
   1.305863e+00  -1.563975e+00
   3.811700e+00  -6.042356e-01
  -1.765466e+00  -3.332673e+00
   1.813185e+00  -1.302468e+00
  -9.278872e-01  -2.422298e+00
  -2.130695e-01  -1.679300e+00
  -1.496562e-02  -1.831133e+00
  -2.524811e+00  -3.053146e+00
   2.945629e+00  -7.318316e-01
  -1.360310e+00  -2.480528e+00
   3.315509e-02  -2.018594e+00
   1.171327e+00  -8.576752e-01
   1.841809e+00  -3.656322e-01
   2.283092e+00  -3.081442e+00
   1.670048e+00   3.289078e+00
   1.838876e+00  -1.655717e+00
   1.400518e+00   3.773561e-01
   2.022265e+00  -4.459448e-01
   2.306036e+00   9.241566e-01
   8.173059e-01  -3.626846e-01
   1.816265e+00   2.842558e+00
   8.665938e-01  -1.823249e+00
   3.456529e+00   4.223156e+00
   2.732765e+00   2.720134e+00
   2.268098e+00   1.669681e+00
   2.126058e+00  -7.330263e-01
   1.883698e+00   3.502714e-01
   1.232537e+00   1.494125e+00
   8.202345e-01   4.100779e+00
   2.019669e+00   2.585959e+00
   3.038258e+00   4.041513e+00
   1.707511e+00  -8.371819e-01
   2.344846e+00   2.561484e+00
   5.998749e-01   2.776522e-01
   1.978041e+00  -5.050989e-01
   1.207350e+00  -1.095677e+00
   1.663014e+00  -1.816967e+00
   1.919426e+00   1.376907e+00
   1.876650e+00  -1.253703e+00
   1.227380e+00  -2.158362e-01
   2.502590e+00   1.862248e+00
   4.047225e-01   2.074208e+00
   3.319798e+00   2.170835e+00
   1.783446e+00   2.431721e+00
   1.742431e+00   3.293268e+00
   2.129053e+00   2.537757e+00
   2.405908e+00   4.337596e+00
   1.206913e+00   2.511707e-01
   1.464980e+00   3.709565e+00
   2.051872e+00   3.124517e+00
   1.342225e+00   9.943285e-01
   1.048572e+00  -7.709463e-01
   2.081488e+00  -5.840013e-01
   8.954947e-01  -8.229469e-01
   2.991421e+00   2.120088e+00
   2.035113e+00   2.414869e+00
   1.818731e+00  -9.125996e-01
   1.528058e+00   2.465553e+00
   2.347514e+00   7.717055e-01
   2.677519e+00   6.268034e-02
   3.252594e+00   3.981672e+00
   2.430177e+00  -1.245541e+00
   2.182218e+00   1.710690e+00
