4.222633e-02	4.087942e-02	
3.358644e-02	3.521473e-02	
6.717923e-02	6.813140e-02	
8.210296e-02	8.510247e-02	
2.340826e-02	2.195427e-02	
8.645900e-02	8.761511e-02	
9.636606e-02	1.003176e-01	
5.268335e-02	5.501728e-02	
6.275490e-02	6.439086e-02	
1.160584e-01	1.196209e-01	
1.261584e-01	1.290301e-01	
7.234687e-02	7.247595e-02	
8.882487e-02	8.921752e-02	
9.360786e-02	9.782678e-02	
3.883512e-02	3.839713e-02	
3.404095e-02	3.270958e-02	
1.002697e-01	1.059001e-01	
1.355394e-01	1.339009e-01	
9.430047e-02	9.484444e-02	
5.944453e-02	5.895411e-02	
5.269972e-02	5.532000e-02	
6.851739e-02	6.692857e-02	
8.584805e-02	8.844944e-02	
3.789302e-02	3.965150e-02	
4.897512e-02	4.953636e-02	
4.079329e-02	4.236064e-02	
6.307428e-02	6.676637e-02	
9.818724e-02	1.018057e-01	
5.465576e-02	5.663942e-02	
7.391601e-02	7.504478e-02	
6.528976e-02	6.761906e-02	
6.707159e-02	6.899477e-02	
6.601466e-02	6.817367e-02	
5.663805e-02	5.797983e-02	
2.737810e-02	2.823210e-02	
9.367086e-02	9.530871e-02	
7.698043e-02	7.799705e-02	
4.290084e-02	4.214667e-02	
1.533786e-01	1.605106e-01	
1.821712e-02	1.923026e-02	
5.475015e-02	5.525899e-02	
7.900028e-02	8.184229e-02	
5.003050e-02	5.154080e-02	
9.590336e-02	9.791943e-02	
7.700870e-02	8.076417e-02	
1.468809e-01	1.517100e-01	
1.205105e-01	1.229740e-01	
1.029925e-01	1.028424e-01	
6.404864e-02	6.535341e-02	
4.653320e-02	4.889113e-02	
6.018722e-02	6.051355e-02	
7.888773e-02	7.917595e-02	
3.615920e-02	3.597632e-02	
5.236503e-02	5.514772e-02	
1.424693e-01	1.465737e-01	
8.460404e-02	8.431024e-02	
6.306389e-02	6.569830e-02	
5.000685e-02	5.055113e-02	
5.310073e-02	5.364331e-02	
5.608117e-02	5.686989e-02	
6.070127e-02	6.227749e-02	
5.419421e-02	5.384368e-02	
8.848292e-02	9.005478e-02	
1.009950e-01	1.024680e-01	
9.421556e-02	9.710540e-02	
5.517493e-02	5.589793e-02	
8.041157e-02	8.099167e-02	
1.394893e-01	1.445780e-01	
4.793222e-02	4.933185e-02	
1.400392e-01	1.441342e-01	
4.776554e-02	4.732206e-02	
5.378673e-02	5.608680e-02	
5.349572e-02	5.506122e-02	
6.884294e-02	7.239181e-02	
9.048538e-02	9.393802e-02	
6.238286e-02	6.243200e-02	
3.740844e-02	3.569327e-02	
6.492851e-02	6.720943e-02	
1.014138e-01	1.039456e-01	
5.128819e-02	5.127155e-02	
1.205024e-01	1.220444e-01	
6.836287e-02	7.060922e-02	
4.410939e-02	4.342984e-02	
2.703921e-02	2.566936e-02	
9.203119e-02	9.618627e-02	
3.273107e-02	3.335508e-02	
9.981914e-02	1.007719e-01	
3.619020e-02	3.684042e-02	
3.804471e-02	3.800871e-02	
8.349226e-02	8.545424e-02	
2.406330e-02	2.367749e-02	
8.078113e-02	8.070579e-02	
9.887977e-02	9.963966e-02	
1.058593e-01	1.096723e-01	
5.689881e-02	5.967838e-02	
1.093843e-01	1.118672e-01	
3.592272e-02	3.611666e-02	
7.357475e-02	7.451822e-02	
7.391436e-02	7.380752e-02	
1.245562e-01	1.260321e-01	
8.431644e-02	8.565808e-02	
5.528630e-02	5.685600e-02	
4.549423e-02	4.734082e-02	
4.615333e-02	4.439174e-02	
7.411778e-02	7.223029e-02	
5.396717e-02	5.354735e-02	
1.616585e-01	1.613237e-01	
5.665405e-02	5.693671e-02	
1.082263e-01	1.129797e-01	
8.340544e-02	8.659196e-02	
9.067033e-02	9.219976e-02	
5.130878e-02	5.372787e-02	
5.931499e-02	6.228589e-02	
1.123498e-01	1.141416e-01	
1.005520e-01	1.023964e-01	
4.711489e-02	4.741350e-02	
1.566240e-02	1.529853e-02	
8.927368e-02	9.450418e-02	
6.813181e-02	6.792485e-02	
7.731102e-02	7.682716e-02	
7.855320e-02	7.693667e-02	
5.196094e-02	5.008547e-02	
3.053944e-02	3.254693e-02	
1.164339e-01	1.200096e-01	
4.309222e-02	4.459140e-02	
3.495600e-02	3.596746e-02	
4.682639e-02	4.575984e-02	
8.138553e-02	8.379948e-02	
1.111958e-01	1.146717e-01	
6.856622e-02	7.110066e-02	
3.051265e-02	2.945208e-02	
7.392691e-02	7.316198e-02	
9.304966e-02	9.335006e-02	
6.012405e-02	6.308391e-02	
4.774608e-02	4.688857e-02	
3.117301e-02	3.183641e-02	
3.034872e-02	2.989655e-02	
5.132251e-02	5.435434e-02	
1.255084e-01	1.257847e-01	
6.568624e-02	6.712050e-02	
4.750549e-02	4.851742e-02	
1.304834e-01	1.317771e-01	
5.343409e-02	5.344733e-02	
3.253179e-02	3.146036e-02	
2.421925e-01	2.503735e-01	
2.712302e-02	2.711356e-02	
1.346266e-01	1.394679e-01	
2.183496e-02	2.015630e-02	
1.323877e-02	1.388659e-02	
2.983021e-02	3.121671e-02	
1.308825e-01	1.325776e-01	
9.426892e-02	9.913015e-02	
8.322361e-02	8.761282e-02	
8.342729e-02	8.346805e-02	
8.672404e-02	8.917923e-02	
1.039805e-01	1.076044e-01	
5.651970e-02	5.671375e-02	
6.281713e-02	6.464550e-02	
6.224972e-02	6.117169e-02	
5.491996e-02	5.494069e-02	
3.859119e-02	3.786984e-02	
9.773787e-02	1.013564e-01	
6.934359e-02	7.333947e-02	
8.693268e-02	8.923217e-02	
3.461380e-02	3.418438e-02	
5.221117e-02	5.112000e-02	
9.176699e-02	9.452270e-02	
1.541867e-01	1.603951e-01	
3.843343e-02	4.002103e-02	
1.055035e-01	1.077368e-01	
9.768752e-02	9.981221e-02	
7.259990e-02	7.157686e-02	
2.762056e-02	2.786067e-02	
5.739045e-02	6.048686e-02	
7.133288e-02	7.292364e-02	
5.326343e-02	5.718743e-02	
6.441719e-02	6.433663e-02	
6.443643e-02	6.625240e-02	
3.328970e-02	3.431383e-02	
4.741264e-02	4.942942e-02	
5.714702e-02	5.813920e-02	
8.161919e-02	8.484164e-02	
7.185207e-02	7.466352e-02	
9.252746e-02	9.418504e-02	
2.437974e-02	2.471995e-02	
4.288285e-02	4.054476e-02	
3.426200e-02	3.487614e-02	
4.703449e-02	4.753687e-02	
2.949863e-02	2.999992e-02	
7.422670e-02	7.714029e-02	
6.378970e-02	6.633608e-02	
7.168477e-02	7.098866e-02	
4.162804e-02	4.387643e-02	
7.689624e-02	7.959660e-02	
8.238016e-02	8.183269e-02	
1.122990e-01	1.178386e-01	
8.569099e-02	9.074969e-02	
1.454191e-01	1.517298e-01	
7.482939e-02	7.513500e-02	
4.191641e-02	4.578161e-02	
9.854216e-02	1.023517e-01	
8.729255e-02	9.070538e-02	
8.082763e-02	8.343839e-02	
4.959038e-02	5.002240e-02	
8.201766e-02	8.288559e-02	
6.299694e-02	6.099972e-02	
1.321116e-01	1.345316e-01	
4.629888e-02	4.657116e-02	
5.262551e-02	5.454308e-02	
5.741948e-02	5.767685e-02	
8.000263e-02	8.127018e-02	
1.008487e-01	1.044593e-01	
4.730739e-02	4.523663e-02	
8.068540e-02	8.250539e-02	
7.967703e-02	8.087635e-02	
1.183374e-01	1.223423e-01	
3.042743e-02	2.993914e-02	
1.268963e-01	1.300600e-01	
2.756487e-02	2.639269e-02	
3.231811e-02	3.390312e-02	
8.007367e-02	8.297558e-02	
5.969857e-02	6.384507e-02	
8.741038e-02	8.617141e-02	
8.597533e-02	8.572772e-02	
1.999725e-02	2.068319e-02	
4.657883e-02	4.692850e-02	
2.843565e-02	2.926906e-02	
2.944436e-02	2.783919e-02	
3.522098e-02	3.524765e-02	
4.198648e-02	4.318620e-02	
5.616635e-02	5.775693e-02	
8.344034e-02	8.294617e-02	
8.890162e-02	8.858984e-02	
5.052552e-02	5.181448e-02	
8.536057e-02	8.743417e-02	
3.200607e-02	3.053747e-02	
5.410343e-02	5.443360e-02	
5.774926e-02	5.725038e-02	
3.159503e-02	3.007006e-02	
7.492628e-02	7.444304e-02	
2.834648e-02	2.846966e-02	
1.052409e-01	1.041602e-01	
2.616391e-02	2.555461e-02	
2.753514e-02	2.895865e-02	
3.951858e-02	4.208093e-02	
6.073894e-02	6.246832e-02	
7.672618e-02	7.880605e-02	
2.826604e-02	2.858369e-02	
4.859578e-02	4.940961e-02	
1.028714e-01	1.056127e-01	
8.992636e-03	8.173236e-03	
7.476080e-02	7.744049e-02	
8.161689e-02	8.267477e-02	
1.079695e-01	1.060315e-01	
1.022685e-01	1.077786e-01	
8.477929e-02	8.485538e-02	
6.334177e-02	6.608076e-02	
8.563463e-02	8.594334e-02	
1.333879e-01	1.387093e-01	
7.373819e-02	7.378419e-02	
7.306511e-02	7.517047e-02	
9.040756e-03	1.014838e-02	
7.087464e-02	7.182046e-02	
5.798154e-02	5.530085e-02	
9.212050e-02	9.578782e-02	
6.103030e-02	6.447268e-02	
5.057712e-02	4.839870e-02	
7.583867e-02	7.791062e-02	
3.938064e-02	4.012281e-02	
7.272241e-02	7.668716e-02	
5.533418e-02	5.496702e-02	
1.006974e-01	1.044315e-01	
5.927083e-02	6.111903e-02	
3.559015e-02	3.526499e-02	
4.271049e-02	4.394147e-02	
5.678836e-02	5.597932e-02	
7.309264e-02	7.616674e-02	
9.253478e-02	9.737668e-02	
1.099385e-02	1.082536e-02	
1.174910e-01	1.190382e-01	
1.814730e-01	1.866234e-01	
8.398915e-02	8.421216e-02	
7.686035e-02	7.619893e-02	
1.950794e-01	2.019590e-01	
5.710449e-02	5.778757e-02	
1.034682e-01	1.051345e-01	
6.152904e-02	6.502183e-02	
7.435420e-02	7.607435e-02	
1.639176e-01	1.684960e-01	
8.344429e-02	8.571319e-02	
1.291221e-01	1.330163e-01	
1.097980e-01	1.117532e-01	
7.016744e-02	7.181004e-02	
7.086530e-02	7.609091e-02	
9.808800e-02	1.008919e-01	
1.047697e-01	1.049637e-01	
4.101242e-02	3.947601e-02	
7.509296e-02	7.653375e-02	
7.368720e-02	7.147353e-02	
1.073980e-02	1.054931e-02	
4.052349e-02	4.034477e-02	
2.293617e-02	2.316399e-02	
5.126912e-02	5.298114e-02	
1.398896e-01	1.447476e-01	
6.255196e-02	6.533013e-02	
7.205498e-02	7.311073e-02	
2.603903e-02	2.814425e-02	
5.123942e-02	5.346685e-02	
4.384050e-02	4.546757e-02	
5.815145e-02	5.876497e-02	
5.605974e-02	5.971874e-02	
6.559585e-02	6.780011e-02	
1.114167e-01	1.106600e-01	
7.570661e-02	7.961514e-02	
8.732088e-02	8.857946e-02	
4.251351e-02	4.330106e-02	
1.816134e-01	1.832896e-01	
5.474522e-02	5.659446e-02	
5.844430e-02	5.969967e-02	
6.870976e-02	7.074741e-02	
4.682828e-02	4.627902e-02	
8.894843e-02	8.999034e-02	
1.484255e-01	1.527801e-01	
1.417882e-01	1.462576e-01	
7.510245e-02	7.830470e-02	
3.353471e-02	3.385842e-02	
7.357428e-02	7.383630e-02	
4.145956e-02	4.428153e-02	
6.960105e-02	7.100884e-02	
1.013093e-01	1.052233e-01	
3.950627e-02	3.999256e-02	
3.967563e-02	3.965226e-02	
4.109457e-02	3.966768e-02	
4.895360e-02	4.730083e-02	
3.791778e-02	3.824873e-02	
4.915516e-02	5.000341e-02	
5.350283e-02	5.383380e-02	
3.364663e-02	3.532570e-02	
8.366817e-02	8.485849e-02	
4.940359e-02	5.241330e-02	
2.790580e-02	2.548872e-02	
2.131292e-02	2.048757e-02	
1.634855e-01	1.680865e-01	
4.607973e-02	4.668266e-02	
9.374437e-02	9.684646e-02	
7.553728e-02	7.925586e-02	
5.997961e-02	6.158546e-02	
4.310563e-02	4.415398e-02	
1.689591e-01	1.701117e-01	
2.309102e-01	2.361631e-01	
2.305240e-02	2.440302e-02	
5.883237e-02	6.176434e-02	
6.894759e-02	7.058888e-02	
8.129969e-02	8.507616e-02	
7.814870e-02	7.958765e-02	
1.449495e-01	1.442340e-01	
3.386682e-02	3.400184e-02	
5.695660e-02	5.958443e-02	
8.598804e-02	8.333790e-02	
5.676743e-02	5.505806e-02	
4.401575e-02	4.421125e-02	
1.328628e-01	1.347951e-01	
4.662246e-02	4.584114e-02	
3.440386e-02	3.321086e-02	
5.522312e-02	5.408279e-02	
8.609020e-02	8.750488e-02	
8.849587e-02	8.598856e-02	
7.339763e-02	7.237638e-02	
8.908641e-02	9.210269e-02	
5.058490e-02	4.855958e-02	
5.691063e-02	6.015243e-02	
5.255931e-02	5.413357e-02	
5.231499e-02	5.400194e-02	
1.071862e-01	1.081774e-01	
8.708240e-02	8.922318e-02	
8.136243e-02	8.455930e-02	
1.388480e-01	1.436258e-01	
4.954735e-02	4.890287e-02	
6.598166e-02	6.774302e-02	
6.104015e-02	6.300764e-02	
8.690130e-02	8.898489e-02	
2.867031e-02	2.891206e-02	
6.641213e-02	6.476536e-02	
7.353568e-02	7.403673e-02	
6.482738e-02	6.650226e-02	
1.086503e-01	1.100768e-01	
3.969458e-02	4.155152e-02	
1.028788e-01	1.077073e-01	
1.076745e-01	1.107741e-01	
5.912548e-02	6.104328e-02	
4.765519e-02	4.656682e-02	
1.024916e-01	1.081069e-01	
9.060004e-02	8.773337e-02	
6.695962e-02	6.806356e-02	
1.380157e-01	1.425410e-01	
1.405130e-01	1.448896e-01	
8.925938e-02	9.246123e-02	
8.029617e-02	8.259606e-02	
6.204501e-02	6.473782e-02	
5.968524e-02	6.455376e-02	
3.183297e-02	3.217406e-02	
1.537555e-01	1.562320e-01	
1.090036e-01	1.117441e-01	
7.547251e-02	7.432737e-02	
6.491344e-02	6.743004e-02	
7.357029e-02	7.424119e-02	
6.155115e-02	5.969532e-02	
6.347358e-02	6.388061e-02	
6.595161e-02	6.717304e-02	
5.904975e-02	6.018279e-02	
7.696881e-02	8.057507e-02	
5.779273e-02	5.855503e-02	
1.173172e-01	1.187768e-01	
9.320140e-02	9.105762e-02	
1.551216e-01	1.581671e-01	
3.147800e-02	3.086120e-02	
9.188894e-02	9.256016e-02	
9.692409e-02	1.003827e-01	
6.148826e-02	6.332036e-02	
6.561164e-02	6.497668e-02	
4.625811e-02	4.786092e-02	
4.017886e-02	4.332514e-02	
5.724593e-02	5.921809e-02	
7.828514e-02	7.822688e-02	
7.428745e-02	7.673995e-02	
7.384528e-02	7.588328e-02	
5.044909e-02	5.311740e-02	
3.337195e-02	3.275033e-02	
6.005965e-02	6.159643e-02	
6.388904e-02	6.542523e-02	
1.514765e-01	1.566281e-01	
6.212057e-02	6.231678e-02	
4.815060e-02	5.143210e-02	
1.449233e-02	1.462375e-02	
8.808657e-02	8.420496e-02	
8.512148e-02	8.734004e-02	
2.010163e-02	1.955704e-02	
5.135685e-02	5.412256e-02	
3.266569e-02	3.099151e-02	
5.408104e-02	5.473405e-02	
8.084670e-02	8.125563e-02	
5.902770e-02	6.141606e-02	
8.100091e-02	8.550196e-02	
4.316205e-02	4.480781e-02	
7.665903e-02	8.042681e-02	
2.217285e-02	2.163104e-02	
1.519041e-01	1.534805e-01	
3.609427e-02	3.623403e-02	
5.895010e-02	5.882270e-02	
4.578847e-02	4.665662e-02	
6.897681e-02	6.714980e-02	
7.464716e-02	7.538168e-02	
2.173684e-02	2.203767e-02	
1.221499e-01	1.224858e-01	
6.113610e-02	6.231230e-02	
9.203832e-02	9.242477e-02	
2.929058e-02	3.006414e-02	
6.475290e-02	6.702611e-02	
4.375291e-02	4.374427e-02	
5.436594e-02	5.540006e-02	
2.564264e-02	2.692064e-02	
6.985344e-02	7.403895e-02	
9.010910e-02	9.456370e-02	
5.387543e-02	5.676194e-02	
3.616349e-02	3.812939e-02	
1.414590e-01	1.463495e-01	
8.017420e-02	8.328498e-02	
5.242652e-02	5.505600e-02	
2.604578e-02	2.558833e-02	
9.858469e-02	1.021482e-01	
5.600961e-02	5.514623e-02	
4.524832e-02	4.770665e-02	
2.939950e-02	2.981207e-02	
3.994780e-02	4.275804e-02	
8.741767e-02	8.807089e-02	
5.773330e-02	6.092638e-02	
9.292183e-02	9.679828e-02	
9.519629e-02	9.999743e-02	
3.488230e-02	3.334927e-02	
4.791589e-02	4.937308e-02	
3.712845e-02	3.745408e-02	
1.169853e-01	1.161725e-01	
5.342298e-02	5.447593e-02	
6.112130e-02	6.055820e-02	
2.800177e-02	2.892256e-02	
4.334237e-02	4.635871e-02	
3.166478e-02	3.296956e-02	
3.907151e-02	3.773398e-02	
5.622702e-02	5.783654e-02	
3.283788e-02	3.306463e-02	
1.637792e-02	1.785194e-02	
2.066981e-01	2.113791e-01	
5.846665e-02	6.206834e-02	
9.407605e-02	9.574421e-02	
2.901109e-02	2.853261e-02	
7.467814e-02	7.324444e-02	
5.859486e-02	5.957254e-02	
2.297307e-02	2.339765e-02	
9.194443e-02	9.421551e-02	
1.338913e-01	1.361170e-01	
7.978675e-02	8.072955e-02	
5.825314e-02	5.753021e-02	
4.819201e-02	5.003295e-02	
1.557637e-01	1.578619e-01	
3.605592e-02	3.458849e-02	
7.712892e-02	7.871746e-02	
2.576742e-01	2.666293e-01	
7.762058e-02	7.690529e-02	
4.528256e-02	4.684125e-02	
6.004914e-02	6.264307e-02	
1.086431e-01	1.095835e-01	
3.232807e-02	3.182378e-02	
7.046416e-02	7.105056e-02	
2.797296e-02	2.768519e-02	
6.321950e-02	6.378673e-02	
5.269664e-02	5.499724e-02	
5.931357e-02	6.200068e-02	
9.777111e-02	9.977211e-02	
1.036184e-01	1.072316e-01	
9.694257e-02	1.015594e-01	
9.620900e-02	9.923872e-02	
4.963944e-02	5.084343e-02	
6.869933e-02	7.173994e-02	
3.327180e-02	3.428821e-02	
3.097877e-02	3.267866e-02	
1.428285e-01	1.432291e-01	
5.575201e-02	5.818092e-02	
4.267681e-02	4.488452e-02	
6.125743e-02	6.459831e-02	
3.003818e-02	3.163875e-02	
2.866543e-02	2.844078e-02	
4.630742e-02	4.522548e-02	
8.660025e-02	9.132249e-02	
5.816822e-02	5.933384e-02	
5.700519e-02	5.916143e-02	
6.266227e-02	6.193094e-02	
1.907427e-02	1.971996e-02	
1.202450e-01	1.221373e-01	
3.840892e-02	3.938692e-02	
1.097272e-01	1.096814e-01	
1.001915e-01	9.988912e-02	
2.321010e-02	2.440727e-02	
1.179435e-01	1.170253e-01	
7.977643e-02	8.200591e-02	
7.558823e-03	7.544423e-03	
6.735368e-02	6.553842e-02	
2.883857e-02	3.022903e-02	
1.574197e-01	1.588719e-01	
6.855505e-02	6.979705e-02	
4.784942e-02	4.893166e-02	
5.107707e-02	5.080679e-02	
1.314879e-01	1.365708e-01	
8.811794e-02	8.994266e-02	
8.046590e-02	8.186116e-02	
5.569955e-02	5.719153e-02	
5.109317e-02	5.042498e-02	
1.698097e-02	1.786745e-02	
5.311513e-02	5.514514e-02	
4.065847e-02	3.875304e-02	
6.750754e-02	6.773817e-02	
5.529606e-02	5.421717e-02	
9.891216e-02	1.034227e-01	
3.291693e-02	3.473677e-02	
8.968481e-02	9.389871e-02	
9.863231e-02	1.028973e-01	
1.191441e-01	1.233711e-01	
6.909100e-02	7.017930e-02	
8.308912e-02	8.510881e-02	
4.582772e-02	4.657545e-02	
1.047782e-01	1.090406e-01	
1.190217e-01	1.224179e-01	
3.193046e-02	3.038763e-02	
4.566431e-02	4.750342e-02	
1.305149e-01	1.325498e-01	
5.739505e-02	5.997000e-02	
1.265292e-01	1.277523e-01	
2.685526e-02	2.615409e-02	
6.836795e-02	7.190361e-02	
2.574402e-02	2.547525e-02	
4.399704e-02	4.343730e-02	
7.505227e-02	7.446664e-02	
7.842851e-02	7.870993e-02	
8.814362e-02	9.115062e-02	
6.043740e-02	6.332435e-02	
6.668765e-02	6.887509e-02	
1.125868e-01	1.095321e-01	
1.298819e-01	1.361906e-01	
8.725810e-02	9.100067e-02	
4.883423e-02	4.908068e-02	
9.296665e-02	9.664443e-02	
3.062190e-02	3.007996e-02	
1.285043e-01	1.316131e-01	
6.120708e-02	6.048616e-02	
7.424916e-02	7.509886e-02	
9.427511e-02	9.693977e-02	
5.455179e-02	5.738064e-02	
6.249627e-02	6.298735e-02	
5.009139e-02	4.915274e-02	
5.852163e-02	6.058568e-02	
3.846934e-02	3.957196e-02	
1.180880e-01	1.194283e-01	
2.795536e-02	2.741496e-02	
8.373520e-02	8.315500e-02	
3.464783e-02	3.531333e-02	
6.238439e-02	6.225647e-02	
2.764445e-02	2.870958e-02	
6.048499e-02	6.071873e-02	
6.888558e-02	7.070580e-02	
1.098588e-01	1.118591e-01	
5.833260e-02	6.120275e-02	
5.055002e-02	4.980184e-02	
6.685777e-02	6.733300e-02	
6.803653e-02	7.184388e-02	
2.911497e-02	2.891338e-02	
7.430793e-02	7.809211e-02	
5.387167e-02	5.447491e-02	
5.492363e-02	5.716309e-02	
3.143635e-02	3.144974e-02	
4.528901e-02	4.536211e-02	
2.781848e-02	2.718157e-02	
4.433041e-02	4.238563e-02	
1.663353e-01	1.710466e-01	
1.161739e-01	1.193881e-01	
1.154994e-01	1.171751e-01	
1.298592e-01	1.309974e-01	
3.297476e-02	3.366298e-02	
5.488826e-02	5.323912e-02	
1.674375e-01	1.688599e-01	
6.635252e-02	7.012941e-02	
6.988653e-02	7.110883e-02	
4.635624e-02	4.911274e-02	
3.848246e-02	3.796646e-02	
5.672329e-02	5.695809e-02	
8.189028e-02	8.440858e-02	
2.211190e-02	2.195768e-02	
4.646423e-02	4.999522e-02	
6.814987e-02	6.857561e-02	
1.434167e-01	1.498222e-01	
1.068124e-01	1.088053e-01	
9.290988e-02	9.167872e-02	
9.465367e-02	9.791582e-02	
1.053460e-01	1.089052e-01	
4.648677e-02	4.732373e-02	
6.985398e-02	7.251477e-02	
4.649505e-02	4.834373e-02	
1.240489e-01	1.268410e-01	
2.703950e-02	2.938991e-02	
6.874894e-02	6.854064e-02	
6.611523e-02	6.645082e-02	
3.759613e-02	3.593808e-02	
7.038070e-02	7.029427e-02	
1.063625e-01	1.057542e-01	
5.546968e-02	5.952830e-02	
1.166335e-01	1.211493e-01	
5.226570e-02	5.268748e-02	
8.659955e-02	8.907913e-02	
2.644038e-02	2.940423e-02	
1.056705e-01	1.085341e-01	
8.189954e-02	8.417842e-02	
4.893690e-02	5.256730e-02	
4.196702e-02	4.164002e-02	
8.853100e-02	8.951597e-02	
1.087721e-01	1.098791e-01	
1.254566e-01	1.278975e-01	
8.262934e-02	8.511792e-02	
3.391367e-02	3.312630e-02	
3.535635e-02	3.345056e-02	
6.129994e-02	6.024543e-02	
1.028557e-01	1.052668e-01	
6.374273e-02	6.579861e-02	
7.040944e-02	7.394826e-02	
4.575943e-02	4.821707e-02	
1.005867e-01	1.044499e-01	
1.237000e-01	1.257693e-01	
1.076542e-01	1.110956e-01	
8.780223e-02	9.092387e-02	
4.531209e-02	4.524045e-02	
1.629460e-01	1.670664e-01	
7.006064e-02	7.126277e-02	
6.500918e-02	6.629021e-02	
1.892446e-01	1.931914e-01	
7.618335e-02	7.538658e-02	
7.006418e-02	7.343168e-02	
1.575544e-01	1.615086e-01	
1.011089e-01	1.033034e-01	
1.488324e-01	1.531924e-01	
5.715217e-02	6.004973e-02	
5.191278e-02	5.260726e-02	
9.345529e-02	9.634410e-02	
9.568735e-02	1.007883e-01	
9.082323e-02	9.530601e-02	
2.059458e-02	1.890807e-02	
2.740291e-02	2.790700e-02	
9.682158e-02	9.984492e-02	
7.575547e-02	7.801115e-02	
6.326705e-02	6.783050e-02	
9.712908e-02	9.397809e-02	
2.075722e-01	2.148238e-01	
7.360784e-02	7.282544e-02	
9.321638e-02	9.740261e-02	
7.381348e-02	7.352877e-02	
4.713756e-02	4.972508e-02	
1.266301e-01	1.301695e-01	
5.842176e-02	5.879052e-02	
4.031396e-02	4.051623e-02	
6.654125e-02	6.967546e-02	
4.736239e-02	4.834342e-02	
2.909497e-02	2.929482e-02	
1.555184e-01	1.562701e-01	
1.279436e-01	1.331566e-01	
4.387871e-02	4.581970e-02	
8.666427e-02	8.825688e-02	
6.114568e-02	6.313040e-02	
7.651525e-02	7.972796e-02	
2.503930e-02	2.554733e-02	
1.264519e-01	1.319434e-01	
1.800541e-01	1.844157e-01	
5.067557e-02	5.104375e-02	
1.114416e-01	1.156904e-01	
1.448243e-01	1.485208e-01	
3.930997e-02	3.937408e-02	
2.196815e-02	2.316458e-02	
2.755010e-02	2.728737e-02	
1.311128e-01	1.331362e-01	
2.693380e-02	2.721437e-02	
5.771356e-02	5.725017e-02	
2.273103e-01	2.308060e-01	
5.965815e-02	6.224129e-02	
6.135037e-02	6.162358e-02	
6.104520e-02	6.229890e-02	
2.489624e-02	2.577681e-02	
2.949161e-02	2.935847e-02	
2.738565e-02	2.789460e-02	
3.403943e-02	3.344691e-02	
9.806894e-02	1.010085e-01	
9.264553e-02	9.584809e-02	
5.950377e-02	6.074470e-02	
4.901572e-02	4.933233e-02	
8.281835e-02	8.499853e-02	
5.151851e-02	5.041246e-02	
7.509365e-02	7.567616e-02	
8.768393e-02	9.216385e-02	
4.441065e-02	4.493956e-02	
6.567248e-02	6.334975e-02	
1.421396e-01	1.476327e-01	
1.074597e-01	1.131275e-01	
1.360281e-01	1.415553e-01	
6.056209e-02	5.844324e-02	
6.423252e-02	6.391358e-02	
7.034087e-02	7.452268e-02	
9.308110e-02	9.372940e-02	
1.029835e-01	1.079876e-01	
5.274804e-02	5.450903e-02	
1.002939e-01	1.054895e-01	
6.119224e-02	6.236693e-02	
5.135640e-02	5.283924e-02	
8.796420e-02	9.107067e-02	
4.834540e-02	5.034861e-02	
4.580516e-02	4.738758e-02	
1.102661e-01	1.138695e-01	
3.052004e-02	3.240587e-02	
1.325627e-01	1.388424e-01	
5.801845e-02	5.950261e-02	
5.231180e-02	5.132985e-02	
2.894635e-02	2.825979e-02	
1.776445e-01	1.839827e-01	
7.827266e-02	7.819554e-02	
4.110792e-02	4.164330e-02	
9.552550e-02	9.885634e-02	
3.866451e-02	4.073030e-02	
3.566462e-02	3.567525e-02	
2.552712e-02	2.521059e-02	
5.403518e-02	5.750875e-02	
1.074382e-01	1.111973e-01	
1.185840e-01	1.230170e-01	
1.721728e-01	1.763323e-01	
5.717004e-02	5.974034e-02	
1.516954e-01	1.529917e-01	
2.935522e-02	2.903375e-02	
4.019844e-02	4.089287e-02	
2.650935e-02	2.647516e-02	
7.392524e-02	7.173367e-02	
8.048875e-02	8.486651e-02	
9.774619e-02	9.683413e-02	
5.772924e-02	5.616270e-02	
1.113188e-01	1.135139e-01	
2.247538e-02	2.337281e-02	
7.397371e-02	7.633940e-02	
3.017492e-02	3.201743e-02	
3.599741e-02	3.562626e-02	
6.170206e-02	6.085439e-02	
7.801054e-02	7.750836e-02	
6.811779e-02	6.957513e-02	
6.486933e-02	6.285444e-02	
5.549268e-02	5.531618e-02	
2.726035e-02	2.791609e-02	
5.408456e-02	5.632634e-02	
2.751807e-02	2.719146e-02	
5.272767e-02	5.454634e-02	
5.728011e-02	5.953472e-02	
6.346740e-02	6.548517e-02	
3.997931e-02	4.000508e-02	
7.051723e-02	7.499662e-02	
4.988061e-02	5.398000e-02	
9.526259e-02	9.630314e-02	
1.171826e-01	1.200145e-01	
5.704407e-02	5.759513e-02	
6.911142e-02	7.265590e-02	
2.284189e-02	2.140893e-02	
5.159003e-02	5.384616e-02	
1.073450e-01	1.037387e-01	
2.076084e-02	2.079673e-02	
2.556925e-02	2.475448e-02	
4.629332e-02	4.685132e-02	
9.723349e-02	9.886303e-02	
3.673836e-02	3.786956e-02	
1.878388e-01	1.941527e-01	
1.961929e-02	1.927984e-02	
1.255573e-01	1.296396e-01	
4.832226e-02	4.785817e-02	
9.662110e-02	1.002659e-01	
8.820476e-02	8.749710e-02	
1.785935e-01	1.812190e-01	
5.255209e-02	5.239111e-02	
4.776949e-02	4.830760e-02	
6.811945e-02	6.917998e-02	
6.056743e-02	6.312461e-02	
4.429498e-02	4.388272e-02	
6.351861e-02	6.593421e-02	
1.360241e-01	1.377807e-01	
3.442835e-02	3.403290e-02	
2.783296e-02	2.792037e-02	
1.328674e-01	1.365521e-01	
8.540739e-02	8.873209e-02	
4.111935e-02	3.987538e-02	
6.866139e-02	7.090957e-02	
2.738709e-02	2.866218e-02	
3.192744e-02	3.400936e-02	
9.442387e-02	9.402350e-02	
7.832130e-02	7.928112e-02	
7.139622e-02	7.197102e-02	
4.430913e-02	4.434908e-02	
9.733911e-02	9.689066e-02	
5.015525e-02	5.016429e-02	
7.312767e-02	7.420233e-02	
2.306009e-02	2.278532e-02	
9.604914e-02	9.706748e-02	
9.882553e-02	1.006034e-01	
5.314853e-02	5.678490e-02	
9.514643e-02	9.705311e-02	
5.963395e-02	6.103255e-02	
3.237070e-02	3.416845e-02	
8.476193e-02	8.606300e-02	
1.369189e-01	1.378448e-01	
5.938470e-02	6.035151e-02	
1.548131e-02	1.563565e-02	
3.185307e-02	3.338651e-02	
7.718053e-02	7.974085e-02	
6.034564e-02	6.473470e-02	
2.923705e-02	2.926537e-02	
2.541490e-02	2.669671e-02	
7.025477e-02	7.038635e-02	
1.010924e-01	1.026497e-01	
7.166436e-02	7.403273e-02	
1.092610e-01	1.101732e-01	
6.003130e-02	6.198154e-02	
6.751122e-02	6.822458e-02	
6.351682e-02	6.511242e-02	
1.141320e-01	1.163647e-01	
4.396628e-02	4.584108e-02	
5.826714e-02	6.106801e-02	
4.136593e-02	4.028856e-02	
5.593064e-02	5.877438e-02	
4.640124e-02	4.674346e-02	
5.279816e-02	5.416384e-02	
5.736428e-02	5.983860e-02	
5.688551e-02	5.748810e-02	
5.777381e-02	5.974373e-02	
7.601136e-02	7.901720e-02	
1.095568e-01	1.124893e-01	
4.429480e-02	4.428961e-02	
1.433746e-02	1.398617e-02	
2.094632e-01	2.131884e-01	
7.211832e-02	7.293026e-02	
4.936127e-02	4.844083e-02	
2.259039e-01	2.290981e-01	
3.796592e-02	3.913261e-02	
6.738760e-02	6.734764e-02	
9.979242e-02	1.035100e-01	
4.623130e-02	4.749112e-02	
3.466828e-02	3.333424e-02	
7.896948e-02	7.961218e-02	
8.705607e-02	8.692077e-02	
9.347546e-02	9.450169e-02	
5.832739e-02	5.956594e-02	
1.268220e-01	1.275134e-01	
1.213623e-01	1.259463e-01	
1.471806e-01	1.504791e-01	
7.566554e-02	7.874707e-02	
9.275035e-02	9.540769e-02	
8.488392e-02	8.698843e-02	
6.619665e-02	6.920490e-02	
5.509324e-02	5.664725e-02	
5.307328e-02	5.328475e-02	
6.697481e-02	6.933185e-02	
9.588231e-02	9.416757e-02	
1.074070e-01	1.119116e-01	
1.109800e-01	1.159244e-01	
1.170256e-01	1.179210e-01	
4.402280e-02	4.704357e-02	
4.957274e-02	5.038248e-02	
8.071355e-02	8.417535e-02	
6.602300e-02	6.844034e-02	
1.014852e-01	1.016781e-01	
9.939579e-02	9.771522e-02	
6.363816e-02	6.722678e-02	
2.705853e-02	2.660936e-02	
9.609350e-02	9.950911e-02	
4.446137e-02	4.637937e-02	
7.343663e-02	7.525354e-02	
6.597989e-02	6.697160e-02	
8.779610e-02	9.124157e-02	
1.031356e-01	1.049781e-01	
3.358711e-02	3.443445e-02	
9.736870e-02	9.603110e-02	
1.269080e-01	1.322305e-01	
4.469425e-02	4.468745e-02	
1.619036e-02	1.528603e-02	
4.547770e-02	4.559707e-02	
1.400638e-01	1.438356e-01	
7.992498e-02	8.124973e-02	
1.199314e-01	1.207212e-01	
3.732413e-02	3.791583e-02	
3.891842e-02	3.988641e-02	
6.408559e-02	6.614529e-02	
3.708498e-02	3.723778e-02	
9.502778e-02	9.567099e-02	
3.028819e-02	3.024879e-02	
1.148108e-01	1.190247e-01	
5.883938e-02	6.315187e-02	
7.224177e-02	7.471356e-02	
1.342384e-01	1.369363e-01	
4.457974e-02	4.705479e-02	
1.384676e-01	1.401423e-01	
6.309224e-02	6.571282e-02	
7.619600e-02	7.888037e-02	
1.266082e-01	1.317794e-01	
1.446631e-01	1.488692e-01	
2.964622e-02	3.029677e-02	
3.493423e-02	3.534949e-02	
1.029613e-01	1.046598e-01	
8.734448e-02	8.998189e-02	
5.397732e-02	5.596409e-02	
3.005991e-02	3.149265e-02	
1.675191e-01	1.725300e-01	
6.093908e-02	6.419081e-02	
4.608856e-02	4.522110e-02	
9.112618e-02	9.547669e-02	
4.077778e-02	4.165665e-02	
1.053940e-01	1.060202e-01	
5.243911e-02	5.365250e-02	
4.100033e-02	4.140539e-02	
5.093777e-02	5.064997e-02	
4.509703e-02	4.522935e-02	
1.252105e-01	1.285418e-01	
2.480044e-02	2.570384e-02	
4.585662e-02	4.384737e-02	
8.939077e-02	9.076658e-02	
7.313134e-02	7.415899e-02	
3.617936e-02	3.704647e-02	
4.508142e-02	4.447778e-02	
8.364488e-02	8.544245e-02	
3.834697e-02	3.756294e-02	
9.100331e-02	9.476916e-02	
9.937520e-02	9.995025e-02	
3.172013e-02	3.148759e-02	
1.346263e-01	1.378115e-01	
6.599789e-02	6.646499e-02	
1.281479e-01	1.330409e-01	
1.971971e-02	1.938292e-02	
2.110800e-02	2.163894e-02	
6.326108e-02	6.262372e-02	
1.173074e-01	1.201907e-01	
8.767262e-02	9.107854e-02	
4.915038e-02	4.921122e-02	
4.170583e-02	4.155130e-02	
4.489610e-02	4.423406e-02	
8.336092e-02	8.479146e-02	
1.899343e-01	1.938518e-01	
6.534595e-02	6.840253e-02	
5.706599e-02	5.872781e-02	
6.761854e-02	6.786322e-02	
3.041325e-02	2.924139e-02	
1.044616e-01	1.080107e-01	
6.206895e-02	6.277884e-02	
5.290844e-02	5.324547e-02	
7.659845e-02	7.756252e-02	
1.540562e-01	1.601485e-01	
1.083088e-01	1.106574e-01	
4.591530e-02	4.952478e-02	
