3.646634e+03	3.641695e+03	3.641684e+03	
3.613829e+03	3.610772e+03	3.610762e+03	
3.627480e+03	3.620994e+03	3.620983e+03	
3.608954e+03	3.601823e+03	3.601813e+03	
3.643372e+03	3.640875e+03	3.640865e+03	
3.629025e+03	3.620882e+03	3.620871e+03	
3.601280e+03	3.593649e+03	3.593638e+03	
3.610461e+03	3.605574e+03	3.605563e+03	
3.619444e+03	3.613641e+03	3.613630e+03	
3.608725e+03	3.599567e+03	3.599556e+03	
3.617485e+03	3.607564e+03	3.607553e+03	
3.636857e+03	3.629829e+03	3.629819e+03	
3.638034e+03	3.628831e+03	3.628821e+03	
3.598467e+03	3.590669e+03	3.590658e+03	
3.636083e+03	3.632172e+03	3.632161e+03	
3.644369e+03	3.640711e+03	3.640700e+03	
3.585457e+03	3.577086e+03	3.577075e+03	
3.670613e+03	3.654064e+03	3.654053e+03	
3.637876e+03	3.627856e+03	3.627845e+03	
3.641259e+03	3.634783e+03	3.634772e+03	
3.607412e+03	3.602684e+03	3.602673e+03	
3.654276e+03	3.646793e+03	3.646782e+03	
3.614344e+03	3.606222e+03	3.606212e+03	
3.613699e+03	3.609892e+03	3.609882e+03	
3.627962e+03	3.623104e+03	3.623093e+03	
3.616001e+03	3.612116e+03	3.612105e+03	
3.598659e+03	3.592906e+03	3.592896e+03	
3.605728e+03	3.597196e+03	3.597186e+03	
3.614287e+03	3.609311e+03	3.609300e+03	
3.626927e+03	3.619891e+03	3.619880e+03	
3.613372e+03	3.606894e+03	3.606883e+03	
3.617566e+03	3.611176e+03	3.611165e+03	
3.614848e+03	3.608687e+03	3.608677e+03	
3.621344e+03	3.615994e+03	3.615984e+03	
3.620632e+03	3.617966e+03	3.617955e+03	
3.625520e+03	3.616744e+03	3.616734e+03	
3.628915e+03	3.621333e+03	3.621322e+03	
3.640049e+03	3.635776e+03	3.635765e+03	
3.579415e+03	3.567285e+03	3.567274e+03	
3.617275e+03	3.615433e+03	3.615422e+03	
3.629575e+03	3.624216e+03	3.624206e+03	
3.609736e+03	3.603101e+03	3.603090e+03	
3.618297e+03	3.613625e+03	3.613614e+03	
3.621923e+03	3.613150e+03	3.613139e+03	
3.600556e+03	3.593674e+03	3.593663e+03	
3.601240e+03	3.589887e+03	3.589877e+03	
3.622240e+03	3.611116e+03	3.611106e+03	
3.647172e+03	3.635744e+03	3.635733e+03	
3.623299e+03	3.617117e+03	3.617106e+03	
3.608779e+03	3.604711e+03	3.604700e+03	
3.632621e+03	3.626609e+03	3.626598e+03	
3.637940e+03	3.628883e+03	3.628872e+03	
3.633191e+03	3.629325e+03	3.629314e+03	
3.605727e+03	3.601010e+03	3.600999e+03	
3.607923e+03	3.596760e+03	3.596750e+03	
3.644916e+03	3.635338e+03	3.635328e+03	
3.609373e+03	3.603588e+03	3.603577e+03	
3.628041e+03	3.623379e+03	3.623369e+03	
3.629122e+03	3.623709e+03	3.623698e+03	
3.626982e+03	3.621524e+03	3.621513e+03	
3.620123e+03	3.614037e+03	3.614026e+03	
3.639129e+03	3.632840e+03	3.632829e+03	
3.626473e+03	3.616887e+03	3.616876e+03	
3.629290e+03	3.619149e+03	3.619138e+03	
3.612024e+03	3.604154e+03	3.604143e+03	
3.627172e+03	3.622096e+03	3.622086e+03	
3.633967e+03	3.626088e+03	3.626078e+03	
3.597803e+03	3.586519e+03	3.586508e+03	
3.619331e+03	3.614531e+03	3.614520e+03	
3.608057e+03	3.596611e+03	3.596600e+03	
3.638130e+03	3.633129e+03	3.633119e+03	
3.611219e+03	3.606028e+03	3.606017e+03	
3.618532e+03	3.613417e+03	3.613407e+03	
3.601037e+03	3.594935e+03	3.594925e+03	
3.606941e+03	3.598093e+03	3.598082e+03	
3.635229e+03	3.629630e+03	3.629619e+03	
3.648950e+03	3.644927e+03	3.644917e+03	
3.612863e+03	3.607346e+03	3.607336e+03	
3.616823e+03	3.608498e+03	3.608487e+03	
3.634059e+03	3.629174e+03	3.629163e+03	
3.630625e+03	3.620422e+03	3.620412e+03	
3.615139e+03	3.608042e+03	3.608032e+03	
3.639626e+03	3.635144e+03	3.635134e+03	
3.643173e+03	3.640392e+03	3.640382e+03	
3.599169e+03	3.591155e+03	3.591144e+03	
3.623993e+03	3.620829e+03	3.620818e+03	
3.633836e+03	3.624285e+03	3.624274e+03	
3.624378e+03	3.620914e+03	3.620903e+03	
3.631724e+03	3.628032e+03	3.628021e+03	
3.619802e+03	3.612443e+03	3.612432e+03	
3.632432e+03	3.630153e+03	3.630142e+03	
3.640689e+03	3.632746e+03	3.632735e+03	
3.636561e+03	3.626138e+03	3.626127e+03	
3.605323e+03	3.596006e+03	3.595995e+03	
3.606668e+03	3.601499e+03	3.601488e+03	
3.619542e+03	3.609797e+03	3.609787e+03	
3.629320e+03	3.625495e+03	3.625485e+03	
3.628306e+03	3.621728e+03	3.621717e+03	
3.640047e+03	3.632370e+03	3.632360e+03	
3.632125e+03	3.621500e+03	3.621489e+03	
3.626317e+03	3.618791e+03	3.618780e+03	
3.618655e+03	3.613556e+03	3.613545e+03	
3.613912e+03	3.609770e+03	3.609759e+03	
3.651246e+03	3.646279e+03	3.646269e+03	
3.658320e+03	3.650376e+03	3.650365e+03	
3.639335e+03	3.633517e+03	3.633506e+03	
3.660918e+03	3.643535e+03	3.643524e+03	
3.632807e+03	3.626693e+03	3.626682e+03	
3.594972e+03	3.586747e+03	3.586736e+03	
3.607937e+03	3.600066e+03	3.600055e+03	
3.627126e+03	3.617536e+03	3.617526e+03	
3.609313e+03	3.604575e+03	3.604565e+03	
3.605245e+03	3.599811e+03	3.599800e+03	
3.626648e+03	3.617076e+03	3.617065e+03	
3.624309e+03	3.615354e+03	3.615343e+03	
3.630496e+03	3.625569e+03	3.625558e+03	
3.630675e+03	3.629083e+03	3.629072e+03	
3.587634e+03	3.580014e+03	3.580004e+03	
3.640923e+03	3.632797e+03	3.632787e+03	
3.645273e+03	3.636521e+03	3.636511e+03	
3.656051e+03	3.648087e+03	3.648076e+03	
3.653793e+03	3.648016e+03	3.648005e+03	
3.609606e+03	3.606635e+03	3.606624e+03	
3.610745e+03	3.599471e+03	3.599460e+03	
3.617173e+03	3.613037e+03	3.613026e+03	
3.620504e+03	3.617141e+03	3.617130e+03	
3.644642e+03	3.639328e+03	3.639317e+03	
3.615193e+03	3.607665e+03	3.607654e+03	
3.609637e+03	3.599951e+03	3.599940e+03	
3.611280e+03	3.605153e+03	3.605143e+03	
3.640837e+03	3.637619e+03	3.637609e+03	
3.646993e+03	3.639018e+03	3.639007e+03	
3.640107e+03	3.630190e+03	3.630179e+03	
3.605026e+03	3.600004e+03	3.599993e+03	
3.642853e+03	3.637309e+03	3.637298e+03	
3.623281e+03	3.620274e+03	3.620263e+03	
3.634354e+03	3.631458e+03	3.631447e+03	
3.602980e+03	3.598388e+03	3.598377e+03	
3.645308e+03	3.633712e+03	3.633701e+03	
3.622611e+03	3.615974e+03	3.615963e+03	
3.622859e+03	3.618404e+03	3.618393e+03	
3.637725e+03	3.623938e+03	3.623928e+03	
3.634668e+03	3.629089e+03	3.629078e+03	
3.641323e+03	3.637933e+03	3.637922e+03	
3.582370e+03	3.565660e+03	3.565649e+03	
3.629344e+03	3.626661e+03	3.626650e+03	
3.599262e+03	3.588526e+03	3.588516e+03	
3.645225e+03	3.642986e+03	3.642975e+03	
3.619945e+03	3.618620e+03	3.618609e+03	
3.615831e+03	3.612835e+03	3.612824e+03	
3.631368e+03	3.619924e+03	3.619914e+03	
3.592226e+03	3.584249e+03	3.584238e+03	
3.595002e+03	3.587900e+03	3.587890e+03	
3.642086e+03	3.631840e+03	3.631830e+03	
3.615744e+03	3.607788e+03	3.607777e+03	
3.607158e+03	3.597727e+03	3.597716e+03	
3.632971e+03	3.627575e+03	3.627564e+03	
3.617843e+03	3.611704e+03	3.611693e+03	
3.647820e+03	3.641001e+03	3.640990e+03	
3.634804e+03	3.629163e+03	3.629153e+03	
3.638992e+03	3.635009e+03	3.634998e+03	
3.605213e+03	3.597150e+03	3.597139e+03	
3.596418e+03	3.590471e+03	3.590460e+03	
3.617984e+03	3.609381e+03	3.609370e+03	
3.635074e+03	3.631659e+03	3.631648e+03	
3.645866e+03	3.640120e+03	3.640109e+03	
3.614262e+03	3.605262e+03	3.605251e+03	
3.588630e+03	3.576694e+03	3.576684e+03	
3.615214e+03	3.611673e+03	3.611662e+03	
3.621374e+03	3.611925e+03	3.611914e+03	
3.621862e+03	3.612233e+03	3.612222e+03	
3.649362e+03	3.641491e+03	3.641480e+03	
3.626932e+03	3.624191e+03	3.624180e+03	
3.603631e+03	3.598349e+03	3.598338e+03	
3.621903e+03	3.614964e+03	3.614953e+03	
3.594333e+03	3.589573e+03	3.589562e+03	
3.637842e+03	3.631146e+03	3.631135e+03	
3.618368e+03	3.611993e+03	3.611982e+03	
3.620169e+03	3.616844e+03	3.616834e+03	
3.612755e+03	3.608245e+03	3.608234e+03	
3.624613e+03	3.619577e+03	3.619566e+03	
3.606786e+03	3.599523e+03	3.599512e+03	
3.609079e+03	3.602687e+03	3.602676e+03	
3.625370e+03	3.616430e+03	3.616419e+03	
3.625361e+03	3.622852e+03	3.622841e+03	
3.656685e+03	3.651772e+03	3.651761e+03	
3.624496e+03	3.621083e+03	3.621073e+03	
3.627992e+03	3.623502e+03	3.623492e+03	
3.624831e+03	3.621742e+03	3.621731e+03	
3.608876e+03	3.601896e+03	3.601885e+03	
3.610306e+03	3.604550e+03	3.604539e+03	
3.645535e+03	3.638097e+03	3.638086e+03	
3.609225e+03	3.605322e+03	3.605311e+03	
3.610968e+03	3.604319e+03	3.604308e+03	
3.647300e+03	3.637676e+03	3.637665e+03	
3.588396e+03	3.579218e+03	3.579208e+03	
3.588740e+03	3.581388e+03	3.581377e+03	
3.585885e+03	3.574776e+03	3.574765e+03	
3.635199e+03	3.628297e+03	3.628286e+03	
3.592947e+03	3.589021e+03	3.589010e+03	
3.604285e+03	3.595302e+03	3.595291e+03	
3.605877e+03	3.598173e+03	3.598162e+03	
3.613277e+03	3.605621e+03	3.605610e+03	
3.629592e+03	3.624471e+03	3.624460e+03	
3.631246e+03	3.623344e+03	3.623333e+03	
3.658087e+03	3.650361e+03	3.650350e+03	
3.625143e+03	3.612727e+03	3.612716e+03	
3.630178e+03	3.625752e+03	3.625741e+03	
3.614659e+03	3.609774e+03	3.609763e+03	
3.633634e+03	3.627026e+03	3.627015e+03	
3.626091e+03	3.619104e+03	3.619093e+03	
3.606098e+03	3.597544e+03	3.597533e+03	
3.654821e+03	3.649519e+03	3.649508e+03	
3.621648e+03	3.613593e+03	3.613582e+03	
3.628246e+03	3.619760e+03	3.619749e+03	
3.605903e+03	3.595328e+03	3.595317e+03	
3.635080e+03	3.631831e+03	3.631820e+03	
3.615354e+03	3.604689e+03	3.604678e+03	
3.641449e+03	3.638449e+03	3.638438e+03	
3.614178e+03	3.611081e+03	3.611071e+03	
3.609869e+03	3.602604e+03	3.602593e+03	
3.593299e+03	3.587976e+03	3.587965e+03	
3.655930e+03	3.645168e+03	3.645157e+03	
3.644405e+03	3.635010e+03	3.634999e+03	
3.620885e+03	3.618918e+03	3.618907e+03	
3.629531e+03	3.624999e+03	3.624988e+03	
3.620976e+03	3.618280e+03	3.618270e+03	
3.646067e+03	3.643012e+03	3.643001e+03	
3.630752e+03	3.627114e+03	3.627103e+03	
3.620187e+03	3.615949e+03	3.615939e+03	
3.618985e+03	3.613434e+03	3.613423e+03	
3.645439e+03	3.637244e+03	3.637234e+03	
3.644285e+03	3.635954e+03	3.635943e+03	
3.621048e+03	3.615910e+03	3.615900e+03	
3.619046e+03	3.611504e+03	3.611493e+03	
3.645287e+03	3.641891e+03	3.641881e+03	
3.631161e+03	3.625956e+03	3.625945e+03	
3.640982e+03	3.634697e+03	3.634687e+03	
3.645728e+03	3.642419e+03	3.642408e+03	
3.644640e+03	3.636274e+03	3.636263e+03	
3.628193e+03	3.625445e+03	3.625434e+03	
3.658829e+03	3.645370e+03	3.645360e+03	
3.635438e+03	3.632622e+03	3.632612e+03	
3.614836e+03	3.612229e+03	3.612219e+03	
3.605774e+03	3.601938e+03	3.601927e+03	
3.618049e+03	3.612494e+03	3.612483e+03	
3.618736e+03	3.610569e+03	3.610558e+03	
3.626094e+03	3.623472e+03	3.623462e+03	
3.625317e+03	3.620514e+03	3.620504e+03	
3.615454e+03	3.606529e+03	3.606518e+03	
3.633860e+03	3.633010e+03	3.632999e+03	
3.610932e+03	3.604312e+03	3.604301e+03	
3.629620e+03	3.621385e+03	3.621374e+03	
3.665490e+03	3.654305e+03	3.654294e+03	
3.587113e+03	3.578504e+03	3.578493e+03	
3.639739e+03	3.631620e+03	3.631609e+03	
3.608117e+03	3.602560e+03	3.602549e+03	
3.637678e+03	3.629357e+03	3.629346e+03	
3.594550e+03	3.583552e+03	3.583542e+03	
3.638346e+03	3.630809e+03	3.630798e+03	
3.616596e+03	3.609941e+03	3.609931e+03	
3.614499e+03	3.613552e+03	3.613541e+03	
3.628539e+03	3.621431e+03	3.621421e+03	
3.663586e+03	3.656757e+03	3.656746e+03	
3.603747e+03	3.596090e+03	3.596079e+03	
3.600678e+03	3.595222e+03	3.595211e+03	
3.656487e+03	3.650936e+03	3.650926e+03	
3.616954e+03	3.610559e+03	3.610548e+03	
3.623777e+03	3.620307e+03	3.620297e+03	
3.597363e+03	3.591127e+03	3.591116e+03	
3.638742e+03	3.633123e+03	3.633112e+03	
3.605013e+03	3.596282e+03	3.596271e+03	
3.616669e+03	3.611145e+03	3.611135e+03	
3.634356e+03	3.630705e+03	3.630694e+03	
3.620044e+03	3.615707e+03	3.615696e+03	
3.643372e+03	3.637733e+03	3.637722e+03	
3.606278e+03	3.600160e+03	3.600149e+03	
3.592135e+03	3.584269e+03	3.584258e+03	
3.627744e+03	3.626638e+03	3.626627e+03	
3.633496e+03	3.620065e+03	3.620054e+03	
3.605887e+03	3.590136e+03	3.590125e+03	
3.638066e+03	3.630056e+03	3.630046e+03	
3.646342e+03	3.638269e+03	3.638258e+03	
3.587598e+03	3.574045e+03	3.574034e+03	
3.628346e+03	3.622694e+03	3.622684e+03	
3.629092e+03	3.617447e+03	3.617436e+03	
3.600311e+03	3.594763e+03	3.594752e+03	
3.621666e+03	3.613962e+03	3.613951e+03	
3.607869e+03	3.594140e+03	3.594129e+03	
3.616886e+03	3.609338e+03	3.609327e+03	
3.608436e+03	3.597536e+03	3.597525e+03	
3.625199e+03	3.615168e+03	3.615157e+03	
3.620731e+03	3.614323e+03	3.614312e+03	
3.584423e+03	3.578205e+03	3.578194e+03	
3.614021e+03	3.605413e+03	3.605402e+03	
3.643311e+03	3.632448e+03	3.632437e+03	
3.647884e+03	3.643486e+03	3.643475e+03	
3.623793e+03	3.616858e+03	3.616848e+03	
3.662214e+03	3.653626e+03	3.653616e+03	
3.627914e+03	3.626835e+03	3.626824e+03	
3.633654e+03	3.629724e+03	3.629713e+03	
3.626120e+03	3.623842e+03	3.623831e+03	
3.616385e+03	3.611713e+03	3.611702e+03	
3.600888e+03	3.588889e+03	3.588879e+03	
3.607972e+03	3.602084e+03	3.602073e+03	
3.627311e+03	3.620440e+03	3.620430e+03	
3.607833e+03	3.605193e+03	3.605182e+03	
3.611338e+03	3.606504e+03	3.606493e+03	
3.615760e+03	3.611820e+03	3.611810e+03	
3.629483e+03	3.623503e+03	3.623492e+03	
3.597455e+03	3.592532e+03	3.592521e+03	
3.614012e+03	3.608188e+03	3.608177e+03	
3.654203e+03	3.642722e+03	3.642711e+03	
3.598471e+03	3.591996e+03	3.591985e+03	
3.627580e+03	3.619934e+03	3.619923e+03	
3.624546e+03	3.620166e+03	3.620155e+03	
3.644280e+03	3.625239e+03	3.625228e+03	
3.615824e+03	3.610678e+03	3.610667e+03	
3.622321e+03	3.617049e+03	3.617039e+03	
3.617302e+03	3.610185e+03	3.610175e+03	
3.638892e+03	3.634103e+03	3.634092e+03	
3.631362e+03	3.622286e+03	3.622276e+03	
3.606852e+03	3.594835e+03	3.594825e+03	
3.604220e+03	3.593005e+03	3.592994e+03	
3.606298e+03	3.599069e+03	3.599058e+03	
3.627433e+03	3.623943e+03	3.623933e+03	
3.636190e+03	3.628610e+03	3.628600e+03	
3.603276e+03	3.599511e+03	3.599501e+03	
3.624043e+03	3.616637e+03	3.616626e+03	
3.602444e+03	3.594527e+03	3.594516e+03	
3.626771e+03	3.622905e+03	3.622894e+03	
3.631879e+03	3.628069e+03	3.628058e+03	
3.646989e+03	3.642388e+03	3.642377e+03	
3.650840e+03	3.645463e+03	3.645452e+03	
3.628116e+03	3.624313e+03	3.624302e+03	
3.624961e+03	3.620223e+03	3.620212e+03	
3.631216e+03	3.625887e+03	3.625876e+03	
3.613514e+03	3.610266e+03	3.610255e+03	
3.628922e+03	3.620254e+03	3.620243e+03	
3.603069e+03	3.598418e+03	3.598407e+03	
3.653901e+03	3.651057e+03	3.651046e+03	
3.636572e+03	3.634314e+03	3.634304e+03	
3.606604e+03	3.593868e+03	3.593857e+03	
3.626584e+03	3.622390e+03	3.622380e+03	
3.609583e+03	3.601963e+03	3.601952e+03	
3.599983e+03	3.593897e+03	3.593887e+03	
3.619147e+03	3.613665e+03	3.613654e+03	
3.621591e+03	3.617591e+03	3.617580e+03	
3.644156e+03	3.629250e+03	3.629239e+03	
3.610746e+03	3.594094e+03	3.594083e+03	
3.614765e+03	3.612513e+03	3.612502e+03	
3.605914e+03	3.600155e+03	3.600144e+03	
3.620626e+03	3.614213e+03	3.614202e+03	
3.600323e+03	3.593895e+03	3.593884e+03	
3.625368e+03	3.617186e+03	3.617175e+03	
3.660021e+03	3.645693e+03	3.645682e+03	
3.629259e+03	3.625883e+03	3.625872e+03	
3.608369e+03	3.603037e+03	3.603027e+03	
3.669109e+03	3.659277e+03	3.659266e+03	
3.652984e+03	3.646824e+03	3.646813e+03	
3.630935e+03	3.626297e+03	3.626286e+03	
3.630112e+03	3.617729e+03	3.617718e+03	
3.641553e+03	3.636426e+03	3.636415e+03	
3.642711e+03	3.639350e+03	3.639339e+03	
3.647652e+03	3.640921e+03	3.640910e+03	
3.626310e+03	3.618233e+03	3.618222e+03	
3.668459e+03	3.658088e+03	3.658077e+03	
3.650095e+03	3.641554e+03	3.641543e+03	
3.609321e+03	3.602359e+03	3.602348e+03	
3.655301e+03	3.649391e+03	3.649380e+03	
3.601763e+03	3.596832e+03	3.596821e+03	
3.618205e+03	3.613234e+03	3.613224e+03	
3.617128e+03	3.612071e+03	3.612061e+03	
3.634252e+03	3.624640e+03	3.624629e+03	
3.618624e+03	3.610999e+03	3.610989e+03	
3.606423e+03	3.599755e+03	3.599744e+03	
3.601611e+03	3.589594e+03	3.589583e+03	
3.641040e+03	3.635339e+03	3.635329e+03	
3.619236e+03	3.612700e+03	3.612690e+03	
3.615644e+03	3.610119e+03	3.610109e+03	
3.618964e+03	3.611559e+03	3.611548e+03	
3.627150e+03	3.624280e+03	3.624269e+03	
3.654600e+03	3.647166e+03	3.647155e+03	
3.634283e+03	3.626192e+03	3.626182e+03	
3.619919e+03	3.613457e+03	3.613446e+03	
3.629954e+03	3.620392e+03	3.620381e+03	
3.613020e+03	3.609080e+03	3.609069e+03	
3.594658e+03	3.585449e+03	3.585438e+03	
3.612538e+03	3.603395e+03	3.603384e+03	
3.615862e+03	3.610428e+03	3.610417e+03	
3.645149e+03	3.639632e+03	3.639621e+03	
3.585893e+03	3.577463e+03	3.577452e+03	
3.673586e+03	3.661930e+03	3.661919e+03	
3.625995e+03	3.619439e+03	3.619428e+03	
3.602926e+03	3.592060e+03	3.592049e+03	
3.604406e+03	3.593814e+03	3.593803e+03	
3.608957e+03	3.600502e+03	3.600492e+03	
3.616508e+03	3.608707e+03	3.608696e+03	
3.608409e+03	3.602895e+03	3.602884e+03	
3.586058e+03	3.580682e+03	3.580671e+03	
3.626870e+03	3.623596e+03	3.623585e+03	
3.627971e+03	3.614342e+03	3.614332e+03	
3.615752e+03	3.607156e+03	3.607145e+03	
3.651594e+03	3.643015e+03	3.643004e+03	
3.610733e+03	3.604965e+03	3.604954e+03	
3.631539e+03	3.624480e+03	3.624470e+03	
3.655997e+03	3.648786e+03	3.648776e+03	
3.632572e+03	3.626126e+03	3.626115e+03	
3.624533e+03	3.618151e+03	3.618140e+03	
3.624022e+03	3.618346e+03	3.618335e+03	
3.601494e+03	3.595177e+03	3.595166e+03	
3.627885e+03	3.621964e+03	3.621953e+03	
3.633001e+03	3.620933e+03	3.620922e+03	
3.666644e+03	3.654891e+03	3.654881e+03	
3.622620e+03	3.608734e+03	3.608723e+03	
3.636671e+03	3.633235e+03	3.633224e+03	
3.636016e+03	3.626327e+03	3.626317e+03	
3.606659e+03	3.598683e+03	3.598672e+03	
3.617496e+03	3.611532e+03	3.611521e+03	
3.643888e+03	3.636866e+03	3.636855e+03	
3.616665e+03	3.612310e+03	3.612299e+03	
3.599829e+03	3.596107e+03	3.596096e+03	
3.614829e+03	3.609689e+03	3.609678e+03	
3.639516e+03	3.632321e+03	3.632310e+03	
3.613082e+03	3.606559e+03	3.606548e+03	
3.617489e+03	3.610700e+03	3.610690e+03	
3.606599e+03	3.601971e+03	3.601961e+03	
3.636948e+03	3.633475e+03	3.633464e+03	
3.620365e+03	3.614370e+03	3.614360e+03	
3.621476e+03	3.614763e+03	3.614752e+03	
3.599840e+03	3.587093e+03	3.587083e+03	
3.634798e+03	3.628118e+03	3.628108e+03	
3.599899e+03	3.595546e+03	3.595535e+03	
3.625421e+03	3.623962e+03	3.623952e+03	
3.681952e+03	3.671927e+03	3.671916e+03	
3.617471e+03	3.610016e+03	3.610005e+03	
3.633422e+03	3.631356e+03	3.631346e+03	
3.605561e+03	3.601079e+03	3.601068e+03	
3.647696e+03	3.644034e+03	3.644024e+03	
3.628052e+03	3.622693e+03	3.622682e+03	
3.636563e+03	3.627861e+03	3.627850e+03	
3.611043e+03	3.605665e+03	3.605654e+03	
3.593475e+03	3.586546e+03	3.586536e+03	
3.615608e+03	3.611563e+03	3.611552e+03	
3.600184e+03	3.593514e+03	3.593503e+03	
3.633788e+03	3.631538e+03	3.631527e+03	
3.636397e+03	3.623247e+03	3.623236e+03	
3.629718e+03	3.626060e+03	3.626049e+03	
3.636847e+03	3.631067e+03	3.631056e+03	
3.624104e+03	3.619682e+03	3.619671e+03	
3.656410e+03	3.649245e+03	3.649235e+03	
3.630898e+03	3.623947e+03	3.623936e+03	
3.625146e+03	3.622983e+03	3.622972e+03	
3.643929e+03	3.632771e+03	3.632760e+03	
3.624117e+03	3.618121e+03	3.618110e+03	
3.637800e+03	3.629219e+03	3.629208e+03	
3.621920e+03	3.618971e+03	3.618960e+03	
3.613454e+03	3.607406e+03	3.607396e+03	
3.632526e+03	3.628332e+03	3.628321e+03	
3.624412e+03	3.618872e+03	3.618861e+03	
3.616010e+03	3.613508e+03	3.613497e+03	
3.595108e+03	3.588607e+03	3.588597e+03	
3.595443e+03	3.587936e+03	3.587925e+03	
3.604765e+03	3.600114e+03	3.600103e+03	
3.611001e+03	3.607623e+03	3.607612e+03	
3.600756e+03	3.588719e+03	3.588708e+03	
3.607017e+03	3.600505e+03	3.600494e+03	
3.607344e+03	3.602563e+03	3.602552e+03	
3.633774e+03	3.631077e+03	3.631066e+03	
3.605732e+03	3.597791e+03	3.597780e+03	
3.644187e+03	3.638203e+03	3.638192e+03	
3.608026e+03	3.603567e+03	3.603556e+03	
3.625666e+03	3.622628e+03	3.622618e+03	
3.603280e+03	3.599477e+03	3.599466e+03	
3.635431e+03	3.626058e+03	3.626047e+03	
3.602386e+03	3.597407e+03	3.597396e+03	
3.601396e+03	3.594059e+03	3.594048e+03	
3.592975e+03	3.584949e+03	3.584938e+03	
3.646478e+03	3.642833e+03	3.642822e+03	
3.618597e+03	3.613948e+03	3.613937e+03	
3.628147e+03	3.624287e+03	3.624276e+03	
3.655599e+03	3.643852e+03	3.643841e+03	
3.623943e+03	3.618587e+03	3.618576e+03	
3.643185e+03	3.635686e+03	3.635676e+03	
3.620171e+03	3.617354e+03	3.617343e+03	
3.601909e+03	3.597738e+03	3.597728e+03	
3.616924e+03	3.613846e+03	3.613835e+03	
3.645674e+03	3.641281e+03	3.641270e+03	
3.618526e+03	3.613249e+03	3.613238e+03	
3.628187e+03	3.624852e+03	3.624841e+03	
3.612202e+03	3.610592e+03	3.610582e+03	
3.613374e+03	3.597424e+03	3.597413e+03	
3.598833e+03	3.593354e+03	3.593343e+03	
3.626024e+03	3.616479e+03	3.616468e+03	
3.634577e+03	3.631589e+03	3.631578e+03	
3.653994e+03	3.645849e+03	3.645838e+03	
3.625732e+03	3.619869e+03	3.619859e+03	
3.624242e+03	3.621858e+03	3.621847e+03	
3.618171e+03	3.610174e+03	3.610164e+03	
3.629455e+03	3.614869e+03	3.614858e+03	
3.631409e+03	3.622362e+03	3.622351e+03	
3.643368e+03	3.637011e+03	3.637000e+03	
3.614678e+03	3.610100e+03	3.610089e+03	
3.633574e+03	3.618366e+03	3.618355e+03	
3.646225e+03	3.642289e+03	3.642278e+03	
3.622834e+03	3.615572e+03	3.615561e+03	
3.576963e+03	3.559404e+03	3.559394e+03	
3.647258e+03	3.638890e+03	3.638879e+03	
3.617000e+03	3.612657e+03	3.612646e+03	
3.608946e+03	3.603692e+03	3.603681e+03	
3.635645e+03	3.625301e+03	3.625290e+03	
3.635650e+03	3.632184e+03	3.632174e+03	
3.631833e+03	3.625020e+03	3.625009e+03	
3.632625e+03	3.629558e+03	3.629547e+03	
3.630492e+03	3.624482e+03	3.624471e+03	
3.610714e+03	3.605912e+03	3.605901e+03	
3.607900e+03	3.602677e+03	3.602666e+03	
3.621385e+03	3.613491e+03	3.613480e+03	
3.606182e+03	3.597798e+03	3.597787e+03	
3.595094e+03	3.586987e+03	3.586976e+03	
3.610700e+03	3.602943e+03	3.602932e+03	
3.621303e+03	3.616679e+03	3.616668e+03	
3.606063e+03	3.600054e+03	3.600044e+03	
3.620405e+03	3.616921e+03	3.616910e+03	
3.612760e+03	3.609786e+03	3.609775e+03	
3.649117e+03	3.634206e+03	3.634195e+03	
3.610466e+03	3.604925e+03	3.604914e+03	
3.609903e+03	3.605838e+03	3.605828e+03	
3.602094e+03	3.596270e+03	3.596259e+03	
3.613540e+03	3.610694e+03	3.610683e+03	
3.631699e+03	3.628990e+03	3.628979e+03	
3.644334e+03	3.639431e+03	3.639420e+03	
3.592208e+03	3.584878e+03	3.584867e+03	
3.623014e+03	3.617928e+03	3.617917e+03	
3.613266e+03	3.607805e+03	3.607795e+03	
3.643967e+03	3.637541e+03	3.637530e+03	
3.621106e+03	3.619231e+03	3.619220e+03	
3.628254e+03	3.616858e+03	3.616847e+03	
3.621585e+03	3.617827e+03	3.617817e+03	
3.647545e+03	3.635371e+03	3.635360e+03	
3.647930e+03	3.636999e+03	3.636988e+03	
3.616373e+03	3.614079e+03	3.614068e+03	
3.658366e+03	3.645011e+03	3.645000e+03	
3.616579e+03	3.609366e+03	3.609355e+03	
3.625464e+03	3.624735e+03	3.624724e+03	
3.656321e+03	3.648963e+03	3.648952e+03	
3.615552e+03	3.612695e+03	3.612684e+03	
3.641304e+03	3.625058e+03	3.625047e+03	
3.624174e+03	3.618206e+03	3.618195e+03	
3.622553e+03	3.617728e+03	3.617717e+03	
3.637296e+03	3.631715e+03	3.631704e+03	
3.596270e+03	3.585769e+03	3.585758e+03	
3.622127e+03	3.614296e+03	3.614285e+03	
3.625500e+03	3.617861e+03	3.617850e+03	
3.619800e+03	3.614383e+03	3.614372e+03	
3.641226e+03	3.635735e+03	3.635724e+03	
3.618353e+03	3.616587e+03	3.616577e+03	
3.613542e+03	3.608687e+03	3.608677e+03	
3.651661e+03	3.647177e+03	3.647167e+03	
3.635936e+03	3.628315e+03	3.628304e+03	
3.646731e+03	3.640308e+03	3.640297e+03	
3.596364e+03	3.588259e+03	3.588248e+03	
3.611840e+03	3.608770e+03	3.608759e+03	
3.597696e+03	3.590324e+03	3.590313e+03	
3.599233e+03	3.590711e+03	3.590700e+03	
3.603032e+03	3.593166e+03	3.593156e+03	
3.626330e+03	3.619812e+03	3.619802e+03	
3.619445e+03	3.611819e+03	3.611808e+03	
3.625055e+03	3.620902e+03	3.620892e+03	
3.600754e+03	3.591359e+03	3.591348e+03	
3.612645e+03	3.601545e+03	3.601534e+03	
3.646047e+03	3.642633e+03	3.642623e+03	
3.614239e+03	3.609863e+03	3.609852e+03	
3.628203e+03	3.616455e+03	3.616444e+03	
3.608931e+03	3.603616e+03	3.603605e+03	
3.637258e+03	3.624252e+03	3.624241e+03	
3.636258e+03	3.633620e+03	3.633609e+03	
3.600914e+03	3.595021e+03	3.595010e+03	
3.631594e+03	3.629141e+03	3.629130e+03	
3.638558e+03	3.633923e+03	3.633912e+03	
3.646304e+03	3.637321e+03	3.637310e+03	
3.636664e+03	3.628905e+03	3.628894e+03	
3.610015e+03	3.602358e+03	3.602347e+03	
3.606538e+03	3.600772e+03	3.600761e+03	
3.614228e+03	3.608468e+03	3.608457e+03	
3.679603e+03	3.666050e+03	3.666039e+03	
3.583978e+03	3.573226e+03	3.573215e+03	
3.601757e+03	3.594839e+03	3.594828e+03	
3.630723e+03	3.626269e+03	3.626258e+03	
3.603856e+03	3.596070e+03	3.596059e+03	
3.635508e+03	3.632392e+03	3.632381e+03	
3.615899e+03	3.605406e+03	3.605395e+03	
3.643860e+03	3.637289e+03	3.637278e+03	
3.629768e+03	3.622743e+03	3.622732e+03	
3.614775e+03	3.606435e+03	3.606424e+03	
3.605800e+03	3.600764e+03	3.600754e+03	
3.631290e+03	3.625178e+03	3.625167e+03	
3.643596e+03	3.638365e+03	3.638355e+03	
3.614319e+03	3.608890e+03	3.608879e+03	
3.620129e+03	3.616575e+03	3.616564e+03	
3.634940e+03	3.622215e+03	3.622204e+03	
3.635073e+03	3.632107e+03	3.632097e+03	
3.648142e+03	3.638143e+03	3.638132e+03	
3.623870e+03	3.620604e+03	3.620593e+03	
3.637731e+03	3.631419e+03	3.631408e+03	
3.618348e+03	3.615860e+03	3.615849e+03	
3.633753e+03	3.627574e+03	3.627563e+03	
3.619011e+03	3.612399e+03	3.612388e+03	
3.624933e+03	3.614719e+03	3.614708e+03	
3.605533e+03	3.600729e+03	3.600718e+03	
3.641495e+03	3.636488e+03	3.636477e+03	
3.632627e+03	3.625779e+03	3.625768e+03	
3.598248e+03	3.592243e+03	3.592233e+03	
3.631814e+03	3.628803e+03	3.628792e+03	
3.599880e+03	3.593111e+03	3.593100e+03	
3.628527e+03	3.623174e+03	3.623163e+03	
3.611920e+03	3.606755e+03	3.606744e+03	
3.630144e+03	3.626866e+03	3.626855e+03	
3.632594e+03	3.627662e+03	3.627651e+03	
3.635972e+03	3.633068e+03	3.633057e+03	
3.652943e+03	3.647946e+03	3.647935e+03	
3.607289e+03	3.593042e+03	3.593031e+03	
3.613240e+03	3.603096e+03	3.603085e+03	
3.630068e+03	3.618567e+03	3.618557e+03	
3.637018e+03	3.625446e+03	3.625435e+03	
3.623622e+03	3.620205e+03	3.620195e+03	
3.651812e+03	3.646026e+03	3.646015e+03	
3.641141e+03	3.626371e+03	3.626360e+03	
3.598372e+03	3.592381e+03	3.592370e+03	
3.625794e+03	3.618539e+03	3.618528e+03	
3.604929e+03	3.600667e+03	3.600656e+03	
3.636860e+03	3.632924e+03	3.632914e+03	
3.632941e+03	3.627183e+03	3.627173e+03	
3.614389e+03	3.606662e+03	3.606651e+03	
3.629761e+03	3.627617e+03	3.627606e+03	
3.597156e+03	3.592856e+03	3.592845e+03	
3.633052e+03	3.626409e+03	3.626398e+03	
3.584635e+03	3.573615e+03	3.573605e+03	
3.626133e+03	3.614486e+03	3.614475e+03	
3.656142e+03	3.645645e+03	3.645634e+03	
3.608786e+03	3.600438e+03	3.600427e+03	
3.607753e+03	3.598518e+03	3.598507e+03	
3.624665e+03	3.620068e+03	3.620057e+03	
3.610317e+03	3.604007e+03	3.603996e+03	
3.613994e+03	3.609850e+03	3.609839e+03	
3.618767e+03	3.608155e+03	3.608144e+03	
3.605510e+03	3.602818e+03	3.602807e+03	
3.640045e+03	3.632873e+03	3.632863e+03	
3.634021e+03	3.627114e+03	3.627103e+03	
3.648230e+03	3.644369e+03	3.644359e+03	
3.638913e+03	3.631807e+03	3.631797e+03	
3.652520e+03	3.640713e+03	3.640702e+03	
3.593444e+03	3.588436e+03	3.588426e+03	
3.599523e+03	3.589996e+03	3.589985e+03	
3.630036e+03	3.624845e+03	3.624834e+03	
3.615677e+03	3.607529e+03	3.607518e+03	
3.599146e+03	3.596561e+03	3.596551e+03	
3.615316e+03	3.605576e+03	3.605566e+03	
3.616170e+03	3.609081e+03	3.609070e+03	
3.596599e+03	3.592102e+03	3.592091e+03	
3.635934e+03	3.631367e+03	3.631357e+03	
3.630647e+03	3.622819e+03	3.622809e+03	
3.635235e+03	3.623631e+03	3.623620e+03	
3.622906e+03	3.611844e+03	3.611833e+03	
3.615589e+03	3.607037e+03	3.607026e+03	
3.638801e+03	3.635204e+03	3.635193e+03	
3.650655e+03	3.646645e+03	3.646635e+03	
3.647357e+03	3.640668e+03	3.640657e+03	
3.619450e+03	3.609861e+03	3.609851e+03	
3.615325e+03	3.609500e+03	3.609489e+03	
3.601462e+03	3.595195e+03	3.595184e+03	
3.607842e+03	3.603625e+03	3.603615e+03	
3.603447e+03	3.594966e+03	3.594956e+03	
3.627881e+03	3.615419e+03	3.615408e+03	
3.608615e+03	3.599941e+03	3.599930e+03	
3.609177e+03	3.601165e+03	3.601155e+03	
3.633711e+03	3.629126e+03	3.629115e+03	
3.613677e+03	3.598667e+03	3.598656e+03	
3.626287e+03	3.618761e+03	3.618750e+03	
3.624008e+03	3.617453e+03	3.617443e+03	
3.618004e+03	3.603077e+03	3.603066e+03	
3.647584e+03	3.639568e+03	3.639557e+03	
3.603190e+03	3.596891e+03	3.596880e+03	
3.613547e+03	3.599802e+03	3.599791e+03	
3.620841e+03	3.611874e+03	3.611863e+03	
3.607197e+03	3.594822e+03	3.594811e+03	
3.605360e+03	3.600333e+03	3.600322e+03	
3.626895e+03	3.622055e+03	3.622044e+03	
3.612400e+03	3.604088e+03	3.604077e+03	
3.589849e+03	3.581970e+03	3.581960e+03	
3.595833e+03	3.587723e+03	3.587712e+03	
3.645141e+03	3.642940e+03	3.642929e+03	
3.624372e+03	3.621502e+03	3.621491e+03	
3.612085e+03	3.603069e+03	3.603058e+03	
3.615577e+03	3.608695e+03	3.608684e+03	
3.589900e+03	3.584125e+03	3.584114e+03	
3.677645e+03	3.665461e+03	3.665450e+03	
3.588843e+03	3.571550e+03	3.571539e+03	
3.646909e+03	3.639163e+03	3.639152e+03	
3.599135e+03	3.590960e+03	3.590949e+03	
3.643182e+03	3.634157e+03	3.634146e+03	
3.607224e+03	3.602453e+03	3.602442e+03	
3.612563e+03	3.600868e+03	3.600857e+03	
3.632171e+03	3.626002e+03	3.625991e+03	
3.629856e+03	3.625855e+03	3.625844e+03	
3.604914e+03	3.598891e+03	3.598880e+03	
3.623690e+03	3.618701e+03	3.618690e+03	
3.627798e+03	3.624746e+03	3.624735e+03	
3.647451e+03	3.631941e+03	3.631930e+03	
3.594695e+03	3.584097e+03	3.584086e+03	
3.612889e+03	3.608654e+03	3.608643e+03	
3.624342e+03	3.616494e+03	3.616483e+03	
3.615878e+03	3.609956e+03	3.609945e+03	
3.605641e+03	3.599106e+03	3.599095e+03	
3.623702e+03	3.621224e+03	3.621213e+03	
3.590630e+03	3.581133e+03	3.581122e+03	
3.611128e+03	3.597959e+03	3.597948e+03	
3.630183e+03	3.625226e+03	3.625215e+03	
3.601354e+03	3.592168e+03	3.592157e+03	
3.611840e+03	3.601119e+03	3.601108e+03	
3.631063e+03	3.627149e+03	3.627138e+03	
3.616084e+03	3.613961e+03	3.613950e+03	
3.632046e+03	3.629262e+03	3.629251e+03	
3.630014e+03	3.616632e+03	3.616621e+03	
3.626399e+03	3.623712e+03	3.623702e+03	
3.640289e+03	3.634335e+03	3.634324e+03	
3.633174e+03	3.611477e+03	3.611466e+03	
3.609312e+03	3.603762e+03	3.603751e+03	
3.633306e+03	3.627263e+03	3.627252e+03	
3.623231e+03	3.617329e+03	3.617318e+03	
3.620008e+03	3.617447e+03	3.617436e+03	
3.631391e+03	3.628149e+03	3.628138e+03	
3.624121e+03	3.621451e+03	3.621441e+03	
3.636518e+03	3.633248e+03	3.633238e+03	
3.612999e+03	3.604041e+03	3.604030e+03	
3.609124e+03	3.600837e+03	3.600826e+03	
3.623257e+03	3.617302e+03	3.617292e+03	
3.630692e+03	3.625579e+03	3.625568e+03	
3.617763e+03	3.610171e+03	3.610160e+03	
3.645555e+03	3.640200e+03	3.640190e+03	
3.632779e+03	3.625527e+03	3.625516e+03	
3.594933e+03	3.587435e+03	3.587424e+03	
3.627346e+03	3.622969e+03	3.622959e+03	
3.661963e+03	3.653918e+03	3.653908e+03	
3.594047e+03	3.582701e+03	3.582691e+03	
3.585922e+03	3.577434e+03	3.577423e+03	
3.592124e+03	3.581740e+03	3.581729e+03	
3.657975e+03	3.651343e+03	3.651332e+03	
3.640915e+03	3.633535e+03	3.633524e+03	
3.594920e+03	3.588694e+03	3.588683e+03	
3.636525e+03	3.626679e+03	3.626668e+03	
3.591607e+03	3.583686e+03	3.583675e+03	
3.616393e+03	3.611367e+03	3.611357e+03	
3.589386e+03	3.581480e+03	3.581470e+03	
3.624435e+03	3.618142e+03	3.618131e+03	
3.618590e+03	3.614036e+03	3.614025e+03	
3.608763e+03	3.601335e+03	3.601324e+03	
3.613092e+03	3.608476e+03	3.608466e+03	
3.616775e+03	3.612470e+03	3.612459e+03	
3.607863e+03	3.598569e+03	3.598558e+03	
3.610792e+03	3.607862e+03	3.607851e+03	
3.584957e+03	3.573789e+03	3.573778e+03	
3.620181e+03	3.614696e+03	3.614685e+03	
3.644714e+03	3.639027e+03	3.639016e+03	
3.636838e+03	3.633684e+03	3.633673e+03	
3.593076e+03	3.577752e+03	3.577741e+03	
3.641734e+03	3.632510e+03	3.632500e+03	
3.626408e+03	3.622570e+03	3.622560e+03	
3.608610e+03	3.599833e+03	3.599822e+03	
3.610513e+03	3.606867e+03	3.606856e+03	
3.630974e+03	3.627321e+03	3.627310e+03	
3.632166e+03	3.629601e+03	3.629590e+03	
3.599275e+03	3.594200e+03	3.594190e+03	
3.606266e+03	3.596711e+03	3.596700e+03	
3.601145e+03	3.591029e+03	3.591018e+03	
3.613905e+03	3.599205e+03	3.599194e+03	
3.608954e+03	3.603640e+03	3.603629e+03	
3.640244e+03	3.626054e+03	3.626044e+03	
3.632985e+03	3.630038e+03	3.630027e+03	
3.624801e+03	3.620872e+03	3.620861e+03	
3.629590e+03	3.626849e+03	3.626838e+03	
3.661562e+03	3.653427e+03	3.653416e+03	
3.594530e+03	3.587740e+03	3.587729e+03	
3.653938e+03	3.642910e+03	3.642899e+03	
3.652065e+03	3.645479e+03	3.645468e+03	
3.623669e+03	3.612899e+03	3.612888e+03	
3.619211e+03	3.617032e+03	3.617021e+03	
3.613709e+03	3.607404e+03	3.607393e+03	
3.611193e+03	3.608264e+03	3.608253e+03	
3.635192e+03	3.631210e+03	3.631200e+03	
3.645066e+03	3.638619e+03	3.638608e+03	
3.644694e+03	3.636777e+03	3.636766e+03	
3.622857e+03	3.615987e+03	3.615976e+03	
3.658356e+03	3.650728e+03	3.650717e+03	
3.636946e+03	3.631213e+03	3.631203e+03	
3.622804e+03	3.619956e+03	3.619945e+03	
3.611975e+03	3.606646e+03	3.606636e+03	
3.632805e+03	3.629904e+03	3.629893e+03	
3.615581e+03	3.610783e+03	3.610772e+03	
3.611908e+03	3.606840e+03	3.606829e+03	
3.615404e+03	3.609857e+03	3.609846e+03	
3.631463e+03	3.627604e+03	3.627593e+03	
3.591761e+03	3.585706e+03	3.585696e+03	
3.591988e+03	3.587460e+03	3.587449e+03	
3.633246e+03	3.622938e+03	3.622927e+03	
3.618041e+03	3.607059e+03	3.607049e+03	
3.629611e+03	3.624022e+03	3.624011e+03	
3.601452e+03	3.595007e+03	3.594996e+03	
3.642947e+03	3.640606e+03	3.640595e+03	
3.610945e+03	3.606250e+03	3.606239e+03	
3.685012e+03	3.671092e+03	3.671081e+03	
3.627610e+03	3.625560e+03	3.625549e+03	
3.637374e+03	3.634638e+03	3.634627e+03	
3.627952e+03	3.622866e+03	3.622855e+03	
3.627866e+03	3.617188e+03	3.617177e+03	
3.619633e+03	3.616111e+03	3.616101e+03	
3.594241e+03	3.579027e+03	3.579017e+03	
3.631163e+03	3.629236e+03	3.629225e+03	
3.605224e+03	3.595276e+03	3.595265e+03	
3.638419e+03	3.633394e+03	3.633383e+03	
3.605322e+03	3.596772e+03	3.596762e+03	
3.650675e+03	3.639882e+03	3.639871e+03	
3.632301e+03	3.615347e+03	3.615336e+03	
3.636184e+03	3.630760e+03	3.630749e+03	
3.628645e+03	3.623216e+03	3.623205e+03	
3.626342e+03	3.619995e+03	3.619984e+03	
3.609185e+03	3.604116e+03	3.604105e+03	
3.637063e+03	3.632464e+03	3.632453e+03	
3.612077e+03	3.605844e+03	3.605833e+03	
3.631467e+03	3.619823e+03	3.619812e+03	
3.634819e+03	3.631297e+03	3.631286e+03	
3.628519e+03	3.625754e+03	3.625743e+03	
3.610616e+03	3.600030e+03	3.600019e+03	
3.607028e+03	3.598873e+03	3.598862e+03	
3.644848e+03	3.640543e+03	3.640532e+03	
3.614485e+03	3.608054e+03	3.608043e+03	
3.616444e+03	3.613714e+03	3.613703e+03	
3.609064e+03	3.606023e+03	3.606012e+03	
3.646721e+03	3.637407e+03	3.637396e+03	
3.629957e+03	3.622042e+03	3.622031e+03	
3.632111e+03	3.625231e+03	3.625221e+03	
3.632235e+03	3.627898e+03	3.627887e+03	
3.648714e+03	3.638187e+03	3.638176e+03	
3.633657e+03	3.628800e+03	3.628790e+03	
3.627938e+03	3.620358e+03	3.620347e+03	
3.631215e+03	3.628930e+03	3.628919e+03	
3.631837e+03	3.623242e+03	3.623231e+03	
3.624849e+03	3.615851e+03	3.615840e+03	
3.597273e+03	3.592467e+03	3.592456e+03	
3.622033e+03	3.614178e+03	3.614167e+03	
3.621664e+03	3.615723e+03	3.615712e+03	
3.612268e+03	3.608938e+03	3.608927e+03	
3.626894e+03	3.619246e+03	3.619235e+03	
3.641619e+03	3.628303e+03	3.628292e+03	
3.625873e+03	3.620059e+03	3.620048e+03	
3.625323e+03	3.623831e+03	3.623820e+03	
3.614736e+03	3.611555e+03	3.611545e+03	
3.612296e+03	3.605762e+03	3.605751e+03	
3.590921e+03	3.585591e+03	3.585581e+03	
3.629529e+03	3.626493e+03	3.626482e+03	
3.615847e+03	3.613447e+03	3.613436e+03	
3.636901e+03	3.629593e+03	3.629582e+03	
3.627496e+03	3.618308e+03	3.618297e+03	
3.613429e+03	3.607143e+03	3.607133e+03	
3.635789e+03	3.625647e+03	3.625637e+03	
3.615756e+03	3.610192e+03	3.610181e+03	
3.630296e+03	3.623440e+03	3.623429e+03	
3.619749e+03	3.614126e+03	3.614115e+03	
3.622981e+03	3.612803e+03	3.612792e+03	
3.613546e+03	3.609331e+03	3.609320e+03	
3.606825e+03	3.601422e+03	3.601411e+03	
3.643319e+03	3.638885e+03	3.638875e+03	
3.606018e+03	3.600753e+03	3.600742e+03	
3.629822e+03	3.625056e+03	3.625045e+03	
3.620134e+03	3.615365e+03	3.615354e+03	
3.609927e+03	3.604629e+03	3.604618e+03	
3.629075e+03	3.623485e+03	3.623474e+03	
3.614703e+03	3.609765e+03	3.609754e+03	
3.607454e+03	3.601144e+03	3.601133e+03	
3.614470e+03	3.605273e+03	3.605262e+03	
3.632581e+03	3.628352e+03	3.628341e+03	
3.630258e+03	3.628822e+03	3.628811e+03	
3.625784e+03	3.607357e+03	3.607346e+03	
3.629856e+03	3.622909e+03	3.622898e+03	
3.643542e+03	3.638108e+03	3.638097e+03	
3.632040e+03	3.614381e+03	3.614370e+03	
3.619513e+03	3.615877e+03	3.615866e+03	
3.638467e+03	3.631036e+03	3.631025e+03	
3.605661e+03	3.596357e+03	3.596346e+03	
3.620606e+03	3.615771e+03	3.615760e+03	
3.644450e+03	3.640801e+03	3.640790e+03	
3.633381e+03	3.625311e+03	3.625300e+03	
3.642836e+03	3.633985e+03	3.633974e+03	
3.631292e+03	3.622902e+03	3.622891e+03	
3.622453e+03	3.617208e+03	3.617197e+03	
3.643973e+03	3.629651e+03	3.629641e+03	
3.600817e+03	3.589786e+03	3.589775e+03	
3.618334e+03	3.605376e+03	3.605366e+03	
3.606952e+03	3.600345e+03	3.600334e+03	
3.614482e+03	3.606355e+03	3.606344e+03	
3.618498e+03	3.611144e+03	3.611133e+03	
3.605674e+03	3.600128e+03	3.600118e+03	
3.618894e+03	3.613695e+03	3.613684e+03	
3.632601e+03	3.627050e+03	3.627040e+03	
3.613316e+03	3.606784e+03	3.606773e+03	
3.660966e+03	3.650829e+03	3.650818e+03	
3.597733e+03	3.589178e+03	3.589168e+03	
3.594637e+03	3.585096e+03	3.585086e+03	
3.637535e+03	3.626603e+03	3.626592e+03	
3.602019e+03	3.597762e+03	3.597752e+03	
3.625581e+03	3.620654e+03	3.620644e+03	
3.603440e+03	3.597014e+03	3.597003e+03	
3.612344e+03	3.606079e+03	3.606068e+03	
3.644095e+03	3.632127e+03	3.632117e+03	
3.661945e+03	3.650839e+03	3.650828e+03	
3.599966e+03	3.594008e+03	3.593998e+03	
3.633834e+03	3.631095e+03	3.631085e+03	
3.607106e+03	3.599034e+03	3.599023e+03	
3.613315e+03	3.608945e+03	3.608934e+03	
3.619558e+03	3.612892e+03	3.612881e+03	
3.626663e+03	3.620474e+03	3.620463e+03	
3.605957e+03	3.597894e+03	3.597883e+03	
3.625643e+03	3.615633e+03	3.615622e+03	
3.621980e+03	3.618660e+03	3.618649e+03	
3.657223e+03	3.647170e+03	3.647159e+03	
3.593359e+03	3.582886e+03	3.582876e+03	
3.633003e+03	3.628409e+03	3.628398e+03	
3.636328e+03	3.634595e+03	3.634584e+03	
3.631463e+03	3.627213e+03	3.627203e+03	
3.610996e+03	3.599877e+03	3.599866e+03	
3.625719e+03	3.618518e+03	3.618508e+03	
3.639830e+03	3.627963e+03	3.627952e+03	
3.625275e+03	3.621619e+03	3.621609e+03	
3.621923e+03	3.617980e+03	3.617969e+03	
3.615148e+03	3.609496e+03	3.609485e+03	
3.629751e+03	3.626028e+03	3.626017e+03	
3.635698e+03	3.626927e+03	3.626917e+03	
3.630316e+03	3.627283e+03	3.627272e+03	
3.602843e+03	3.592861e+03	3.592851e+03	
3.591675e+03	3.586213e+03	3.586202e+03	
3.612516e+03	3.606157e+03	3.606146e+03	
3.621199e+03	3.610136e+03	3.610125e+03	
3.607660e+03	3.603330e+03	3.603320e+03	
3.633963e+03	3.620897e+03	3.620886e+03	
3.609675e+03	3.603730e+03	3.603720e+03	
3.611428e+03	3.604410e+03	3.604399e+03	
3.594149e+03	3.584385e+03	3.584374e+03	
3.608619e+03	3.595956e+03	3.595945e+03	
3.623248e+03	3.620250e+03	3.620239e+03	
3.626516e+03	3.623160e+03	3.623149e+03	
3.626611e+03	3.617071e+03	3.617060e+03	
3.613811e+03	3.606010e+03	3.605999e+03	
3.614464e+03	3.609211e+03	3.609200e+03	
3.615249e+03	3.612391e+03	3.612381e+03	
3.601963e+03	3.590135e+03	3.590124e+03	
3.602438e+03	3.597138e+03	3.597128e+03	
3.642261e+03	3.637242e+03	3.637231e+03	
3.596737e+03	3.589090e+03	3.589079e+03	
3.623093e+03	3.619068e+03	3.619057e+03	
3.637962e+03	3.628146e+03	3.628135e+03	
3.621765e+03	3.616867e+03	3.616856e+03	
3.628060e+03	3.623876e+03	3.623865e+03	
3.637233e+03	3.631877e+03	3.631867e+03	
3.631685e+03	3.627044e+03	3.627034e+03	
3.614747e+03	3.602826e+03	3.602815e+03	
3.619760e+03	3.617206e+03	3.617196e+03	
3.653843e+03	3.648751e+03	3.648740e+03	
3.627188e+03	3.618959e+03	3.618948e+03	
3.628439e+03	3.620833e+03	3.620822e+03	
3.622229e+03	3.618722e+03	3.618711e+03	
3.638959e+03	3.634476e+03	3.634465e+03	
3.620977e+03	3.614119e+03	3.614108e+03	
3.639389e+03	3.635618e+03	3.635607e+03	
3.602640e+03	3.594982e+03	3.594971e+03	
3.636855e+03	3.628055e+03	3.628044e+03	
3.632640e+03	3.629378e+03	3.629367e+03	
3.616777e+03	3.605253e+03	3.605242e+03	
3.632030e+03	3.625774e+03	3.625763e+03	
3.597998e+03	3.587350e+03	3.587339e+03	
3.631206e+03	3.629219e+03	3.629208e+03	
3.622601e+03	3.620595e+03	3.620584e+03	
3.643609e+03	3.636653e+03	3.636642e+03	
3.616750e+03	3.606552e+03	3.606542e+03	
3.605914e+03	3.598281e+03	3.598270e+03	
3.633333e+03	3.628176e+03	3.628165e+03	
3.633853e+03	3.629599e+03	3.629588e+03	
3.639711e+03	3.635047e+03	3.635036e+03	
3.626763e+03	3.617797e+03	3.617786e+03	
3.621016e+03	3.603442e+03	3.603431e+03	
3.605043e+03	3.599554e+03	3.599544e+03	
3.617937e+03	3.612805e+03	3.612794e+03	
3.634639e+03	3.628184e+03	3.628173e+03	
3.642122e+03	3.638733e+03	3.638723e+03	
3.607423e+03	3.598531e+03	3.598520e+03	
3.629616e+03	3.622925e+03	3.622914e+03	
3.631557e+03	3.625766e+03	3.625755e+03	
3.629070e+03	3.621825e+03	3.621814e+03	
3.589558e+03	3.577853e+03	3.577842e+03	
3.620419e+03	3.611044e+03	3.611034e+03	
3.596204e+03	3.592008e+03	3.591997e+03	
