6.380220e+02	6.328953e+02	6.329060e+02	
6.052173e+02	6.022793e+02	6.022900e+02	
6.188689e+02	6.123998e+02	6.124105e+02	
6.003425e+02	5.934188e+02	5.934295e+02	
6.347606e+02	6.320842e+02	6.320950e+02	
6.204137e+02	6.122884e+02	6.122991e+02	
5.926682e+02	5.853251e+02	5.853358e+02	
6.018496e+02	5.971325e+02	5.971433e+02	
6.108323e+02	6.051193e+02	6.051301e+02	
6.001135e+02	5.911846e+02	5.911953e+02	
6.088729e+02	5.991027e+02	5.991135e+02	
6.282449e+02	6.211475e+02	6.211582e+02	
6.294228e+02	6.201595e+02	6.201703e+02	
5.898551e+02	5.823751e+02	5.823859e+02	
6.274716e+02	6.234670e+02	6.234777e+02	
6.357575e+02	6.319212e+02	6.319320e+02	
5.768450e+02	5.689265e+02	5.689372e+02	
6.620013e+02	6.451420e+02	6.451527e+02	
6.292646e+02	6.191939e+02	6.192046e+02	
6.326476e+02	6.260522e+02	6.260630e+02	
5.988006e+02	5.942706e+02	5.942814e+02	
6.456643e+02	6.379435e+02	6.379542e+02	
6.057326e+02	5.977744e+02	5.977852e+02	
6.050876e+02	6.014080e+02	6.014188e+02	
6.193501e+02	6.144887e+02	6.144994e+02	
6.073895e+02	6.036094e+02	6.036201e+02	
5.900472e+02	5.845901e+02	5.846009e+02	
5.971159e+02	5.888378e+02	5.888485e+02	
6.056753e+02	6.008325e+02	6.008432e+02	
6.183153e+02	6.113075e+02	6.113182e+02	
6.047607e+02	5.984395e+02	5.984502e+02	
6.089545e+02	6.026789e+02	6.026897e+02	
6.062367e+02	6.002149e+02	6.002257e+02	
6.127319e+02	6.074496e+02	6.074603e+02	
6.120199e+02	6.094014e+02	6.094121e+02	
6.169086e+02	6.081921e+02	6.082029e+02	
6.203034e+02	6.127354e+02	6.127461e+02	
6.314375e+02	6.270353e+02	6.270461e+02	
5.708037e+02	5.592223e+02	5.592330e+02	
6.086629e+02	6.068939e+02	6.069046e+02	
6.209629e+02	6.155902e+02	6.156009e+02	
6.011246e+02	5.946835e+02	5.946942e+02	
6.096849e+02	6.051035e+02	6.051142e+02	
6.133111e+02	6.046332e+02	6.046439e+02	
5.919446e+02	5.853497e+02	5.853604e+02	
5.926288e+02	5.816010e+02	5.816117e+02	
6.136283e+02	6.026199e+02	6.026306e+02	
6.385603e+02	6.270037e+02	6.270144e+02	
6.146871e+02	6.085608e+02	6.085715e+02	
6.001676e+02	5.962776e+02	5.962884e+02	
6.240096e+02	6.179589e+02	6.179696e+02	
6.293282e+02	6.202102e+02	6.202209e+02	
6.245796e+02	6.206483e+02	6.206590e+02	
5.971157e+02	5.926132e+02	5.926239e+02	
5.993118e+02	5.884060e+02	5.884168e+02	
6.363044e+02	6.266020e+02	6.266128e+02	
6.007618e+02	5.951658e+02	5.951766e+02	
6.194293e+02	6.147614e+02	6.147722e+02	
6.205108e+02	6.150878e+02	6.150985e+02	
6.183706e+02	6.129244e+02	6.129351e+02	
6.115111e+02	6.055114e+02	6.055222e+02	
6.305173e+02	6.241283e+02	6.241390e+02	
6.178611e+02	6.083333e+02	6.083440e+02	
6.206784e+02	6.105731e+02	6.105838e+02	
6.034123e+02	5.957267e+02	5.957374e+02	
6.185602e+02	6.134911e+02	6.135018e+02	
6.253550e+02	6.174437e+02	6.174544e+02	
5.891911e+02	5.782657e+02	5.782765e+02	
6.107197e+02	6.060004e+02	6.060112e+02	
5.994449e+02	5.882581e+02	5.882688e+02	
6.295188e+02	6.244149e+02	6.244256e+02	
6.026074e+02	5.975815e+02	5.975922e+02	
6.099204e+02	6.048981e+02	6.049088e+02	
5.924254e+02	5.865992e+02	5.866099e+02	
5.983289e+02	5.897257e+02	5.897364e+02	
6.266173e+02	6.209504e+02	6.209611e+02	
6.403388e+02	6.360961e+02	6.361068e+02	
6.042510e+02	5.988872e+02	5.988979e+02	
6.082111e+02	6.000273e+02	6.000381e+02	
6.254470e+02	6.204987e+02	6.205095e+02	
6.220133e+02	6.118336e+02	6.118444e+02	
6.065274e+02	5.995763e+02	5.995870e+02	
6.310146e+02	6.264100e+02	6.264208e+02	
6.345618e+02	6.316059e+02	6.316167e+02	
5.905570e+02	5.828558e+02	5.828665e+02	
6.153815e+02	6.122365e+02	6.122473e+02	
6.252240e+02	6.156577e+02	6.156685e+02	
6.157669e+02	6.123204e+02	6.123311e+02	
6.231119e+02	6.193679e+02	6.193787e+02	
6.111906e+02	6.039329e+02	6.039437e+02	
6.238203e+02	6.214679e+02	6.214787e+02	
6.320777e+02	6.240350e+02	6.240458e+02	
6.279498e+02	6.174927e+02	6.175034e+02	
5.967109e+02	5.876594e+02	5.876701e+02	
5.980566e+02	5.930977e+02	5.931085e+02	
6.109300e+02	6.013139e+02	6.013246e+02	
6.207088e+02	6.168564e+02	6.168672e+02	
6.196945e+02	6.131263e+02	6.131370e+02	
6.314357e+02	6.236634e+02	6.236742e+02	
6.235130e+02	6.129007e+02	6.129115e+02	
6.177058e+02	6.102187e+02	6.102295e+02	
6.100439e+02	6.050352e+02	6.050459e+02	
6.053003e+02	6.012870e+02	6.012978e+02	
6.426339e+02	6.374348e+02	6.374455e+02	
6.497080e+02	6.414903e+02	6.415010e+02	
6.307237e+02	6.247984e+02	6.248092e+02	
6.523063e+02	6.347171e+02	6.347278e+02	
6.241950e+02	6.180423e+02	6.180531e+02	
5.863599e+02	5.784919e+02	5.785027e+02	
5.993252e+02	5.916789e+02	5.916897e+02	
6.185147e+02	6.089763e+02	6.089870e+02	
6.007014e+02	5.961435e+02	5.961543e+02	
5.966333e+02	5.914260e+02	5.914368e+02	
6.180364e+02	6.085203e+02	6.085311e+02	
6.156972e+02	6.068156e+02	6.068264e+02	
6.218840e+02	6.169289e+02	6.169397e+02	
6.220632e+02	6.204085e+02	6.204192e+02	
5.790223e+02	5.718259e+02	5.718366e+02	
6.323109e+02	6.240863e+02	6.240970e+02	
6.366619e+02	6.277733e+02	6.277840e+02	
6.474394e+02	6.392241e+02	6.392349e+02	
6.451817e+02	6.391543e+02	6.391651e+02	
6.009943e+02	5.981825e+02	5.981932e+02	
6.021335e+02	5.910895e+02	5.911002e+02	
6.085618e+02	6.045210e+02	6.045318e+02	
6.118922e+02	6.085845e+02	6.085953e+02	
6.360299e+02	6.305517e+02	6.305625e+02	
6.065810e+02	5.992026e+02	5.992133e+02	
6.010258e+02	5.915646e+02	5.915753e+02	
6.026680e+02	5.967158e+02	5.967265e+02	
6.322255e+02	6.288605e+02	6.288713e+02	
6.383812e+02	6.302455e+02	6.302562e+02	
6.314949e+02	6.215045e+02	6.215152e+02	
5.964143e+02	5.916174e+02	5.916281e+02	
6.342416e+02	6.285532e+02	6.285640e+02	
6.146698e+02	6.116869e+02	6.116976e+02	
6.257422e+02	6.227601e+02	6.227709e+02	
5.943682e+02	5.900174e+02	5.900282e+02	
6.366961e+02	6.249914e+02	6.250021e+02	
6.139992e+02	6.074296e+02	6.074404e+02	
6.142474e+02	6.098349e+02	6.098456e+02	
6.291131e+02	6.153149e+02	6.153256e+02	
6.260564e+02	6.204145e+02	6.204252e+02	
6.327116e+02	6.291710e+02	6.291818e+02	
5.737581e+02	5.576134e+02	5.576242e+02	
6.207325e+02	6.180105e+02	6.180212e+02	
5.906502e+02	5.802534e+02	5.802642e+02	
6.366138e+02	6.341737e+02	6.341844e+02	
6.113332e+02	6.100491e+02	6.100599e+02	
6.072199e+02	6.043216e+02	6.043323e+02	
6.227564e+02	6.113408e+02	6.113515e+02	
5.836142e+02	5.760181e+02	5.760288e+02	
5.863905e+02	5.796338e+02	5.796446e+02	
6.334740e+02	6.231387e+02	6.231495e+02	
6.071321e+02	5.993240e+02	5.993348e+02	
5.985467e+02	5.893628e+02	5.893735e+02	
6.243599e+02	6.189150e+02	6.189258e+02	
6.092309e+02	6.032016e+02	6.032123e+02	
6.392089e+02	6.322088e+02	6.322196e+02	
6.261925e+02	6.204882e+02	6.204990e+02	
6.303804e+02	6.262762e+02	6.262869e+02	
5.966015e+02	5.887918e+02	5.888026e+02	
5.878061e+02	5.821791e+02	5.821899e+02	
6.093727e+02	6.009018e+02	6.009126e+02	
6.264623e+02	6.229591e+02	6.229699e+02	
6.372541e+02	6.313363e+02	6.313471e+02	
6.056507e+02	5.968232e+02	5.968339e+02	
5.800183e+02	5.685386e+02	5.685493e+02	
6.066027e+02	6.031709e+02	6.031816e+02	
6.127620e+02	6.034203e+02	6.034311e+02	
6.132506e+02	6.037253e+02	6.037361e+02	
6.407508e+02	6.326939e+02	6.327046e+02	
6.183204e+02	6.155645e+02	6.155753e+02	
5.950194e+02	5.899785e+02	5.899892e+02	
6.132918e+02	6.064292e+02	6.064400e+02	
5.857219e+02	5.812899e+02	5.813007e+02	
6.292306e+02	6.224509e+02	6.224616e+02	
6.097560e+02	6.034874e+02	6.034982e+02	
6.115577e+02	6.082912e+02	6.083020e+02	
6.041436e+02	5.997770e+02	5.997877e+02	
6.160013e+02	6.109964e+02	6.110072e+02	
5.981747e+02	5.911410e+02	5.911518e+02	
6.004672e+02	5.942742e+02	5.942849e+02	
6.167582e+02	6.078806e+02	6.078913e+02	
6.167494e+02	6.142394e+02	6.142501e+02	
6.480731e+02	6.428727e+02	6.428834e+02	
6.158844e+02	6.124883e+02	6.124990e+02	
6.193807e+02	6.148832e+02	6.148940e+02	
6.162189e+02	6.131405e+02	6.131512e+02	
6.002649e+02	5.934903e+02	5.935011e+02	
6.016942e+02	5.961187e+02	5.961294e+02	
6.369230e+02	6.293332e+02	6.293439e+02	
6.006138e+02	5.968824e+02	5.968931e+02	
6.023562e+02	5.958896e+02	5.959003e+02	
6.386882e+02	6.289162e+02	6.289269e+02	
5.797840e+02	5.710378e+02	5.710485e+02	
5.801285e+02	5.731856e+02	5.731964e+02	
5.772733e+02	5.666389e+02	5.666497e+02	
6.265872e+02	6.196304e+02	6.196411e+02	
5.843352e+02	5.807432e+02	5.807539e+02	
5.956733e+02	5.869622e+02	5.869729e+02	
5.972659e+02	5.898045e+02	5.898153e+02	
6.046657e+02	5.971786e+02	5.971894e+02	
6.209807e+02	6.158423e+02	6.158531e+02	
6.226341e+02	6.147261e+02	6.147368e+02	
6.494756e+02	6.414754e+02	6.414862e+02	
6.165313e+02	6.042148e+02	6.042255e+02	
6.215667e+02	6.171107e+02	6.171214e+02	
6.060474e+02	6.012905e+02	6.013012e+02	
6.250227e+02	6.183717e+02	6.183825e+02	
6.174793e+02	6.105284e+02	6.105391e+02	
5.974864e+02	5.891818e+02	5.891926e+02	
6.462094e+02	6.406419e+02	6.406526e+02	
6.130362e+02	6.050721e+02	6.050829e+02	
6.196349e+02	6.111781e+02	6.111888e+02	
5.972913e+02	5.869880e+02	5.869988e+02	
6.264686e+02	6.231292e+02	6.231399e+02	
6.067425e+02	5.962560e+02	5.962667e+02	
6.328377e+02	6.296818e+02	6.296925e+02	
6.055662e+02	6.025852e+02	6.025960e+02	
6.012571e+02	5.941919e+02	5.942026e+02	
5.846872e+02	5.797084e+02	5.797192e+02	
6.473188e+02	6.363343e+02	6.363451e+02	
6.357932e+02	6.262771e+02	6.262879e+02	
6.122738e+02	6.103438e+02	6.103546e+02	
6.209194e+02	6.163647e+02	6.163754e+02	
6.123642e+02	6.097129e+02	6.097237e+02	
6.374549e+02	6.341997e+02	6.342104e+02	
6.221400e+02	6.184589e+02	6.184696e+02	
6.115757e+02	6.074050e+02	6.074158e+02	
6.103738e+02	6.049143e+02	6.049251e+02	
6.368277e+02	6.284892e+02	6.285000e+02	
6.356735e+02	6.272115e+02	6.272222e+02	
6.124367e+02	6.073665e+02	6.073772e+02	
6.104345e+02	6.030036e+02	6.030144e+02	
6.366756e+02	6.330902e+02	6.331009e+02	
6.225493e+02	6.173122e+02	6.173230e+02	
6.323701e+02	6.259673e+02	6.259780e+02	
6.371163e+02	6.336127e+02	6.336235e+02	
6.360283e+02	6.275286e+02	6.275394e+02	
6.195810e+02	6.168065e+02	6.168172e+02	
6.502174e+02	6.365348e+02	6.365456e+02	
6.268261e+02	6.239129e+02	6.239237e+02	
6.062245e+02	6.037219e+02	6.037327e+02	
5.971620e+02	5.935319e+02	5.935427e+02	
6.094376e+02	6.039837e+02	6.039944e+02	
6.101246e+02	6.020774e+02	6.020882e+02	
6.174827e+02	6.148536e+02	6.148644e+02	
6.167058e+02	6.119248e+02	6.119355e+02	
6.068419e+02	5.980777e+02	5.980884e+02	
6.252482e+02	6.242968e+02	6.243075e+02	
6.023207e+02	5.958827e+02	5.958934e+02	
6.210086e+02	6.127864e+02	6.127971e+02	
6.568780e+02	6.453811e+02	6.453918e+02	
5.785017e+02	5.703300e+02	5.703408e+02	
6.311275e+02	6.229206e+02	6.229313e+02	
5.995049e+02	5.941478e+02	5.941586e+02	
6.290663e+02	6.206799e+02	6.206906e+02	
5.859380e+02	5.753287e+02	5.753394e+02	
6.297349e+02	6.221174e+02	6.221282e+02	
6.079846e+02	6.014565e+02	6.014672e+02	
6.058872e+02	6.050314e+02	6.050421e+02	
6.199278e+02	6.128328e+02	6.128436e+02	
6.549744e+02	6.478086e+02	6.478193e+02	
5.951356e+02	5.877424e+02	5.877532e+02	
5.920661e+02	5.868828e+02	5.868935e+02	
6.478759e+02	6.420455e+02	6.420563e+02	
6.083428e+02	6.020679e+02	6.020787e+02	
6.151650e+02	6.117199e+02	6.117306e+02	
5.887518e+02	5.828283e+02	5.828390e+02	
6.301309e+02	6.244085e+02	6.244193e+02	
5.964016e+02	5.879322e+02	5.879429e+02	
6.080573e+02	6.026485e+02	6.026593e+02	
6.257446e+02	6.220142e+02	6.220250e+02	
6.114324e+02	6.071648e+02	6.071756e+02	
6.347609e+02	6.289728e+02	6.289835e+02	
5.976665e+02	5.917719e+02	5.917826e+02	
5.835235e+02	5.760380e+02	5.760488e+02	
6.191323e+02	6.179879e+02	6.179986e+02	
6.248846e+02	6.114797e+02	6.114905e+02	
5.972750e+02	5.818471e+02	5.818578e+02	
6.294544e+02	6.213724e+02	6.213831e+02	
6.377308e+02	6.295038e+02	6.295145e+02	
5.789862e+02	5.659152e+02	5.659260e+02	
6.197346e+02	6.140832e+02	6.140940e+02	
6.204801e+02	6.088876e+02	6.088984e+02	
5.916994e+02	5.864285e+02	5.864393e+02	
6.130544e+02	6.054375e+02	6.054482e+02	
5.992571e+02	5.858116e+02	5.858224e+02	
6.082747e+02	6.008589e+02	6.008697e+02	
5.998242e+02	5.891742e+02	5.891849e+02	
6.165872e+02	6.066315e+02	6.066422e+02	
6.121196e+02	6.057942e+02	6.058050e+02	
5.758111e+02	5.700340e+02	5.700447e+02	
6.054091e+02	5.969730e+02	5.969837e+02	
6.346991e+02	6.237403e+02	6.237510e+02	
6.392723e+02	6.346689e+02	6.346796e+02	
6.151814e+02	6.083050e+02	6.083157e+02	
6.536027e+02	6.447090e+02	6.447198e+02	
6.193024e+02	6.181824e+02	6.181931e+02	
6.250423e+02	6.210431e+02	6.210539e+02	
6.175088e+02	6.152190e+02	6.152297e+02	
6.077734e+02	6.032103e+02	6.032210e+02	
5.922762e+02	5.806129e+02	5.806237e+02	
5.993607e+02	5.936769e+02	5.936877e+02	
6.186991e+02	6.118516e+02	6.118624e+02	
5.992218e+02	5.967552e+02	5.967660e+02	
6.027267e+02	5.980532e+02	5.980639e+02	
6.071484e+02	6.033168e+02	6.033276e+02	
6.208716e+02	6.148835e+02	6.148942e+02	
5.888434e+02	5.842196e+02	5.842303e+02	
6.054009e+02	5.997206e+02	5.997313e+02	
6.455912e+02	6.339127e+02	6.339234e+02	
5.898597e+02	5.836888e+02	5.836996e+02	
6.189679e+02	6.113498e+02	6.113605e+02	
6.159343e+02	6.115794e+02	6.115902e+02	
6.356687e+02	6.166029e+02	6.166137e+02	
6.072127e+02	6.021856e+02	6.021964e+02	
6.137093e+02	6.084942e+02	6.085049e+02	
6.086904e+02	6.016980e+02	6.017088e+02	
6.302808e+02	6.253790e+02	6.253898e+02	
6.227508e+02	6.136793e+02	6.136901e+02	
5.982404e+02	5.865000e+02	5.865108e+02	
5.956086e+02	5.846879e+02	5.846987e+02	
5.976866e+02	5.906913e+02	5.907020e+02	
6.188216e+02	6.153199e+02	6.153307e+02	
6.275781e+02	6.199408e+02	6.199515e+02	
5.946644e+02	5.911298e+02	5.911406e+02	
6.154310e+02	6.080857e+02	6.080964e+02	
5.938326e+02	5.861948e+02	5.862055e+02	
6.181599e+02	6.142913e+02	6.143020e+02	
6.232676e+02	6.194048e+02	6.194155e+02	
6.383771e+02	6.335819e+02	6.335926e+02	
6.422280e+02	6.366266e+02	6.366374e+02	
6.195045e+02	6.156858e+02	6.156966e+02	
6.163497e+02	6.116365e+02	6.116473e+02	
6.226048e+02	6.172442e+02	6.172549e+02	
6.049020e+02	6.017775e+02	6.017882e+02	
6.203103e+02	6.116671e+02	6.116779e+02	
5.944576e+02	5.900468e+02	5.900576e+02	
6.452895e+02	6.421649e+02	6.421757e+02	
6.279606e+02	6.255883e+02	6.255990e+02	
5.979928e+02	5.855420e+02	5.855527e+02	
6.179719e+02	6.137823e+02	6.137930e+02	
6.009712e+02	5.935571e+02	5.935678e+02	
5.913713e+02	5.855714e+02	5.855822e+02	
6.105351e+02	6.051431e+02	6.051538e+02	
6.129796e+02	6.090306e+02	6.090414e+02	
6.355447e+02	6.205737e+02	6.205845e+02	
6.021344e+02	5.857660e+02	5.857767e+02	
6.061538e+02	6.040025e+02	6.040133e+02	
5.973020e+02	5.917671e+02	5.917779e+02	
6.120145e+02	6.056854e+02	6.056961e+02	
5.917110e+02	5.855688e+02	5.855795e+02	
6.167563e+02	6.086289e+02	6.086397e+02	
6.514098e+02	6.368539e+02	6.368647e+02	
6.206473e+02	6.172401e+02	6.172508e+02	
5.997576e+02	5.946209e+02	5.946317e+02	
6.604972e+02	6.503038e+02	6.503145e+02	
6.443728e+02	6.379740e+02	6.379848e+02	
6.223232e+02	6.176501e+02	6.176609e+02	
6.215007e+02	6.091667e+02	6.091775e+02	
6.329415e+02	6.276790e+02	6.276897e+02	
6.340991e+02	6.305740e+02	6.305847e+02	
6.390403e+02	6.321292e+02	6.321399e+02	
6.176988e+02	6.096658e+02	6.096766e+02	
6.598473e+02	6.491262e+02	6.491370e+02	
6.414831e+02	6.327558e+02	6.327665e+02	
6.007094e+02	5.939494e+02	5.939602e+02	
6.466892e+02	6.405152e+02	6.405259e+02	
5.931512e+02	5.884765e+02	5.884873e+02	
6.095934e+02	6.047168e+02	6.047275e+02	
6.085168e+02	6.035655e+02	6.035762e+02	
6.256404e+02	6.160096e+02	6.160203e+02	
6.100126e+02	6.025040e+02	6.025147e+02	
5.978114e+02	5.913711e+02	5.913818e+02	
5.929997e+02	5.813102e+02	5.813209e+02	
6.324288e+02	6.266030e+02	6.266138e+02	
6.106241e+02	6.041881e+02	6.041989e+02	
6.070325e+02	6.016326e+02	6.016434e+02	
6.103519e+02	6.030577e+02	6.030685e+02	
6.185388e+02	6.156531e+02	6.156639e+02	
6.459884e+02	6.383125e+02	6.383232e+02	
6.256711e+02	6.175466e+02	6.175574e+02	
6.113070e+02	6.049375e+02	6.049482e+02	
6.213422e+02	6.118033e+02	6.118140e+02	
6.044080e+02	6.006036e+02	6.006144e+02	
5.860461e+02	5.772067e+02	5.772175e+02	
6.039268e+02	5.949745e+02	5.949852e+02	
6.072508e+02	6.019380e+02	6.019488e+02	
6.365374e+02	6.308527e+02	6.308635e+02	
5.772815e+02	5.692995e+02	5.693103e+02	
6.649740e+02	6.529303e+02	6.529410e+02	
6.173835e+02	6.108601e+02	6.108708e+02	
5.943141e+02	5.837520e+02	5.837628e+02	
5.957948e+02	5.854889e+02	5.854996e+02	
6.003452e+02	5.921110e+02	5.921217e+02	
6.078968e+02	6.002342e+02	6.002450e+02	
5.997972e+02	5.944800e+02	5.944908e+02	
5.774463e+02	5.724869e+02	5.724976e+02	
6.182582e+02	6.149759e+02	6.149866e+02	
6.193591e+02	6.058139e+02	6.058247e+02	
6.071401e+02	5.986986e+02	5.987094e+02	
6.429827e+02	6.342022e+02	6.342129e+02	
6.021218e+02	5.965289e+02	5.965397e+02	
6.229275e+02	6.158516e+02	6.158623e+02	
6.473854e+02	6.399170e+02	6.399277e+02	
6.239608e+02	6.174807e+02	6.174914e+02	
6.159217e+02	6.095844e+02	6.095951e+02	
6.154104e+02	6.097781e+02	6.097888e+02	
5.928826e+02	5.868379e+02	5.868486e+02	
6.192735e+02	6.133598e+02	6.133705e+02	
6.243895e+02	6.123393e+02	6.123501e+02	
6.580327e+02	6.459615e+02	6.459722e+02	
6.140079e+02	6.002613e+02	6.002720e+02	
6.280598e+02	6.245194e+02	6.245301e+02	
6.274041e+02	6.176803e+02	6.176910e+02	
5.980470e+02	5.903097e+02	5.903204e+02	
6.088848e+02	6.030313e+02	6.030421e+02	
6.352765e+02	6.281143e+02	6.281250e+02	
6.080537e+02	6.038013e+02	6.038120e+02	
5.912176e+02	5.877586e+02	5.877694e+02	
6.062173e+02	6.012066e+02	6.012173e+02	
6.309047e+02	6.236146e+02	6.236254e+02	
6.044708e+02	5.981073e+02	5.981181e+02	
6.088778e+02	6.022080e+02	6.022188e+02	
5.979874e+02	5.935654e+02	5.935761e+02	
6.283365e+02	6.247569e+02	6.247677e+02	
6.117536e+02	6.058416e+02	6.058524e+02	
6.128644e+02	6.062305e+02	6.062413e+02	
5.912283e+02	5.788348e+02	5.788455e+02	
6.261869e+02	6.194535e+02	6.194642e+02	
5.912873e+02	5.872036e+02	5.872144e+02	
6.168097e+02	6.153386e+02	6.153493e+02	
6.733404e+02	6.628283e+02	6.628391e+02	
6.088594e+02	6.015301e+02	6.015409e+02	
6.248105e+02	6.226596e+02	6.226703e+02	
5.969492e+02	5.926821e+02	5.926929e+02	
6.390840e+02	6.352120e+02	6.352227e+02	
6.194399e+02	6.140816e+02	6.140923e+02	
6.279514e+02	6.191990e+02	6.192097e+02	
6.024313e+02	5.972226e+02	5.972334e+02	
5.848637e+02	5.782930e+02	5.783038e+02	
6.069965e+02	6.030622e+02	6.030729e+02	
5.915725e+02	5.851916e+02	5.852024e+02	
6.251767e+02	6.228389e+02	6.228496e+02	
6.277852e+02	6.146302e+02	6.146409e+02	
6.211060e+02	6.174153e+02	6.174261e+02	
6.282350e+02	6.223725e+02	6.223833e+02	
6.154920e+02	6.111009e+02	6.111116e+02	
6.477983e+02	6.403713e+02	6.403820e+02	
6.222869e+02	6.153231e+02	6.153338e+02	
6.165348e+02	6.143689e+02	6.143797e+02	
6.353177e+02	6.240599e+02	6.240707e+02	
6.155054e+02	6.095551e+02	6.095659e+02	
6.291885e+02	6.205429e+02	6.205536e+02	
6.133079e+02	6.103969e+02	6.104077e+02	
6.048429e+02	5.989467e+02	5.989574e+02	
6.239142e+02	6.196652e+02	6.196760e+02	
6.158007e+02	6.102989e+02	6.103097e+02	
6.073982e+02	6.049879e+02	6.049986e+02	
5.864969e+02	5.803338e+02	5.803445e+02	
5.868312e+02	5.796685e+02	5.796793e+02	
5.961535e+02	5.917260e+02	5.917368e+02	
6.023891e+02	5.991608e+02	5.991716e+02	
5.921447e+02	5.804439e+02	5.804546e+02	
5.984051e+02	5.921132e+02	5.921240e+02	
5.987325e+02	5.941514e+02	5.941621e+02	
6.251627e+02	6.223826e+02	6.223933e+02	
5.971206e+02	5.894265e+02	5.894373e+02	
6.355751e+02	6.294383e+02	6.294491e+02	
5.994148e+02	5.951450e+02	5.951558e+02	
6.170540e+02	6.140178e+02	6.140286e+02	
5.946688e+02	5.910959e+02	5.911066e+02	
6.268196e+02	6.174132e+02	6.174239e+02	
5.937739e+02	5.890460e+02	5.890568e+02	
5.927842e+02	5.857312e+02	5.857420e+02	
5.843633e+02	5.767118e+02	5.767226e+02	
6.378666e+02	6.340221e+02	6.340329e+02	
6.099857e+02	6.054233e+02	6.054340e+02	
6.195349e+02	6.156601e+02	6.156709e+02	
6.469872e+02	6.350310e+02	6.350417e+02	
6.153318e+02	6.100163e+02	6.100270e+02	
6.345737e+02	6.269466e+02	6.269574e+02	
6.115589e+02	6.087958e+02	6.088065e+02	
5.932979e+02	5.893744e+02	5.893852e+02	
6.083124e+02	6.053223e+02	6.053330e+02	
6.370622e+02	6.324861e+02	6.324968e+02	
6.099142e+02	6.047310e+02	6.047418e+02	
6.195754e+02	6.162198e+02	6.162305e+02	
6.035906e+02	6.021011e+02	6.021119e+02	
6.047622e+02	5.890628e+02	5.890735e+02	
5.902210e+02	5.850333e+02	5.850441e+02	
6.174119e+02	6.079296e+02	6.079403e+02	
6.259656e+02	6.228894e+02	6.229001e+02	
6.453825e+02	6.370084e+02	6.370191e+02	
6.171204e+02	6.112862e+02	6.112970e+02	
6.156301e+02	6.132551e+02	6.132659e+02	
6.095592e+02	6.016871e+02	6.016979e+02	
6.208437e+02	6.063355e+02	6.063463e+02	
6.227974e+02	6.137542e+02	6.137650e+02	
6.347559e+02	6.282582e+02	6.282689e+02	
6.060668e+02	6.016133e+02	6.016241e+02	
6.249620e+02	6.097977e+02	6.098084e+02	
6.376129e+02	6.334834e+02	6.334941e+02	
6.142225e+02	6.070310e+02	6.070417e+02	
5.683510e+02	5.514200e+02	5.514307e+02	
6.386467e+02	6.301185e+02	6.301293e+02	
6.083880e+02	6.041449e+02	6.041556e+02	
6.003347e+02	5.952691e+02	5.952799e+02	
6.270334e+02	6.166643e+02	6.166750e+02	
6.270384e+02	6.234793e+02	6.234900e+02	
6.232213e+02	6.163860e+02	6.163968e+02	
6.240134e+02	6.208786e+02	6.208893e+02	
6.218800e+02	6.158531e+02	6.158639e+02	
6.021019e+02	5.974672e+02	5.974780e+02	
5.992884e+02	5.942638e+02	5.942746e+02	
6.127736e+02	6.049706e+02	6.049814e+02	
5.975708e+02	5.894335e+02	5.894442e+02	
5.864824e+02	5.787293e+02	5.787401e+02	
6.020887e+02	5.945273e+02	5.945380e+02	
6.126910e+02	6.081276e+02	6.081383e+02	
5.974509e+02	5.916673e+02	5.916781e+02	
6.117932e+02	6.083666e+02	6.083773e+02	
6.041485e+02	6.013024e+02	6.013132e+02	
6.405057e+02	6.254810e+02	6.254918e+02	
6.018539e+02	5.964896e+02	5.965004e+02	
6.012917e+02	5.973941e+02	5.974049e+02	
5.934823e+02	5.879204e+02	5.879312e+02	
6.049286e+02	6.022017e+02	6.022125e+02	
6.230872e+02	6.203166e+02	6.203273e+02	
6.357228e+02	6.306537e+02	6.306644e+02	
5.835968e+02	5.766412e+02	5.766519e+02	
6.144021e+02	6.093642e+02	6.093749e+02	
6.046541e+02	5.993417e+02	5.993524e+02	
6.353552e+02	6.287830e+02	6.287938e+02	
6.124943e+02	6.106540e+02	6.106648e+02	
6.196421e+02	6.083045e+02	6.083153e+02	
6.129737e+02	6.092645e+02	6.092752e+02	
6.389334e+02	6.266345e+02	6.266452e+02	
6.393180e+02	6.282465e+02	6.282572e+02	
6.077612e+02	6.055529e+02	6.055637e+02	
6.497542e+02	6.361791e+02	6.361898e+02	
6.079678e+02	6.008864e+02	6.008972e+02	
6.168523e+02	6.161034e+02	6.161142e+02	
6.477095e+02	6.400914e+02	6.401022e+02	
6.069404e+02	6.041828e+02	6.041936e+02	
6.326927e+02	6.164236e+02	6.164343e+02	
6.155627e+02	6.096390e+02	6.096497e+02	
6.139413e+02	6.091661e+02	6.091768e+02	
6.286846e+02	6.230141e+02	6.230248e+02	
5.876586e+02	5.775230e+02	5.775337e+02	
6.135155e+02	6.057682e+02	6.057789e+02	
6.168887e+02	6.092975e+02	6.093082e+02	
6.111884e+02	6.058537e+02	6.058644e+02	
6.326144e+02	6.269947e+02	6.270055e+02	
6.097418e+02	6.080368e+02	6.080475e+02	
6.049300e+02	6.002149e+02	6.002257e+02	
6.430493e+02	6.383237e+02	6.383345e+02	
6.273247e+02	6.196479e+02	6.196587e+02	
6.381189e+02	6.315221e+02	6.315329e+02	
5.877523e+02	5.799890e+02	5.799997e+02	
6.032279e+02	6.002968e+02	6.003076e+02	
5.890846e+02	5.820331e+02	5.820438e+02	
5.906213e+02	5.824166e+02	5.824273e+02	
5.944202e+02	5.848476e+02	5.848584e+02	
6.177185e+02	6.112297e+02	6.112404e+02	
6.108330e+02	6.033155e+02	6.033263e+02	
6.164438e+02	6.123090e+02	6.123197e+02	
5.921423e+02	5.830581e+02	5.830689e+02	
6.040330e+02	5.931434e+02	5.931541e+02	
6.374357e+02	6.338249e+02	6.338356e+02	
6.056273e+02	6.013788e+02	6.013896e+02	
6.195911e+02	6.079058e+02	6.079166e+02	
6.003199e+02	5.951935e+02	5.952042e+02	
6.286467e+02	6.156257e+02	6.156364e+02	
6.276465e+02	6.249007e+02	6.249114e+02	
5.923023e+02	5.866837e+02	5.866945e+02	
6.229825e+02	6.204657e+02	6.204764e+02	
6.299468e+02	6.252006e+02	6.252113e+02	
6.376926e+02	6.285651e+02	6.285758e+02	
6.280525e+02	6.202322e+02	6.202429e+02	
6.014033e+02	5.939480e+02	5.939587e+02	
5.979259e+02	5.923778e+02	5.923886e+02	
6.056160e+02	5.999979e+02	6.000086e+02	
6.709916e+02	6.570096e+02	6.570204e+02	
5.753668e+02	5.651047e+02	5.651154e+02	
5.931453e+02	5.865036e+02	5.865144e+02	
6.221115e+02	6.176224e+02	6.176332e+02	
5.952449e+02	5.877224e+02	5.877331e+02	
6.268962e+02	6.236851e+02	6.236958e+02	
6.072875e+02	5.969655e+02	5.969763e+02	
6.352487e+02	6.285335e+02	6.285443e+02	
6.211568e+02	6.141314e+02	6.141422e+02	
6.061635e+02	5.979844e+02	5.979952e+02	
5.971886e+02	5.923703e+02	5.923810e+02	
6.226779e+02	6.165423e+02	6.165531e+02	
6.349840e+02	6.295991e+02	6.296099e+02	
6.057076e+02	6.004152e+02	6.004260e+02	
6.115170e+02	6.080242e+02	6.080350e+02	
6.263279e+02	6.136086e+02	6.136193e+02	
6.264616e+02	6.234030e+02	6.234138e+02	
6.395304e+02	6.293790e+02	6.293898e+02	
6.152579e+02	6.120133e+02	6.120240e+02	
6.291192e+02	6.227212e+02	6.227319e+02	
6.097368e+02	6.073167e+02	6.073274e+02	
6.251412e+02	6.189146e+02	6.189254e+02	
6.103996e+02	6.038899e+02	6.039007e+02	
6.163209e+02	6.061867e+02	6.061974e+02	
5.969209e+02	5.923353e+02	5.923460e+02	
6.328834e+02	6.277403e+02	6.277511e+02	
6.240158e+02	6.171370e+02	6.171478e+02	
5.896367e+02	5.839337e+02	5.839444e+02	
6.232020e+02	6.201309e+02	6.201417e+02	
5.912688e+02	5.847926e+02	5.848033e+02	
6.199150e+02	6.145583e+02	6.145690e+02	
6.033083e+02	5.983013e+02	5.983121e+02	
6.215320e+02	6.182133e+02	6.182240e+02	
6.239819e+02	6.190014e+02	6.190122e+02	
6.273604e+02	6.243544e+02	6.243652e+02	
6.443315e+02	6.390844e+02	6.390951e+02	
5.986775e+02	5.847243e+02	5.847351e+02	
6.046280e+02	5.946791e+02	5.946899e+02	
6.214567e+02	6.099972e+02	6.100079e+02	
6.284066e+02	6.168075e+02	6.168182e+02	
6.150108e+02	6.116188e+02	6.116295e+02	
6.432008e+02	6.371838e+02	6.371945e+02	
6.325293e+02	6.177237e+02	6.177344e+02	
5.897607e+02	5.840700e+02	5.840807e+02	
6.171826e+02	6.099692e+02	6.099799e+02	
5.963171e+02	5.922741e+02	5.922848e+02	
6.282488e+02	6.242119e+02	6.242226e+02	
6.243294e+02	6.185278e+02	6.185386e+02	
6.057773e+02	5.982096e+02	5.982204e+02	
6.211496e+02	6.189570e+02	6.189677e+02	
5.885443e+02	5.845401e+02	5.845508e+02	
6.244406e+02	6.177612e+02	6.177719e+02	
5.760229e+02	5.654901e+02	5.655008e+02	
6.175211e+02	6.059563e+02	6.059670e+02	
6.475300e+02	6.368062e+02	6.368169e+02	
6.001739e+02	5.920474e+02	5.920582e+02	
5.991418e+02	5.901460e+02	5.901567e+02	
6.160538e+02	6.114826e+02	6.114933e+02	
6.017051e+02	5.955811e+02	5.955918e+02	
6.053822e+02	6.013663e+02	6.013770e+02	
6.101554e+02	5.996873e+02	5.996981e+02	
5.968986e+02	5.944034e+02	5.944141e+02	
6.314330e+02	6.241614e+02	6.241721e+02	
6.254093e+02	6.184592e+02	6.184699e+02	
6.396180e+02	6.355437e+02	6.355544e+02	
6.303013e+02	6.231060e+02	6.231167e+02	
6.439081e+02	6.319232e+02	6.319339e+02	
5.848321e+02	5.801643e+02	5.801751e+02	
5.909114e+02	5.817087e+02	5.817195e+02	
6.214243e+02	6.162123e+02	6.162230e+02	
6.070653e+02	5.990677e+02	5.990785e+02	
5.905342e+02	5.882090e+02	5.882198e+02	
6.067047e+02	5.971347e+02	5.971454e+02	
6.075581e+02	6.006047e+02	6.006154e+02	
5.879878e+02	5.837933e+02	5.838040e+02	
6.273227e+02	6.226703e+02	6.226810e+02	
6.220351e+02	6.142069e+02	6.142176e+02	
6.266236e+02	6.150106e+02	6.150214e+02	
6.142943e+02	6.033400e+02	6.033508e+02	
6.069778e+02	5.985807e+02	5.985914e+02	
6.301898e+02	6.264686e+02	6.264793e+02	
6.420430e+02	6.377971e+02	6.378078e+02	
6.387458e+02	6.318786e+02	6.318893e+02	
6.108379e+02	6.013773e+02	6.013880e+02	
6.067130e+02	6.010190e+02	6.010298e+02	
5.928507e+02	5.868563e+02	5.868670e+02	
5.992307e+02	5.952031e+02	5.952139e+02	
5.948358e+02	5.866298e+02	5.866406e+02	
6.192689e+02	6.068799e+02	6.068906e+02	
6.000029e+02	5.915547e+02	5.915654e+02	
6.005656e+02	5.927674e+02	5.927781e+02	
6.250993e+02	6.204511e+02	6.204619e+02	
6.050650e+02	5.902935e+02	5.903042e+02	
6.176753e+02	6.101883e+02	6.101990e+02	
6.153961e+02	6.088942e+02	6.089049e+02	
6.093921e+02	5.946601e+02	5.946708e+02	
6.389727e+02	6.307895e+02	6.308003e+02	
5.945789e+02	5.885349e+02	5.885457e+02	
6.049353e+02	5.914173e+02	5.914280e+02	
6.122293e+02	6.033698e+02	6.033805e+02	
5.985856e+02	5.864867e+02	5.864974e+02	
5.967483e+02	5.919432e+02	5.919539e+02	
6.182837e+02	6.134501e+02	6.134608e+02	
6.037884e+02	5.956610e+02	5.956718e+02	
5.812369e+02	5.737625e+02	5.737732e+02	
5.872212e+02	5.794580e+02	5.794688e+02	
6.365294e+02	6.341282e+02	6.341389e+02	
6.157601e+02	6.129029e+02	6.129136e+02	
6.034738e+02	5.946523e+02	5.946631e+02	
6.069650e+02	6.002222e+02	6.002330e+02	
5.812887e+02	5.758957e+02	5.759065e+02	
6.690329e+02	6.564264e+02	6.564371e+02	
5.802313e+02	5.634450e+02	5.634557e+02	
6.382975e+02	6.303883e+02	6.303991e+02	
5.905237e+02	5.826629e+02	5.826736e+02	
6.345702e+02	6.254320e+02	6.254427e+02	
5.986119e+02	5.940421e+02	5.940529e+02	
6.039514e+02	5.924726e+02	5.924833e+02	
6.235596e+02	6.173581e+02	6.173689e+02	
6.212446e+02	6.172123e+02	6.172231e+02	
5.963023e+02	5.905156e+02	5.905263e+02	
6.150787e+02	6.101295e+02	6.101402e+02	
6.191866e+02	6.161146e+02	6.161253e+02	
6.388389e+02	6.232378e+02	6.232486e+02	
5.860835e+02	5.758676e+02	5.758784e+02	
6.042771e+02	6.001815e+02	6.001923e+02	
6.157303e+02	6.079439e+02	6.079546e+02	
6.072667e+02	6.014709e+02	6.014816e+02	
5.970296e+02	5.907280e+02	5.907387e+02	
6.150908e+02	6.126272e+02	6.126379e+02	
5.820179e+02	5.729332e+02	5.729440e+02	
6.025164e+02	5.895927e+02	5.896035e+02	
6.215710e+02	6.165893e+02	6.166001e+02	
5.927420e+02	5.838593e+02	5.838701e+02	
6.032287e+02	5.927212e+02	5.927319e+02	
6.224515e+02	6.184934e+02	6.185041e+02	
6.074723e+02	6.054360e+02	6.054467e+02	
6.234342e+02	6.205859e+02	6.205966e+02	
6.214029e+02	6.080807e+02	6.080915e+02	
6.177872e+02	6.150912e+02	6.151019e+02	
6.316770e+02	6.256089e+02	6.256196e+02	
6.245624e+02	6.029770e+02	6.029877e+02	
6.007004e+02	5.953380e+02	5.953487e+02	
6.246944e+02	6.186065e+02	6.186172e+02	
6.146191e+02	6.087711e+02	6.087818e+02	
6.113966e+02	6.088875e+02	6.088983e+02	
6.227794e+02	6.194841e+02	6.194949e+02	
6.155095e+02	6.128526e+02	6.128633e+02	
6.279065e+02	6.245327e+02	6.245434e+02	
6.043877e+02	5.956147e+02	5.956255e+02	
6.005123e+02	5.924425e+02	5.924532e+02	
6.146450e+02	6.087446e+02	6.087554e+02	
6.220801e+02	6.169390e+02	6.169497e+02	
6.091516e+02	6.016836e+02	6.016943e+02	
6.369437e+02	6.314159e+02	6.314266e+02	
6.241671e+02	6.168877e+02	6.168985e+02	
5.863212e+02	5.791726e+02	5.791834e+02	
6.187340e+02	6.143556e+02	6.143663e+02	
6.533519e+02	6.449982e+02	6.450089e+02	
5.854353e+02	5.744863e+02	5.744970e+02	
5.773103e+02	5.692707e+02	5.692815e+02	
5.835127e+02	5.735346e+02	5.735453e+02	
6.493635e+02	6.424482e+02	6.424590e+02	
6.323035e+02	6.248161e+02	6.248269e+02	
5.863080e+02	5.804196e+02	5.804303e+02	
6.279137e+02	6.180286e+02	6.180393e+02	
5.829956e+02	5.754607e+02	5.754715e+02	
6.077811e+02	6.028684e+02	6.028792e+02	
5.807747e+02	5.732773e+02	5.732881e+02	
6.158230e+02	6.095758e+02	6.095865e+02	
6.099787e+02	6.055108e+02	6.055216e+02	
6.001511e+02	5.929353e+02	5.929460e+02	
6.044803e+02	6.000060e+02	6.000168e+02	
6.081629e+02	6.039598e+02	6.039706e+02	
5.992511e+02	5.901965e+02	5.902072e+02	
6.021805e+02	5.993973e+02	5.994080e+02	
5.763455e+02	5.656619e+02	5.656727e+02	
6.115692e+02	6.061638e+02	6.061746e+02	
6.361019e+02	6.302542e+02	6.302650e+02	
6.282266e+02	6.249638e+02	6.249745e+02	
5.844642e+02	5.695860e+02	5.695968e+02	
6.331226e+02	6.238020e+02	6.238127e+02	
6.177965e+02	6.139605e+02	6.139713e+02	
5.999980e+02	5.914478e+02	5.914585e+02	
6.019016e+02	5.984121e+02	5.984228e+02	
6.223622e+02	6.186638e+02	6.186745e+02	
6.235540e+02	6.209216e+02	6.209323e+02	
5.906632e+02	5.858714e+02	5.858821e+02	
5.976543e+02	5.883567e+02	5.883674e+02	
5.925337e+02	5.827314e+02	5.827421e+02	
6.052936e+02	5.908264e+02	5.908371e+02	
6.003427e+02	5.952175e+02	5.952282e+02	
6.316321e+02	6.174099e+02	6.174207e+02	
6.243730e+02	6.213537e+02	6.213645e+02	
6.161890e+02	6.122791e+02	6.122898e+02	
6.209784e+02	6.181964e+02	6.182072e+02	
6.529500e+02	6.445117e+02	6.445225e+02	
5.859182e+02	5.794748e+02	5.794855e+02	
6.453262e+02	6.340987e+02	6.341095e+02	
6.434537e+02	6.366418e+02	6.366526e+02	
6.150570e+02	6.043848e+02	6.043955e+02	
6.105998e+02	6.084768e+02	6.084875e+02	
6.050979e+02	5.989440e+02	5.989547e+02	
6.025818e+02	5.997959e+02	5.998066e+02	
6.265808e+02	6.225148e+02	6.225256e+02	
6.364544e+02	6.298504e+02	6.298612e+02	
6.360824e+02	6.280264e+02	6.280372e+02	
6.142457e+02	6.074419e+02	6.074526e+02	
6.497447e+02	6.418393e+02	6.418501e+02	
6.283341e+02	6.225178e+02	6.225286e+02	
6.141922e+02	6.113722e+02	6.113829e+02	
6.033637e+02	5.981942e+02	5.982049e+02	
6.241932e+02	6.212214e+02	6.212321e+02	
6.069698e+02	6.022896e+02	6.023004e+02	
6.032965e+02	5.983855e+02	5.983963e+02	
6.067928e+02	6.013726e+02	6.013834e+02	
6.228511e+02	6.189438e+02	6.189545e+02	
5.831492e+02	5.774614e+02	5.774721e+02	
5.833761e+02	5.791977e+02	5.792085e+02	
6.246345e+02	6.143243e+02	6.143350e+02	
6.094294e+02	5.986029e+02	5.986137e+02	
6.209998e+02	6.153974e+02	6.154082e+02	
5.928409e+02	5.866699e+02	5.866807e+02	
6.343351e+02	6.318173e+02	6.318281e+02	
6.023330e+02	5.978012e+02	5.978120e+02	
6.764006e+02	6.620013e+02	6.620120e+02	
6.189984e+02	6.169207e+02	6.169315e+02	
6.287621e+02	6.259082e+02	6.259189e+02	
6.193404e+02	6.142529e+02	6.142636e+02	
6.192548e+02	6.086315e+02	6.086423e+02	
6.110215e+02	6.075654e+02	6.075761e+02	
5.856292e+02	5.708486e+02	5.708594e+02	
6.225516e+02	6.205600e+02	6.205708e+02	
5.966122e+02	5.869366e+02	5.869473e+02	
6.298073e+02	6.246766e+02	6.246874e+02	
5.967103e+02	5.884178e+02	5.884285e+02	
6.420632e+02	6.311006e+02	6.311113e+02	
6.236899e+02	6.068084e+02	6.068191e+02	
6.275723e+02	6.220686e+02	6.220793e+02	
6.200335e+02	6.145994e+02	6.146101e+02	
6.177306e+02	6.114101e+02	6.114209e+02	
6.005732e+02	5.956885e+02	5.956992e+02	
6.284514e+02	6.237557e+02	6.237665e+02	
6.034651e+02	5.973994e+02	5.974102e+02	
6.228556e+02	6.112401e+02	6.112508e+02	
6.262078e+02	6.226009e+02	6.226116e+02	
6.199077e+02	6.171127e+02	6.171235e+02	
6.020043e+02	5.916430e+02	5.916537e+02	
5.984164e+02	5.904972e+02	5.905080e+02	
6.362369e+02	6.317552e+02	6.317660e+02	
6.058733e+02	5.995879e+02	5.995987e+02	
6.078321e+02	6.051914e+02	6.052021e+02	
6.004523e+02	5.975771e+02	5.975878e+02	
6.381089e+02	6.286497e+02	6.286604e+02	
6.213449e+02	6.134375e+02	6.134483e+02	
6.234989e+02	6.165951e+02	6.166058e+02	
6.236239e+02	6.192350e+02	6.192457e+02	
6.401026e+02	6.294220e+02	6.294327e+02	
6.250458e+02	6.201287e+02	6.201394e+02	
6.193262e+02	6.117697e+02	6.117804e+02	
6.226036e+02	6.202572e+02	6.202679e+02	
6.232258e+02	6.146250e+02	6.146358e+02	
6.162372e+02	6.073073e+02	6.073180e+02	
5.886613e+02	5.841547e+02	5.841655e+02	
6.134216e+02	6.056514e+02	6.056621e+02	
6.130526e+02	6.071809e+02	6.071917e+02	
6.036565e+02	6.004631e+02	6.004739e+02	
6.182819e+02	6.106690e+02	6.106797e+02	
6.330079e+02	6.196360e+02	6.196468e+02	
6.172615e+02	6.114738e+02	6.114846e+02	
6.167112e+02	6.152083e+02	6.152190e+02	
6.061242e+02	6.030544e+02	6.030652e+02	
6.036845e+02	5.973184e+02	5.973291e+02	
5.823094e+02	5.773475e+02	5.773583e+02	
6.209176e+02	6.178440e+02	6.178548e+02	
6.072356e+02	6.049269e+02	6.049377e+02	
6.282892e+02	6.209132e+02	6.209239e+02	
6.188848e+02	6.097400e+02	6.097508e+02	
6.048172e+02	5.986862e+02	5.986970e+02	
6.271773e+02	6.170070e+02	6.170178e+02	
6.071448e+02	6.017043e+02	6.017150e+02	
6.216840e+02	6.148210e+02	6.148317e+02	
6.111371e+02	6.055992e+02	6.056099e+02	
6.143698e+02	6.042898e+02	6.043006e+02	
6.049341e+02	6.008522e+02	6.008630e+02	
5.982136e+02	5.930216e+02	5.930324e+02	
6.347071e+02	6.301138e+02	6.301246e+02	
5.974062e+02	5.923592e+02	5.923699e+02	
6.212108e+02	6.164215e+02	6.164322e+02	
6.115228e+02	6.068266e+02	6.068373e+02	
6.013151e+02	5.961968e+02	5.962075e+02	
6.204634e+02	6.148662e+02	6.148769e+02	
6.060919e+02	6.012817e+02	6.012924e+02	
5.988426e+02	5.927463e+02	5.927571e+02	
6.058584e+02	5.968340e+02	5.968448e+02	
6.239693e+02	6.196849e+02	6.196957e+02	
6.216463e+02	6.201502e+02	6.201610e+02	
6.171722e+02	5.988978e+02	5.989086e+02	
6.212440e+02	6.142959e+02	6.143067e+02	
6.349307e+02	6.293441e+02	6.293548e+02	
6.234283e+02	6.058522e+02	6.058629e+02	
6.109017e+02	6.073332e+02	6.073440e+02	
6.298551e+02	6.223419e+02	6.223526e+02	
5.970498e+02	5.880065e+02	5.880172e+02	
6.119942e+02	6.072285e+02	6.072392e+02	
6.358382e+02	6.320107e+02	6.320214e+02	
6.247692e+02	6.166735e+02	6.166843e+02	
6.342240e+02	6.252622e+02	6.252729e+02	
6.226809e+02	6.142888e+02	6.142996e+02	
6.138415e+02	6.086507e+02	6.086615e+02	
6.353610e+02	6.209713e+02	6.209820e+02	
5.922052e+02	5.815004e+02	5.815112e+02	
6.097224e+02	5.969368e+02	5.969475e+02	
5.983399e+02	5.919548e+02	5.919655e+02	
6.058705e+02	5.979052e+02	5.979159e+02	
6.098863e+02	6.026469e+02	6.026576e+02	
5.970627e+02	5.917407e+02	5.917514e+02	
6.102819e+02	6.051727e+02	6.051835e+02	
6.239891e+02	6.183961e+02	6.184069e+02	
6.047047e+02	5.983305e+02	5.983413e+02	
6.523543e+02	6.419391e+02	6.419499e+02	
5.891217e+02	5.808992e+02	5.809099e+02	
5.860257e+02	5.768576e+02	5.768683e+02	
6.289236e+02	6.179530e+02	6.179637e+02	
5.934069e+02	5.893981e+02	5.894089e+02	
6.169696e+02	6.120634e+02	6.120741e+02	
5.948279e+02	5.886569e+02	5.886676e+02	
6.037321e+02	5.976324e+02	5.976432e+02	
6.354831e+02	6.234229e+02	6.234336e+02	
6.533331e+02	6.419488e+02	6.419596e+02	
5.913547e+02	5.856812e+02	5.856919e+02	
6.252222e+02	6.224011e+02	6.224118e+02	
5.984948e+02	5.906567e+02	5.906675e+02	
6.047038e+02	6.004697e+02	6.004804e+02	
6.109465e+02	6.043782e+02	6.043889e+02	
6.180514e+02	6.118844e+02	6.118952e+02	
5.973456e+02	5.895285e+02	5.895393e+02	
6.170315e+02	6.070917e+02	6.071024e+02	
6.133682e+02	6.100889e+02	6.100997e+02	
6.486116e+02	6.383164e+02	6.383272e+02	
5.847474e+02	5.746694e+02	5.746801e+02	
6.243909e+02	6.197410e+02	6.197518e+02	
6.277168e+02	6.258659e+02	6.258767e+02	
6.228510e+02	6.185576e+02	6.185683e+02	
6.023846e+02	5.914920e+02	5.915027e+02	
6.171073e+02	6.099486e+02	6.099593e+02	
6.312182e+02	6.192993e+02	6.193101e+02	
6.166633e+02	6.130189e+02	6.130297e+02	
6.133116e+02	6.094155e+02	6.094262e+02	
6.065361e+02	6.010151e+02	6.010259e+02	
6.211397e+02	6.173841e+02	6.173948e+02	
6.270861e+02	6.182742e+02	6.182850e+02	
6.217048e+02	6.186263e+02	6.186371e+02	
5.942318e+02	5.845457e+02	5.845564e+02	
5.830632e+02	5.779626e+02	5.779734e+02	
6.039045e+02	5.977098e+02	5.977205e+02	
6.125875e+02	6.016488e+02	6.016595e+02	
5.990480e+02	5.949111e+02	5.949218e+02	
6.253515e+02	6.123032e+02	6.123140e+02	
6.010632e+02	5.953070e+02	5.953178e+02	
6.028159e+02	5.959795e+02	5.959902e+02	
5.855374e+02	5.761528e+02	5.761636e+02	
6.000070e+02	5.876097e+02	5.876205e+02	
6.146367e+02	6.116626e+02	6.116734e+02	
6.179039e+02	6.145444e+02	6.145551e+02	
6.179998e+02	6.085151e+02	6.085258e+02	
6.051990e+02	5.975639e+02	5.975746e+02	
6.058521e+02	6.007336e+02	6.007443e+02	
6.066376e+02	6.038821e+02	6.038929e+02	
5.933517e+02	5.818459e+02	5.818566e+02	
5.938265e+02	5.887802e+02	5.887909e+02	
6.336493e+02	6.284870e+02	6.284977e+02	
5.881256e+02	5.808111e+02	5.808218e+02	
6.144813e+02	6.104926e+02	6.105033e+02	
6.293504e+02	6.194808e+02	6.194915e+02	
6.131531e+02	6.083136e+02	6.083243e+02	
6.194481e+02	6.152529e+02	6.152637e+02	
6.286214e+02	6.231753e+02	6.231861e+02	
6.230730e+02	6.183901e+02	6.184008e+02	
6.061356e+02	5.944117e+02	5.944224e+02	
6.111483e+02	6.086496e+02	6.086603e+02	
6.452313e+02	6.398817e+02	6.398924e+02	
6.185765e+02	6.103845e+02	6.103953e+02	
6.198275e+02	6.122401e+02	6.122508e+02	
6.136179e+02	6.101504e+02	6.101611e+02	
6.303474e+02	6.257480e+02	6.257588e+02	
6.123656e+02	6.055923e+02	6.056030e+02	
6.307777e+02	6.268785e+02	6.268893e+02	
5.940280e+02	5.866454e+02	5.866561e+02	
6.282434e+02	6.193905e+02	6.194013e+02	
6.240282e+02	6.207009e+02	6.207116e+02	
6.081659e+02	5.968144e+02	5.968252e+02	
6.234181e+02	6.171324e+02	6.171431e+02	
5.893861e+02	5.790883e+02	5.790991e+02	
6.225948e+02	6.205435e+02	6.205542e+02	
6.139893e+02	6.120049e+02	6.120157e+02	
6.349972e+02	6.279033e+02	6.279140e+02	
6.081380e+02	5.981011e+02	5.981119e+02	
5.973023e+02	5.899116e+02	5.899224e+02	
6.247213e+02	6.195102e+02	6.195210e+02	
6.252413e+02	6.209195e+02	6.209302e+02	
6.310990e+02	6.263135e+02	6.263243e+02	
6.181511e+02	6.092342e+02	6.092449e+02	
6.124040e+02	5.950216e+02	5.950323e+02	
5.964309e+02	5.911724e+02	5.911831e+02	
6.093252e+02	6.042919e+02	6.043027e+02	
6.260278e+02	6.195186e+02	6.195294e+02	
6.335108e+02	6.299635e+02	6.299742e+02	
5.988114e+02	5.901589e+02	5.901696e+02	
6.210040e+02	6.143116e+02	6.143223e+02	
6.229455e+02	6.171241e+02	6.171348e+02	
6.204584e+02	6.132227e+02	6.132334e+02	
5.809463e+02	5.696857e+02	5.696965e+02	
6.118075e+02	6.025485e+02	6.025593e+02	
5.875928e+02	5.837003e+02	5.837110e+02	
