1.622671e-02	1.665864e-02	
1.491913e-02	1.523399e-02	
1.222260e-02	1.199345e-02	
1.859236e-02	1.923620e-02	
1.261524e-02	1.273406e-02	
1.224669e-02	1.231185e-02	
1.333098e-02	1.309834e-02	
1.772619e-02	1.794223e-02	
1.716659e-02	1.744215e-02	
1.680590e-02	1.688983e-02	
1.921891e-02	1.917608e-02	
1.646387e-02	1.640411e-02	
1.469578e-02	1.492948e-02	
1.670644e-02	1.674440e-02	
1.047070e-02	1.044442e-02	
1.785850e-02	1.791155e-02	
1.312585e-02	1.305447e-02	
2.529277e-02	2.556353e-02	
2.507052e-02	2.502705e-02	
1.590640e-02	1.585342e-02	
1.534609e-02	1.521072e-02	
1.508496e-02	1.519696e-02	
9.160078e-03	8.690760e-03	
1.381190e-02	1.405103e-02	
1.599435e-02	1.593815e-02	
1.063537e-02	1.087888e-02	
1.361985e-02	1.418812e-02	
8.818709e-03	8.859364e-03	
9.147646e-03	9.369793e-03	
1.438184e-02	1.436403e-02	
9.196909e-03	9.346689e-03	
1.470514e-02	1.450717e-02	
1.174823e-02	1.172348e-02	
2.168591e-02	2.146439e-02	
1.247026e-02	1.253116e-02	
1.994788e-02	1.981138e-02	
1.156947e-02	1.157951e-02	
1.684039e-02	1.674499e-02	
1.140532e-02	1.161850e-02	
1.422398e-02	1.456608e-02	
8.542035e-03	8.419901e-03	
9.278310e-03	9.550424e-03	
1.364697e-02	1.352635e-02	
1.791223e-02	1.770450e-02	
1.718587e-02	1.699993e-02	
1.372034e-02	1.399787e-02	
1.980430e-02	1.988776e-02	
8.960314e-03	9.361348e-03	
1.482137e-02	1.515683e-02	
1.589905e-02	1.593873e-02	
7.990585e-03	7.857038e-03	
1.170241e-02	1.203471e-02	
1.551992e-02	1.560017e-02	
1.182046e-02	1.187910e-02	
9.448564e-03	9.500708e-03	
2.024008e-02	2.046489e-02	
1.219545e-02	1.228954e-02	
1.350523e-02	1.373258e-02	
1.766992e-02	1.767970e-02	
1.242359e-02	1.214878e-02	
1.784458e-02	1.734739e-02	
1.051259e-02	1.062879e-02	
2.514355e-02	2.514511e-02	
7.321692e-03	7.093263e-03	
1.261904e-02	1.265047e-02	
1.557724e-02	1.567448e-02	
1.833750e-02	1.840535e-02	
1.372973e-02	1.379445e-02	
1.995887e-02	2.020628e-02	
2.049482e-02	2.059396e-02	
1.223752e-02	1.227910e-02	
1.348358e-02	1.370307e-02	
7.795962e-03	7.724576e-03	
7.849479e-03	7.894378e-03	
1.432680e-02	1.449040e-02	
9.079105e-03	8.993897e-03	
1.530037e-02	1.557552e-02	
1.482563e-02	1.510573e-02	
1.830506e-02	1.864171e-02	
1.728542e-02	1.739907e-02	
1.561591e-02	1.582476e-02	
2.074365e-02	2.102596e-02	
1.716855e-02	1.755077e-02	
1.406431e-02	1.418981e-02	
1.900914e-02	1.945361e-02	
1.311653e-02	1.271209e-02	
9.640645e-03	9.827982e-03	
1.490219e-02	1.488517e-02	
2.050928e-02	2.047959e-02	
2.010440e-02	2.038050e-02	
1.079287e-02	1.102008e-02	
9.902263e-03	1.007253e-02	
7.788961e-03	7.741216e-03	
1.361907e-02	1.314881e-02	
1.857952e-02	1.857391e-02	
1.998453e-02	2.007363e-02	
1.576771e-02	1.633679e-02	
1.410256e-02	1.426614e-02	
1.298461e-02	1.286152e-02	
1.399796e-02	1.414954e-02	
1.444475e-02	1.476466e-02	
2.110914e-02	2.111864e-02	
2.293604e-02	2.333370e-02	
1.638836e-02	1.582073e-02	
1.938634e-02	1.967436e-02	
1.329190e-02	1.302299e-02	
2.592797e-02	2.581610e-02	
7.437052e-03	7.457997e-03	
1.094034e-02	1.127938e-02	
1.834711e-02	1.843465e-02	
9.129144e-03	9.314437e-03	
1.315047e-02	1.328875e-02	
1.346837e-02	1.334239e-02	
1.115984e-02	1.125723e-02	
1.431055e-02	1.443242e-02	
1.981545e-02	2.015106e-02	
1.852057e-02	1.863248e-02	
1.221956e-02	1.201634e-02	
9.423753e-03	9.223006e-03	
1.113148e-02	1.130994e-02	
2.143759e-02	2.173650e-02	
1.505830e-02	1.560230e-02	
1.068350e-02	1.051869e-02	
1.439524e-02	1.456422e-02	
1.294804e-02	1.313280e-02	
8.155711e-03	7.933307e-03	
1.475500e-02	1.484104e-02	
2.613711e-02	2.629669e-02	
1.688881e-02	1.724911e-02	
1.329363e-02	1.360015e-02	
1.209061e-02	1.209596e-02	
1.174735e-02	1.185201e-02	
1.984729e-02	2.004792e-02	
1.858718e-02	1.816900e-02	
1.167339e-02	1.164683e-02	
9.428631e-03	9.385630e-03	
1.595046e-02	1.569832e-02	
9.189927e-03	9.206350e-03	
1.129719e-02	1.111515e-02	
2.237524e-02	2.274614e-02	
1.381899e-02	1.385751e-02	
1.333588e-02	1.329421e-02	
1.418808e-02	1.468012e-02	
1.521193e-02	1.538172e-02	
1.962728e-02	1.983065e-02	
1.372595e-02	1.388392e-02	
7.982301e-03	7.995171e-03	
1.698753e-02	1.717203e-02	
2.372265e-02	2.406516e-02	
1.437403e-02	1.424730e-02	
1.479378e-02	1.444045e-02	
1.400398e-02	1.411795e-02	
2.811641e-02	2.824328e-02	
1.297491e-02	1.305507e-02	
1.795738e-02	1.841685e-02	
1.734415e-02	1.756050e-02	
1.211524e-02	1.233816e-02	
1.822817e-02	1.863064e-02	
7.139983e-03	7.144583e-03	
1.527530e-02	1.526206e-02	
2.402108e-02	2.355267e-02	
9.674065e-03	9.702862e-03	
1.761541e-02	1.798223e-02	
8.378855e-03	8.378285e-03	
9.796201e-03	1.004774e-02	
1.345263e-02	1.350838e-02	
1.604962e-02	1.588622e-02	
1.143794e-02	1.185834e-02	
1.058126e-02	1.047396e-02	
1.348531e-02	1.319430e-02	
1.016164e-02	9.981586e-03	
1.185286e-02	1.222278e-02	
1.626277e-02	1.662665e-02	
1.961810e-02	1.975092e-02	
1.370980e-02	1.400669e-02	
1.636676e-02	1.659672e-02	
1.208809e-02	1.241031e-02	
1.548871e-02	1.550062e-02	
2.060581e-02	2.079013e-02	
1.093219e-02	1.090763e-02	
1.399115e-02	1.420720e-02	
1.384189e-02	1.394539e-02	
1.642505e-02	1.664911e-02	
1.708026e-02	1.726773e-02	
1.504780e-02	1.522266e-02	
9.730456e-03	9.815282e-03	
1.305171e-02	1.317127e-02	
1.256623e-02	1.271232e-02	
7.204307e-03	7.082919e-03	
1.613153e-02	1.608580e-02	
8.947341e-03	9.056725e-03	
2.178893e-02	2.203394e-02	
1.374139e-02	1.415613e-02	
9.621604e-03	9.726048e-03	
1.235680e-02	1.206313e-02	
1.140975e-02	1.138497e-02	
1.186445e-02	1.187786e-02	
1.233934e-02	1.252808e-02	
1.795292e-02	1.798233e-02	
1.618795e-02	1.636557e-02	
1.201949e-02	1.234079e-02	
1.128412e-02	1.100867e-02	
1.274899e-02	1.309652e-02	
1.893261e-02	1.899119e-02	
1.406833e-02	1.409141e-02	
1.132467e-02	1.125317e-02	
1.545278e-02	1.539096e-02	
1.066530e-02	1.069719e-02	
1.080398e-02	1.092973e-02	
1.319636e-02	1.326455e-02	
1.295170e-02	1.303081e-02	
2.562037e-02	2.575057e-02	
1.290277e-02	1.296046e-02	
2.265340e-02	2.284444e-02	
1.076944e-02	1.065029e-02	
1.834767e-02	1.813863e-02	
1.835079e-02	1.807319e-02	
9.964804e-03	1.016937e-02	
1.674766e-02	1.698789e-02	
1.482441e-02	1.449467e-02	
9.933775e-03	9.948015e-03	
7.824812e-03	7.700279e-03	
9.424219e-03	9.574962e-03	
1.353529e-02	1.370389e-02	
8.569037e-03	8.693496e-03	
9.804880e-03	9.932629e-03	
1.213269e-02	1.178265e-02	
2.184884e-02	2.163468e-02	
1.527563e-02	1.515164e-02	
2.069159e-02	2.086401e-02	
2.135184e-02	2.135600e-02	
1.820086e-02	1.795107e-02	
1.714273e-02	1.713134e-02	
1.136335e-02	1.136284e-02	
2.943891e-02	2.950306e-02	
1.078931e-02	1.105395e-02	
2.060700e-02	2.079346e-02	
9.996790e-03	9.802591e-03	
1.236879e-02	1.261524e-02	
1.130852e-02	1.110945e-02	
1.586282e-02	1.592968e-02	
1.796212e-02	1.813081e-02	
2.045921e-02	2.064787e-02	
9.588471e-03	9.702898e-03	
7.642384e-03	7.992047e-03	
1.544668e-02	1.530211e-02	
1.646906e-02	1.677001e-02	
1.654055e-02	1.662094e-02	
1.698610e-02	1.716669e-02	
2.511721e-02	2.504778e-02	
1.445039e-02	1.501381e-02	
1.263269e-02	1.304433e-02	
1.814420e-02	1.843738e-02	
1.321489e-02	1.298372e-02	
1.321197e-02	1.302008e-02	
1.736068e-02	1.734604e-02	
2.144235e-02	2.158775e-02	
1.739685e-02	1.765662e-02	
1.239150e-02	1.262765e-02	
1.010596e-02	1.028088e-02	
1.759039e-02	1.773211e-02	
1.372601e-02	1.358022e-02	
1.163308e-02	1.198201e-02	
8.708204e-03	8.876741e-03	
1.710786e-02	1.696157e-02	
6.404859e-03	6.641516e-03	
1.441081e-02	1.460978e-02	
1.747294e-02	1.778622e-02	
1.999741e-02	1.949635e-02	
2.227673e-02	2.285194e-02	
1.355472e-02	1.332302e-02	
1.250655e-02	1.251047e-02	
1.420970e-02	1.436452e-02	
1.515386e-02	1.526067e-02	
8.770169e-03	8.669539e-03	
1.831150e-02	1.844475e-02	
2.486845e-02	2.493948e-02	
1.603955e-02	1.586886e-02	
1.187685e-02	1.215855e-02	
8.010859e-03	7.589544e-03	
1.296657e-02	1.308133e-02	
1.129200e-02	1.105000e-02	
2.110156e-02	2.160016e-02	
2.124030e-02	2.101564e-02	
1.235228e-02	1.231763e-02	
1.331228e-02	1.381653e-02	
1.835596e-02	1.863947e-02	
1.155384e-02	1.163266e-02	
1.194622e-02	1.181738e-02	
1.815739e-02	1.855140e-02	
1.696462e-02	1.679861e-02	
9.284907e-03	9.143278e-03	
1.142608e-02	1.165252e-02	
1.059148e-02	1.042077e-02	
9.523895e-03	9.444950e-03	
2.200846e-02	2.176425e-02	
1.122540e-02	1.157076e-02	
1.565108e-02	1.594302e-02	
1.777259e-02	1.798592e-02	
9.464117e-03	9.463786e-03	
2.380057e-02	2.365901e-02	
6.097597e-03	6.134295e-03	
8.016871e-03	7.975402e-03	
1.717106e-02	1.749223e-02	
1.190130e-02	1.222833e-02	
2.044253e-02	2.025377e-02	
1.216021e-02	1.215599e-02	
1.337033e-02	1.383557e-02	
1.057568e-02	1.049313e-02	
1.452727e-02	1.447583e-02	
1.267477e-02	1.270156e-02	
1.058923e-02	1.070839e-02	
1.454482e-02	1.448966e-02	
1.581127e-02	1.592255e-02	
1.926390e-02	1.950429e-02	
2.547065e-02	2.585450e-02	
1.408388e-02	1.416302e-02	
1.164989e-02	1.161276e-02	
1.109926e-02	1.106642e-02	
1.944523e-02	1.995049e-02	
1.105489e-02	1.116704e-02	
9.678152e-03	9.895823e-03	
1.305861e-02	1.272386e-02	
1.194515e-02	1.236686e-02	
1.865705e-02	1.900824e-02	
1.871109e-02	1.890246e-02	
1.125440e-02	1.108805e-02	
2.072851e-02	2.034805e-02	
1.196316e-02	1.213732e-02	
1.491866e-02	1.482879e-02	
1.639087e-02	1.642465e-02	
1.681065e-02	1.672317e-02	
1.465884e-02	1.500448e-02	
1.906703e-02	1.914695e-02	
1.200446e-02	1.246483e-02	
1.236473e-02	1.246603e-02	
1.269220e-02	1.261034e-02	
3.102503e-02	3.100769e-02	
1.588034e-02	1.582974e-02	
1.828986e-02	1.849240e-02	
8.332352e-03	8.303724e-03	
1.697108e-02	1.720359e-02	
2.259688e-02	2.284312e-02	
1.230456e-02	1.231744e-02	
1.940361e-02	1.931304e-02	
1.701198e-02	1.721080e-02	
1.102548e-02	1.101467e-02	
1.571363e-02	1.577354e-02	
2.203819e-02	2.185747e-02	
1.559937e-02	1.568502e-02	
9.846941e-03	9.799160e-03	
1.270130e-02	1.260004e-02	
2.095555e-02	2.129201e-02	
1.677240e-02	1.659721e-02	
1.406488e-02	1.431500e-02	
8.150012e-03	8.080760e-03	
1.601803e-02	1.606896e-02	
1.197770e-02	1.187215e-02	
1.909573e-02	1.936068e-02	
1.261840e-02	1.239117e-02	
1.291706e-02	1.271475e-02	
1.291358e-02	1.318080e-02	
1.334472e-02	1.348636e-02	
1.333363e-02	1.339417e-02	
1.654255e-02	1.697745e-02	
8.083727e-03	7.957709e-03	
9.836219e-03	9.974008e-03	
9.633915e-03	9.655461e-03	
1.887560e-02	1.898263e-02	
1.976645e-02	1.992063e-02	
8.538027e-03	8.675758e-03	
1.624988e-02	1.673637e-02	
1.649465e-02	1.655474e-02	
2.229668e-02	2.268146e-02	
1.159092e-02	1.151303e-02	
1.438588e-02	1.471096e-02	
1.398913e-02	1.399919e-02	
1.461750e-02	1.459083e-02	
1.144394e-02	1.109417e-02	
1.091855e-02	1.086035e-02	
1.534342e-02	1.552005e-02	
1.497614e-02	1.494741e-02	
2.083195e-02	2.090623e-02	
1.766443e-02	1.756837e-02	
1.287506e-02	1.258153e-02	
1.715298e-02	1.724580e-02	
2.162234e-02	2.187239e-02	
1.421359e-02	1.441595e-02	
1.721581e-02	1.743531e-02	
1.296219e-02	1.327011e-02	
2.119334e-02	2.151266e-02	
1.294714e-02	1.324838e-02	
8.069882e-03	8.191784e-03	
1.129001e-02	1.140397e-02	
1.109815e-02	1.103311e-02	
1.197881e-02	1.191295e-02	
1.571516e-02	1.608783e-02	
1.258298e-02	1.247292e-02	
1.311644e-02	1.321443e-02	
1.826093e-02	1.839607e-02	
1.262006e-02	1.268806e-02	
2.711118e-02	2.784602e-02	
1.851566e-02	1.824381e-02	
1.006192e-02	9.947588e-03	
1.132293e-02	1.174594e-02	
1.612712e-02	1.633464e-02	
1.086063e-02	1.086175e-02	
2.061425e-02	2.037501e-02	
1.594356e-02	1.560417e-02	
1.653624e-02	1.688679e-02	
1.372280e-02	1.400848e-02	
1.792155e-02	1.817042e-02	
9.654949e-03	9.487515e-03	
9.309015e-03	9.330151e-03	
1.405523e-02	1.421920e-02	
1.855870e-02	1.832443e-02	
1.510617e-02	1.545835e-02	
1.116621e-02	1.142485e-02	
1.643226e-02	1.667472e-02	
1.662919e-02	1.658729e-02	
1.083414e-02	1.071750e-02	
9.627298e-03	9.605169e-03	
7.197001e-03	7.184076e-03	
1.305032e-02	1.317513e-02	
1.313871e-02	1.352024e-02	
1.687832e-02	1.661242e-02	
7.530999e-03	7.539010e-03	
1.146081e-02	1.134104e-02	
1.422065e-02	1.401400e-02	
1.905254e-02	1.963341e-02	
1.440861e-02	1.451509e-02	
2.234248e-02	2.249701e-02	
1.034585e-02	1.042272e-02	
2.363490e-02	2.389845e-02	
1.087867e-02	1.117170e-02	
1.467212e-02	1.416785e-02	
1.412470e-02	1.390498e-02	
1.153752e-02	1.148481e-02	
1.437434e-02	1.426848e-02	
9.726834e-03	9.637827e-03	
1.218160e-02	1.211912e-02	
9.280571e-03	9.295699e-03	
2.183890e-02	2.187901e-02	
1.351103e-02	1.371012e-02	
1.543652e-02	1.545277e-02	
1.594558e-02	1.604524e-02	
1.163425e-02	1.175142e-02	
6.665941e-03	6.521006e-03	
1.437591e-02	1.430740e-02	
1.196424e-02	1.256824e-02	
1.164561e-02	1.202751e-02	
1.344679e-02	1.336705e-02	
2.012909e-02	2.037142e-02	
1.614989e-02	1.640182e-02	
2.481657e-02	2.546816e-02	
1.933114e-02	1.977516e-02	
1.034518e-02	1.008450e-02	
9.505344e-03	9.355684e-03	
7.474279e-03	7.352118e-03	
1.448035e-02	1.478616e-02	
7.575923e-03	7.580928e-03	
1.140919e-02	1.128342e-02	
1.845867e-02	1.866589e-02	
1.721828e-02	1.765860e-02	
2.167209e-02	2.202313e-02	
1.681434e-02	1.700874e-02	
1.399275e-02	1.454394e-02	
1.676559e-02	1.665389e-02	
1.733374e-02	1.739637e-02	
1.731411e-02	1.710471e-02	
1.698218e-02	1.712584e-02	
2.102206e-02	2.116953e-02	
1.575491e-02	1.591846e-02	
1.550122e-02	1.529706e-02	
1.191093e-02	1.196791e-02	
1.585973e-02	1.620907e-02	
2.263372e-02	2.241041e-02	
1.416883e-02	1.445312e-02	
1.147924e-02	1.129406e-02	
1.096273e-02	1.107723e-02	
1.082325e-02	1.058749e-02	
1.164390e-02	1.173219e-02	
1.519539e-02	1.568205e-02	
7.595147e-03	7.422273e-03	
1.133822e-02	1.152927e-02	
1.365954e-02	1.382082e-02	
1.748883e-02	1.729417e-02	
1.424957e-02	1.424625e-02	
1.467451e-02	1.458373e-02	
9.246711e-03	9.195260e-03	
2.253077e-02	2.270454e-02	
1.349644e-02	1.346164e-02	
1.341390e-02	1.325413e-02	
1.790536e-02	1.798841e-02	
2.361241e-02	2.360447e-02	
1.294924e-02	1.281965e-02	
1.539973e-02	1.551686e-02	
9.145468e-03	9.216164e-03	
1.545268e-02	1.544991e-02	
9.225988e-03	9.600063e-03	
1.531873e-02	1.539014e-02	
1.760539e-02	1.771436e-02	
1.565475e-02	1.596528e-02	
1.625711e-02	1.646083e-02	
2.208568e-02	2.210484e-02	
1.287740e-02	1.265115e-02	
2.250092e-02	2.264262e-02	
9.839384e-03	1.004227e-02	
2.812861e-02	2.813429e-02	
1.003759e-02	1.020524e-02	
1.638049e-02	1.651344e-02	
5.263883e-03	5.052565e-03	
1.304772e-02	1.298105e-02	
1.347065e-02	1.375175e-02	
2.075051e-02	2.062867e-02	
1.577762e-02	1.573042e-02	
1.294562e-02	1.318119e-02	
1.676964e-02	1.698672e-02	
2.511403e-02	2.584897e-02	
1.596843e-02	1.605785e-02	
1.076393e-02	1.097758e-02	
1.808779e-02	1.855797e-02	
3.015331e-02	3.059921e-02	
6.179311e-03	6.384615e-03	
2.062176e-02	2.104576e-02	
1.161277e-02	1.166855e-02	
1.472130e-02	1.477750e-02	
7.372717e-03	7.431819e-03	
1.297974e-02	1.334934e-02	
9.273415e-03	9.381210e-03	
1.228184e-02	1.231871e-02	
1.833580e-02	1.814747e-02	
8.470775e-03	8.937588e-03	
1.261869e-02	1.296570e-02	
1.468400e-02	1.481776e-02	
1.117769e-02	1.148655e-02	
1.076509e-02	1.115276e-02	
1.910051e-02	1.937512e-02	
1.363131e-02	1.395884e-02	
1.315399e-02	1.280890e-02	
1.481865e-02	1.522556e-02	
4.627149e-03	4.582990e-03	
2.518523e-02	2.580555e-02	
2.756098e-02	2.739930e-02	
1.694419e-02	1.713309e-02	
1.472433e-02	1.478656e-02	
1.174606e-02	1.164698e-02	
1.998714e-02	1.998420e-02	
2.212886e-02	2.217353e-02	
1.147402e-02	1.137187e-02	
2.483379e-02	2.558763e-02	
1.497388e-02	1.524466e-02	
7.812587e-03	7.751270e-03	
2.270207e-02	2.304212e-02	
1.617758e-02	1.618296e-02	
1.059426e-02	1.094888e-02	
1.420391e-02	1.433361e-02	
1.511080e-02	1.505909e-02	
1.870727e-02	1.873866e-02	
8.910182e-03	8.822282e-03	
2.413700e-02	2.401639e-02	
2.181183e-02	2.235229e-02	
1.525038e-02	1.558129e-02	
9.435404e-03	9.380926e-03	
1.292230e-02	1.285992e-02	
1.130922e-02	1.118056e-02	
1.271538e-02	1.314463e-02	
7.522952e-03	7.365307e-03	
1.839143e-02	1.883269e-02	
2.219631e-02	2.283497e-02	
1.473426e-02	1.504775e-02	
7.241486e-03	7.187600e-03	
1.315697e-02	1.340715e-02	
1.502783e-02	1.536401e-02	
1.048172e-02	1.038323e-02	
1.217888e-02	1.217710e-02	
1.282177e-02	1.326258e-02	
9.895418e-03	9.805087e-03	
3.283777e-02	3.350415e-02	
1.568834e-02	1.581807e-02	
1.510721e-02	1.506224e-02	
1.489441e-02	1.532168e-02	
1.876456e-02	1.881827e-02	
1.399230e-02	1.404412e-02	
1.396216e-02	1.387206e-02	
2.305668e-02	2.287872e-02	
2.183339e-02	2.193389e-02	
1.129435e-02	1.157823e-02	
2.111039e-02	2.144192e-02	
1.520636e-02	1.532486e-02	
1.778183e-02	1.793216e-02	
1.528304e-02	1.521552e-02	
9.249916e-03	9.437296e-03	
2.305245e-02	2.296059e-02	
1.787326e-02	1.789487e-02	
5.731017e-03	6.133287e-03	
8.408831e-03	8.436230e-03	
7.904169e-03	7.916830e-03	
7.894552e-03	7.694636e-03	
2.075331e-02	2.054999e-02	
1.891076e-02	1.916539e-02	
7.147590e-03	7.290314e-03	
1.086394e-02	1.081277e-02	
1.203439e-02	1.209143e-02	
1.843712e-02	1.857906e-02	
9.906023e-03	1.046962e-02	
2.564124e-02	2.539124e-02	
1.318659e-02	1.367989e-02	
1.254182e-02	1.263316e-02	
1.318500e-02	1.366652e-02	
7.999390e-03	7.925875e-03	
1.369541e-02	1.353594e-02	
1.798364e-02	1.785969e-02	
9.963777e-03	1.013220e-02	
1.890447e-02	1.913124e-02	
1.577533e-02	1.593602e-02	
1.743708e-02	1.772296e-02	
1.655757e-02	1.660324e-02	
1.753615e-02	1.786863e-02	
1.800616e-02	1.840229e-02	
1.125395e-02	1.138657e-02	
2.401285e-02	2.439301e-02	
8.859530e-03	9.153986e-03	
1.601678e-02	1.601064e-02	
1.461198e-02	1.442837e-02	
9.242589e-03	9.269992e-03	
1.578030e-02	1.608862e-02	
1.234959e-02	1.229064e-02	
1.623495e-02	1.642955e-02	
2.683120e-02	2.685282e-02	
1.114703e-02	1.122823e-02	
1.060552e-02	1.093478e-02	
1.965421e-02	2.011756e-02	
2.698907e-02	2.732033e-02	
1.719512e-02	1.738186e-02	
1.053990e-02	1.076331e-02	
9.993311e-03	9.739454e-03	
1.251229e-02	1.230395e-02	
1.324045e-02	1.329460e-02	
1.556695e-02	1.560180e-02	
1.631780e-02	1.636376e-02	
1.263036e-02	1.249895e-02	
1.915091e-02	1.933647e-02	
2.041362e-02	2.063469e-02	
1.577514e-02	1.609082e-02	
1.621241e-02	1.648378e-02	
1.520558e-02	1.523510e-02	
1.558772e-02	1.606339e-02	
1.287994e-02	1.301913e-02	
1.878090e-02	1.885335e-02	
1.345476e-02	1.361719e-02	
8.609045e-03	8.627600e-03	
2.349935e-02	2.380243e-02	
1.475905e-02	1.513765e-02	
9.371260e-03	9.390946e-03	
1.679257e-02	1.687626e-02	
9.679624e-03	9.816457e-03	
2.267539e-02	2.295331e-02	
1.374256e-02	1.375404e-02	
1.685087e-02	1.671557e-02	
8.443949e-03	8.329716e-03	
1.027688e-02	1.049887e-02	
2.394899e-02	2.409082e-02	
6.603846e-03	6.331276e-03	
1.137645e-02	1.133081e-02	
9.446028e-03	9.795803e-03	
1.055319e-02	1.104999e-02	
1.570963e-02	1.566969e-02	
7.855069e-03	7.982163e-03	
1.413195e-02	1.440425e-02	
1.829212e-02	1.821930e-02	
1.515256e-02	1.556112e-02	
1.713002e-02	1.731403e-02	
2.001822e-02	2.003237e-02	
1.252192e-02	1.246261e-02	
2.295585e-02	2.321162e-02	
1.355891e-02	1.342837e-02	
1.546399e-02	1.540398e-02	
2.578119e-02	2.618099e-02	
1.689725e-02	1.687180e-02	
1.571661e-02	1.577645e-02	
2.062269e-02	2.103224e-02	
1.113502e-02	1.113725e-02	
1.275670e-02	1.309031e-02	
1.545888e-02	1.579472e-02	
1.714435e-02	1.724434e-02	
6.276763e-03	6.188052e-03	
1.697178e-02	1.720701e-02	
1.921192e-02	1.921197e-02	
1.453946e-02	1.463641e-02	
1.053299e-02	1.064737e-02	
1.492270e-02	1.504268e-02	
1.139081e-02	1.163446e-02	
1.474038e-02	1.468916e-02	
1.582480e-02	1.623702e-02	
1.365959e-02	1.380738e-02	
1.067896e-02	1.088030e-02	
2.988538e-02	3.060077e-02	
1.301673e-02	1.322189e-02	
1.311493e-02	1.361472e-02	
1.177483e-02	1.157477e-02	
1.335721e-02	1.376225e-02	
1.743208e-02	1.774701e-02	
1.206163e-02	1.191952e-02	
1.149594e-02	1.135789e-02	
1.239086e-02	1.235820e-02	
1.005699e-02	1.014157e-02	
8.937056e-03	8.899885e-03	
1.781988e-02	1.803743e-02	
1.216173e-02	1.211177e-02	
1.091919e-02	1.124083e-02	
1.611836e-02	1.593298e-02	
1.317494e-02	1.309067e-02	
2.092802e-02	2.111784e-02	
6.937711e-03	6.975646e-03	
8.098823e-03	8.131899e-03	
1.142523e-02	1.163542e-02	
1.138458e-02	1.171823e-02	
1.946314e-02	1.964595e-02	
1.010633e-02	1.019378e-02	
1.977619e-02	2.038788e-02	
6.327745e-03	6.087561e-03	
8.054947e-03	8.055224e-03	
1.258950e-02	1.286518e-02	
1.239513e-02	1.239351e-02	
1.425810e-02	1.456125e-02	
2.585233e-02	2.592229e-02	
1.317296e-02	1.339050e-02	
1.332361e-02	1.328683e-02	
1.605347e-02	1.634882e-02	
1.400721e-02	1.427098e-02	
2.249466e-02	2.259735e-02	
2.058234e-02	2.061877e-02	
1.326497e-02	1.305269e-02	
1.660676e-02	1.660949e-02	
1.624547e-02	1.661813e-02	
1.251991e-02	1.267298e-02	
2.265971e-02	2.269121e-02	
1.132469e-02	1.122464e-02	
1.526331e-02	1.518707e-02	
1.274699e-02	1.245618e-02	
1.087896e-02	1.100029e-02	
8.966543e-03	8.749303e-03	
1.019917e-02	1.046907e-02	
1.914151e-02	1.904187e-02	
1.703927e-02	1.745207e-02	
8.989524e-03	8.942712e-03	
2.306708e-02	2.328633e-02	
1.976370e-02	1.976535e-02	
1.269824e-02	1.299687e-02	
1.617135e-02	1.616961e-02	
1.150262e-02	1.171789e-02	
2.089649e-02	2.133759e-02	
2.420121e-02	2.442721e-02	
1.068533e-02	1.052197e-02	
1.336985e-02	1.360620e-02	
1.151681e-02	1.136050e-02	
1.647167e-02	1.648042e-02	
1.318700e-02	1.325724e-02	
2.129804e-02	2.139571e-02	
1.077247e-02	1.099995e-02	
1.191233e-02	1.190549e-02	
1.539263e-02	1.531073e-02	
8.330936e-03	8.185062e-03	
1.180022e-02	1.191466e-02	
1.239138e-02	1.222871e-02	
1.479325e-02	1.469758e-02	
1.815194e-02	1.807549e-02	
8.959700e-03	9.510591e-03	
1.191903e-02	1.204272e-02	
1.891222e-02	1.879828e-02	
2.270331e-02	2.249909e-02	
2.214904e-02	2.263171e-02	
1.484710e-02	1.525189e-02	
1.279938e-02	1.316031e-02	
1.281376e-02	1.267545e-02	
1.304798e-02	1.321377e-02	
1.877998e-02	1.905343e-02	
1.260368e-02	1.264574e-02	
1.197869e-02	1.213371e-02	
1.043453e-02	1.059058e-02	
1.600038e-02	1.592218e-02	
1.663790e-02	1.716831e-02	
8.674445e-03	8.881858e-03	
1.713183e-02	1.728642e-02	
1.676726e-02	1.705983e-02	
1.235222e-02	1.249269e-02	
1.587206e-02	1.591791e-02	
1.736947e-02	1.779733e-02	
1.933211e-02	1.961846e-02	
2.293694e-02	2.304746e-02	
1.503044e-02	1.507138e-02	
1.119222e-02	1.080278e-02	
1.559003e-02	1.563400e-02	
1.253945e-02	1.233778e-02	
1.086795e-02	1.107979e-02	
1.744602e-02	1.784298e-02	
8.237264e-03	8.209220e-03	
6.692944e-03	6.916556e-03	
1.382395e-02	1.402111e-02	
1.364662e-02	1.362998e-02	
4.172148e-03	4.026444e-03	
1.051024e-02	1.047277e-02	
1.255976e-02	1.257579e-02	
1.601533e-02	1.618793e-02	
1.952157e-02	1.947082e-02	
2.051024e-02	2.087206e-02	
7.405944e-03	7.664113e-03	
1.060814e-02	1.094485e-02	
1.465179e-02	1.465011e-02	
1.658564e-02	1.673540e-02	
1.261220e-02	1.290132e-02	
1.917907e-02	1.910056e-02	
6.730655e-03	6.773319e-03	
1.579136e-02	1.564059e-02	
1.299666e-02	1.298902e-02	
2.073686e-02	2.109825e-02	
2.089565e-02	2.078614e-02	
2.873027e-02	2.902946e-02	
9.580779e-03	9.552372e-03	
1.781906e-02	1.847888e-02	
1.728553e-02	1.738233e-02	
2.013864e-02	2.020299e-02	
1.030789e-02	1.009261e-02	
6.171872e-03	6.092156e-03	
8.499854e-03	8.532568e-03	
1.229028e-02	1.205817e-02	
1.745486e-02	1.774168e-02	
1.513159e-02	1.552394e-02	
1.264771e-02	1.281091e-02	
1.458004e-02	1.493838e-02	
1.662640e-02	1.688813e-02	
1.604764e-02	1.574506e-02	
1.127410e-02	1.116857e-02	
1.232192e-02	1.248671e-02	
1.899211e-02	1.944363e-02	
1.460359e-02	1.467192e-02	
8.092371e-03	8.120634e-03	
2.308990e-02	2.348554e-02	
1.429347e-02	1.463826e-02	
1.489917e-02	1.506113e-02	
1.105313e-02	1.068525e-02	
1.375879e-02	1.355580e-02	
2.072941e-02	2.099979e-02	
1.047481e-02	1.063979e-02	
2.813265e-02	2.845878e-02	
1.420535e-02	1.442594e-02	
9.097156e-03	9.091119e-03	
2.043333e-02	2.092464e-02	
1.570380e-02	1.597080e-02	
1.855284e-02	1.925299e-02	
1.213819e-02	1.228228e-02	
1.367842e-02	1.390024e-02	
1.931099e-02	1.982289e-02	
1.547314e-02	1.588722e-02	
1.351448e-02	1.348350e-02	
9.180617e-03	9.335198e-03	
2.161240e-02	2.194304e-02	
2.324202e-02	2.374938e-02	
1.728186e-02	1.731300e-02	
2.114859e-02	2.124605e-02	
1.231956e-02	1.218821e-02	
3.081667e-02	3.059575e-02	
9.455539e-03	9.507978e-03	
1.671184e-02	1.709241e-02	
7.270063e-03	7.128018e-03	
1.363385e-02	1.400148e-02	
1.385516e-02	1.340124e-02	
2.097757e-02	2.107641e-02	
1.120743e-02	1.122355e-02	
1.097644e-02	1.117275e-02	
2.565399e-02	2.591535e-02	
1.126705e-02	1.138848e-02	
1.422325e-02	1.440234e-02	
1.194472e-02	1.196144e-02	
1.588855e-02	1.607674e-02	
2.163671e-02	2.189312e-02	
1.955103e-02	1.966951e-02	
1.357380e-02	1.408073e-02	
1.598507e-02	1.640258e-02	
1.631856e-02	1.662499e-02	
1.497065e-02	1.518691e-02	
1.505481e-02	1.556947e-02	
1.508936e-02	1.515623e-02	
1.300716e-02	1.312010e-02	
1.234420e-02	1.210102e-02	
6.447509e-03	6.467446e-03	
2.927883e-02	2.916536e-02	
2.336825e-02	2.342530e-02	
1.933432e-02	1.944890e-02	
1.629986e-02	1.596371e-02	
1.351502e-02	1.348357e-02	
1.704803e-02	1.714208e-02	
1.173204e-02	1.152637e-02	
1.436608e-02	1.463460e-02	
2.191361e-02	2.214997e-02	
1.861817e-02	1.844032e-02	
8.324126e-03	8.455499e-03	
7.586344e-03	7.539687e-03	
1.161798e-02	1.201237e-02	
8.604541e-03	8.889808e-03	
2.279078e-02	2.292382e-02	
8.620250e-03	8.743107e-03	
2.020827e-02	2.061473e-02	
1.491439e-02	1.509899e-02	
1.059832e-02	1.067757e-02	
1.701271e-02	1.706187e-02	
8.667246e-03	8.769150e-03	
1.682808e-02	1.704038e-02	
1.356346e-02	1.352772e-02	
1.571034e-02	1.627241e-02	
1.628298e-02	1.637957e-02	
1.525443e-02	1.544660e-02	
1.403241e-02	1.451071e-02	
2.488636e-02	2.514104e-02	
1.970195e-02	2.017258e-02	
1.620422e-02	1.682508e-02	
1.325698e-02	1.355296e-02	
1.208957e-02	1.246269e-02	
1.225721e-02	1.243696e-02	
1.184802e-02	1.177616e-02	
7.865716e-03	7.769247e-03	
1.352813e-02	1.332523e-02	
2.012142e-02	2.051248e-02	
1.164927e-02	1.158618e-02	
1.792331e-02	1.768627e-02	
1.134264e-02	1.153834e-02	
1.105881e-02	1.107481e-02	
1.933694e-02	1.949877e-02	
1.184047e-02	1.177663e-02	
1.047331e-02	1.028044e-02	
1.273835e-02	1.264028e-02	
1.902380e-02	1.933718e-02	
8.904500e-03	8.912791e-03	
1.489325e-02	1.495910e-02	
9.610490e-03	9.476048e-03	
9.997835e-03	1.001638e-02	
7.762835e-03	7.886964e-03	
1.444522e-02	1.445872e-02	
2.227912e-02	2.233633e-02	
1.165139e-02	1.191443e-02	
2.297556e-02	2.335825e-02	
1.940801e-02	1.949124e-02	
1.516102e-02	1.531559e-02	
1.065293e-02	1.057718e-02	
2.283355e-02	2.296583e-02	
1.454080e-02	1.490695e-02	
1.028177e-02	1.057480e-02	
2.245569e-02	2.268143e-02	
1.536076e-02	1.499489e-02	
1.528870e-02	1.525085e-02	
1.088089e-02	1.089061e-02	
1.784932e-02	1.734380e-02	
2.041188e-02	2.037259e-02	
2.015856e-02	2.026942e-02	
2.050745e-02	2.090646e-02	
1.286767e-02	1.344814e-02	
1.143225e-02	1.126568e-02	
1.347065e-02	1.350722e-02	
2.007830e-02	2.031892e-02	
2.267178e-02	2.308236e-02	
1.389591e-02	1.400284e-02	
1.591483e-02	1.607816e-02	
1.596626e-02	1.643402e-02	
1.686654e-02	1.710221e-02	
1.923080e-02	1.961354e-02	
1.633597e-02	1.628115e-02	
1.404663e-02	1.391124e-02	
1.238376e-02	1.234503e-02	
1.573907e-02	1.625894e-02	
1.259792e-02	1.284141e-02	
2.006930e-02	2.023690e-02	
1.350890e-02	1.354855e-02	
1.105281e-02	1.125401e-02	
1.563987e-02	1.608051e-02	
2.040020e-02	2.074224e-02	
1.414839e-02	1.443859e-02	
1.346752e-02	1.366857e-02	
1.650769e-02	1.625848e-02	
1.559528e-02	1.595384e-02	
1.272407e-02	1.302637e-02	
1.497895e-02	1.458438e-02	
1.199993e-02	1.191296e-02	
5.275363e-03	5.279233e-03	
9.378366e-03	9.313369e-03	
1.473392e-02	1.451468e-02	
1.342260e-02	1.372983e-02	
1.684334e-02	1.699659e-02	
1.387638e-02	1.394628e-02	
1.488300e-02	1.505348e-02	
1.027316e-02	1.030954e-02	
2.239554e-02	2.267189e-02	
1.354657e-02	1.356553e-02	
1.012833e-02	1.030875e-02	
1.550296e-02	1.587782e-02	
1.519714e-02	1.517272e-02	
1.279394e-02	1.280494e-02	
2.318159e-02	2.331431e-02	
2.057193e-02	2.089917e-02	
1.454760e-02	1.457970e-02	
