5.999769e+04	5.998209e+04	5.998208e+04	
6.003423e+04	6.001992e+04	6.001990e+04	
6.021197e+04	6.019910e+04	6.019908e+04	
5.993181e+04	5.991361e+04	5.991360e+04	
6.009557e+04	6.008315e+04	6.008314e+04	
6.011307e+04	6.010072e+04	6.010071e+04	
6.021489e+04	6.020138e+04	6.020136e+04	
6.007338e+04	6.005577e+04	6.005576e+04	
6.005217e+04	6.003531e+04	6.003530e+04	
6.011586e+04	6.009902e+04	6.009900e+04	
6.016230e+04	6.014382e+04	6.014381e+04	
6.016363e+04	6.014672e+04	6.014670e+04	
6.006119e+04	6.004683e+04	6.004681e+04	
6.013122e+04	6.011429e+04	6.011427e+04	
6.013965e+04	6.012951e+04	6.012950e+04	
6.012818e+04	6.011040e+04	6.011038e+04	
6.016038e+04	6.014726e+04	6.014724e+04	
6.006870e+04	6.004507e+04	6.004505e+04	
6.017593e+04	6.014991e+04	6.014989e+04	
6.016014e+04	6.014389e+04	6.014388e+04	
6.018636e+04	6.017088e+04	6.017086e+04	
6.010277e+04	6.008791e+04	6.008789e+04	
6.028553e+04	6.027632e+04	6.027631e+04	
6.005784e+04	6.004413e+04	6.004412e+04	
6.016184e+04	6.014506e+04	6.014504e+04	
6.005024e+04	6.003948e+04	6.003946e+04	
5.994702e+04	5.993389e+04	5.993388e+04	
6.011427e+04	6.010548e+04	6.010546e+04	
6.005426e+04	6.004513e+04	6.004511e+04	
6.014482e+04	6.013060e+04	6.013059e+04	
6.007876e+04	6.006937e+04	6.006936e+04	
6.020543e+04	6.019116e+04	6.019115e+04	
6.014170e+04	6.013029e+04	6.013027e+04	
6.022843e+04	6.020604e+04	6.020602e+04	
6.011499e+04	6.010237e+04	6.010235e+04	
6.019629e+04	6.017587e+04	6.017585e+04	
6.013000e+04	6.011847e+04	6.011845e+04	
6.017642e+04	6.015901e+04	6.015899e+04	
6.006185e+04	6.005039e+04	6.005038e+04	
6.002373e+04	6.001012e+04	6.001010e+04	
6.016803e+04	6.015963e+04	6.015961e+04	
6.003785e+04	6.002855e+04	6.002854e+04	
6.017833e+04	6.016424e+04	6.016423e+04	
6.021573e+04	6.019764e+04	6.019763e+04	
6.020752e+04	6.018963e+04	6.018961e+04	
6.004469e+04	6.003120e+04	6.003118e+04	
6.012193e+04	6.010219e+04	6.010217e+04	
5.999412e+04	5.998513e+04	5.998512e+04	
6.002775e+04	6.001294e+04	6.001292e+04	
6.012883e+04	6.011291e+04	6.011289e+04	
6.017068e+04	6.016289e+04	6.016287e+04	
6.002223e+04	6.001086e+04	6.001085e+04	
6.011451e+04	6.009896e+04	6.009895e+04	
6.011440e+04	6.010248e+04	6.010246e+04	
6.011175e+04	6.010227e+04	6.010225e+04	
6.007491e+04	6.005536e+04	6.005535e+04	
6.010311e+04	6.009100e+04	6.009098e+04	
6.006082e+04	6.004776e+04	6.004774e+04	
6.014352e+04	6.012468e+04	6.012466e+04	
6.022728e+04	6.021456e+04	6.021455e+04	
6.031286e+04	6.029435e+04	6.029434e+04	
6.009235e+04	6.008192e+04	6.008190e+04	
6.015937e+04	6.013492e+04	6.013491e+04	
6.020117e+04	6.019394e+04	6.019392e+04	
6.012467e+04	6.011237e+04	6.011236e+04	
6.010845e+04	6.009334e+04	6.009332e+04	
6.012414e+04	6.010593e+04	6.010592e+04	
6.011591e+04	6.010236e+04	6.010234e+04	
6.006724e+04	6.004753e+04	6.004751e+04	
6.011740e+04	6.009763e+04	6.009762e+04	
6.012087e+04	6.010860e+04	6.010858e+04	
6.006379e+04	6.005036e+04	6.005035e+04	
6.014961e+04	6.014191e+04	6.014190e+04	
6.011086e+04	6.010309e+04	6.010307e+04	
6.008348e+04	6.006990e+04	6.006988e+04	
6.015677e+04	6.014782e+04	6.014780e+04	
6.004854e+04	6.003358e+04	6.003356e+04	
6.004597e+04	6.003145e+04	6.003143e+04	
6.003362e+04	6.001603e+04	6.001601e+04	
6.010665e+04	6.008956e+04	6.008955e+04	
6.007157e+04	6.005606e+04	6.005604e+04	
6.005658e+04	6.003665e+04	6.003663e+04	
6.001612e+04	5.999965e+04	5.999964e+04	
6.009645e+04	6.008238e+04	6.008236e+04	
5.999931e+04	5.998069e+04	5.998068e+04	
6.027231e+04	6.025860e+04	6.025858e+04	
6.006672e+04	6.005726e+04	6.005725e+04	
6.014569e+04	6.013086e+04	6.013085e+04	
6.016065e+04	6.014072e+04	6.014071e+04	
6.005761e+04	6.003808e+04	6.003807e+04	
6.005571e+04	6.004509e+04	6.004507e+04	
6.007309e+04	6.006323e+04	6.006322e+04	
6.014168e+04	6.013400e+04	6.013398e+04	
6.029528e+04	6.028111e+04	6.028109e+04	
6.014918e+04	6.013074e+04	6.013072e+04	
6.011963e+04	6.010048e+04	6.010046e+04	
5.995100e+04	5.993578e+04	5.993576e+04	
6.008345e+04	6.006968e+04	6.006966e+04	
6.017734e+04	6.016440e+04	6.016439e+04	
6.008712e+04	6.007359e+04	6.007357e+04	
6.003184e+04	6.001776e+04	6.001774e+04	
6.014995e+04	6.012822e+04	6.012820e+04	
6.002213e+04	6.000028e+04	6.000026e+04	
6.033359e+04	6.031644e+04	6.031642e+04	
6.005260e+04	6.003338e+04	6.003336e+04	
6.022732e+04	6.021346e+04	6.021345e+04	
6.019995e+04	6.017363e+04	6.017362e+04	
6.011833e+04	6.011068e+04	6.011067e+04	
6.001842e+04	6.000785e+04	6.000783e+04	
6.011862e+04	6.009936e+04	6.009934e+04	
6.006650e+04	6.005743e+04	6.005742e+04	
6.009041e+04	6.007718e+04	6.007716e+04	
6.017921e+04	6.016585e+04	6.016583e+04	
6.010007e+04	6.008886e+04	6.008884e+04	
6.009820e+04	6.008383e+04	6.008382e+04	
6.003748e+04	6.001790e+04	6.001788e+04	
6.010970e+04	6.009139e+04	6.009137e+04	
6.020306e+04	6.019043e+04	6.019041e+04	
6.019620e+04	6.018679e+04	6.018678e+04	
6.007271e+04	6.006172e+04	6.006171e+04	
6.005201e+04	6.003179e+04	6.003178e+04	
5.995783e+04	5.994345e+04	5.994344e+04	
6.018677e+04	6.017604e+04	6.017602e+04	
6.008266e+04	6.006817e+04	6.006815e+04	
6.007400e+04	6.006144e+04	6.006142e+04	
6.020098e+04	6.019276e+04	6.019275e+04	
6.011137e+04	6.009626e+04	6.009624e+04	
6.010910e+04	6.008309e+04	6.008307e+04	
6.002319e+04	6.000671e+04	6.000669e+04	
6.003392e+04	6.002108e+04	6.002106e+04	
6.013267e+04	6.012057e+04	6.012055e+04	
6.009866e+04	6.008702e+04	6.008700e+04	
6.008256e+04	6.006305e+04	6.006304e+04	
6.028846e+04	6.026868e+04	6.026866e+04	
6.014237e+04	6.013081e+04	6.013080e+04	
6.014358e+04	6.013406e+04	6.013404e+04	
6.022687e+04	6.021052e+04	6.021051e+04	
6.012326e+04	6.011395e+04	6.011394e+04	
6.019348e+04	6.018242e+04	6.018240e+04	
6.003005e+04	6.000866e+04	6.000865e+04	
6.012508e+04	6.011121e+04	6.011119e+04	
6.015067e+04	6.013753e+04	6.013752e+04	
5.997379e+04	5.995995e+04	5.995994e+04	
6.008379e+04	6.006871e+04	6.006870e+04	
6.008140e+04	6.006192e+04	6.006190e+04	
6.008475e+04	6.007118e+04	6.007116e+04	
6.012215e+04	6.011393e+04	6.011391e+04	
6.008175e+04	6.006558e+04	6.006556e+04	
6.004219e+04	6.001951e+04	6.001949e+04	
6.018191e+04	6.016701e+04	6.016699e+04	
6.025830e+04	6.024319e+04	6.024318e+04	
6.010044e+04	6.008617e+04	6.008615e+04	
6.012412e+04	6.009601e+04	6.009599e+04	
6.010915e+04	6.009644e+04	6.009642e+04	
5.999229e+04	5.997462e+04	5.997460e+04	
6.007205e+04	6.005529e+04	6.005527e+04	
6.005960e+04	6.004784e+04	6.004783e+04	
6.001112e+04	5.999395e+04	5.999393e+04	
6.012319e+04	6.011585e+04	6.011583e+04	
6.014536e+04	6.012998e+04	6.012996e+04	
6.031642e+04	6.029092e+04	6.029091e+04	
6.012024e+04	6.011030e+04	6.011028e+04	
6.002220e+04	6.000525e+04	6.000524e+04	
6.012723e+04	6.011882e+04	6.011880e+04	
6.004574e+04	6.003595e+04	6.003594e+04	
6.011859e+04	6.010508e+04	6.010506e+04	
6.019717e+04	6.018095e+04	6.018094e+04	
5.999233e+04	5.998114e+04	5.998113e+04	
6.016753e+04	6.015671e+04	6.015669e+04	
6.023479e+04	6.022104e+04	6.022103e+04	
6.019101e+04	6.018062e+04	6.018060e+04	
6.001023e+04	5.999844e+04	5.999842e+04	
6.002078e+04	6.000488e+04	6.000486e+04	
6.010426e+04	6.008550e+04	6.008548e+04	
6.003825e+04	6.002472e+04	6.002470e+04	
6.006577e+04	6.004976e+04	6.004974e+04	
6.002642e+04	6.001462e+04	6.001460e+04	
6.013757e+04	6.012178e+04	6.012176e+04	
6.008962e+04	6.006927e+04	6.006925e+04	
6.014037e+04	6.012940e+04	6.012938e+04	
6.006577e+04	6.005203e+04	6.005201e+04	
6.010277e+04	6.008951e+04	6.008949e+04	
6.006785e+04	6.005179e+04	6.005177e+04	
6.008151e+04	6.006468e+04	6.006466e+04	
6.008184e+04	6.006686e+04	6.006684e+04	
6.010150e+04	6.009162e+04	6.009161e+04	
6.009656e+04	6.008335e+04	6.008333e+04	
6.008649e+04	6.007399e+04	6.007397e+04	
6.016514e+04	6.015804e+04	6.015802e+04	
6.015775e+04	6.014169e+04	6.014168e+04	
6.009164e+04	6.008263e+04	6.008261e+04	
6.007150e+04	6.005016e+04	6.005015e+04	
5.999889e+04	5.998534e+04	5.998533e+04	
6.009467e+04	6.008496e+04	6.008494e+04	
6.023370e+04	6.022080e+04	6.022078e+04	
6.014146e+04	6.012995e+04	6.012994e+04	
6.012965e+04	6.011764e+04	6.011763e+04	
6.007170e+04	6.005950e+04	6.005948e+04	
6.013603e+04	6.011840e+04	6.011839e+04	
6.008312e+04	6.006708e+04	6.006706e+04	
6.002661e+04	6.001486e+04	6.001485e+04	
6.022492e+04	6.021363e+04	6.021362e+04	
6.001950e+04	6.000682e+04	6.000680e+04	
6.012864e+04	6.010963e+04	6.010961e+04	
6.013076e+04	6.011662e+04	6.011660e+04	
6.015690e+04	6.014549e+04	6.014547e+04	
6.016211e+04	6.014639e+04	6.014638e+04	
6.012074e+04	6.011026e+04	6.011025e+04	
6.008974e+04	6.007902e+04	6.007900e+04	
6.011362e+04	6.010066e+04	6.010065e+04	
6.010961e+04	6.009677e+04	6.009675e+04	
6.011729e+04	6.009239e+04	6.009238e+04	
6.011676e+04	6.010388e+04	6.010386e+04	
6.009063e+04	6.006907e+04	6.006906e+04	
6.017180e+04	6.016086e+04	6.016085e+04	
6.021683e+04	6.019851e+04	6.019850e+04	
6.024029e+04	6.022144e+04	6.022142e+04	
6.006167e+04	6.005183e+04	6.005181e+04	
6.006324e+04	6.004671e+04	6.004669e+04	
6.025084e+04	6.023534e+04	6.023532e+04	
6.012522e+04	6.011543e+04	6.011541e+04	
6.016754e+04	6.015971e+04	6.015969e+04	
6.007838e+04	6.006928e+04	6.006926e+04	
6.008069e+04	6.006743e+04	6.006742e+04	
6.008580e+04	6.007721e+04	6.007719e+04	
6.008712e+04	6.007735e+04	6.007733e+04	
6.025156e+04	6.023942e+04	6.023941e+04	
6.022574e+04	6.020374e+04	6.020372e+04	
6.018241e+04	6.016700e+04	6.016698e+04	
6.009349e+04	6.007333e+04	6.007331e+04	
6.015170e+04	6.013025e+04	6.013023e+04	
6.023061e+04	6.021199e+04	6.021198e+04	
6.014894e+04	6.013122e+04	6.013121e+04	
6.013306e+04	6.012179e+04	6.012178e+04	
6.014784e+04	6.011831e+04	6.011829e+04	
6.004316e+04	6.003257e+04	6.003255e+04	
6.008900e+04	6.006855e+04	6.006854e+04	
6.019549e+04	6.018518e+04	6.018516e+04	
6.005246e+04	6.004024e+04	6.004022e+04	
6.019985e+04	6.018812e+04	6.018811e+04	
6.011988e+04	6.010378e+04	6.010377e+04	
6.009001e+04	6.007184e+04	6.007183e+04	
6.008766e+04	6.006767e+04	6.006765e+04	
6.009109e+04	6.008159e+04	6.008157e+04	
6.000857e+04	6.000099e+04	6.000097e+04	
6.018971e+04	6.017405e+04	6.017404e+04	
6.004190e+04	6.002612e+04	6.002611e+04	
6.011613e+04	6.009994e+04	6.009992e+04	
6.008429e+04	6.006688e+04	6.006687e+04	
6.018513e+04	6.015863e+04	6.015861e+04	
5.995023e+04	5.993635e+04	5.993633e+04	
5.999743e+04	5.998527e+04	5.998525e+04	
6.004760e+04	6.003040e+04	6.003039e+04	
6.021455e+04	6.020077e+04	6.020075e+04	
6.020113e+04	6.018763e+04	6.018762e+04	
6.015005e+04	6.013253e+04	6.013252e+04	
6.010429e+04	6.008312e+04	6.008310e+04	
6.005794e+04	6.004082e+04	6.004081e+04	
6.005593e+04	6.004370e+04	6.004368e+04	
6.007186e+04	6.006188e+04	6.006187e+04	
6.009802e+04	6.008049e+04	6.008047e+04	
6.018675e+04	6.017274e+04	6.017272e+04	
6.001649e+04	6.000524e+04	6.000522e+04	
6.007108e+04	6.006261e+04	6.006260e+04	
6.019363e+04	6.017629e+04	6.017628e+04	
6.004398e+04	6.003753e+04	6.003751e+04	
6.007247e+04	6.005816e+04	6.005814e+04	
6.003994e+04	6.002301e+04	6.002299e+04	
6.031881e+04	6.029780e+04	6.029779e+04	
5.996183e+04	5.994026e+04	5.994024e+04	
6.021521e+04	6.020128e+04	6.020127e+04	
6.013395e+04	6.012146e+04	6.012144e+04	
6.008648e+04	6.007272e+04	6.007270e+04	
6.010488e+04	6.008971e+04	6.008970e+04	
6.016159e+04	6.015267e+04	6.015265e+04	
6.010215e+04	6.008404e+04	6.008403e+04	
6.013650e+04	6.011142e+04	6.011141e+04	
6.019957e+04	6.018338e+04	6.018336e+04	
6.003964e+04	6.002796e+04	6.002794e+04	
6.026721e+04	6.025912e+04	6.025910e+04	
6.009768e+04	6.008486e+04	6.008485e+04	
6.021396e+04	6.020246e+04	6.020244e+04	
5.998547e+04	5.996469e+04	5.996468e+04	
6.022823e+04	6.020664e+04	6.020662e+04	
6.014644e+04	6.013420e+04	6.013418e+04	
5.996778e+04	5.995499e+04	5.995497e+04	
6.005218e+04	6.003385e+04	6.003383e+04	
6.010642e+04	6.009546e+04	6.009545e+04	
6.017748e+04	6.016528e+04	6.016527e+04	
6.001444e+04	5.999671e+04	5.999669e+04	
6.020019e+04	6.018274e+04	6.018273e+04	
6.017621e+04	6.016689e+04	6.016687e+04	
6.005738e+04	6.004598e+04	6.004596e+04	
6.018849e+04	6.017792e+04	6.017791e+04	
6.015554e+04	6.014617e+04	6.014616e+04	
6.023632e+04	6.021395e+04	6.021393e+04	
6.001694e+04	6.000602e+04	6.000600e+04	
6.004377e+04	6.002832e+04	6.002830e+04	
6.007362e+04	6.005673e+04	6.005671e+04	
6.012940e+04	6.011983e+04	6.011981e+04	
6.020526e+04	6.018143e+04	6.018141e+04	
6.011017e+04	6.010407e+04	6.010406e+04	
6.014005e+04	6.013213e+04	6.013211e+04	
6.003678e+04	6.002007e+04	6.002005e+04	
6.002462e+04	6.001282e+04	6.001281e+04	
6.021463e+04	6.019384e+04	6.019382e+04	
6.013579e+04	6.012383e+04	6.012382e+04	
5.998124e+04	5.996809e+04	5.996808e+04	
6.015915e+04	6.014843e+04	6.014842e+04	
6.015651e+04	6.014199e+04	6.014198e+04	
6.012663e+04	6.011398e+04	6.011396e+04	
6.009179e+04	6.008101e+04	6.008099e+04	
6.015745e+04	6.014325e+04	6.014324e+04	
6.010448e+04	6.008888e+04	6.008886e+04	
6.006795e+04	6.004917e+04	6.004916e+04	
6.003188e+04	6.000744e+04	6.000742e+04	
6.011231e+04	6.009789e+04	6.009788e+04	
6.014604e+04	6.013432e+04	6.013431e+04	
6.014354e+04	6.013234e+04	6.013232e+04	
5.997912e+04	5.996080e+04	5.996079e+04	
6.009476e+04	6.008382e+04	6.008380e+04	
6.005671e+04	6.004716e+04	6.004714e+04	
6.024862e+04	6.023524e+04	6.023522e+04	
5.999304e+04	5.998122e+04	5.998120e+04	
6.002885e+04	6.001152e+04	6.001151e+04	
6.008321e+04	6.006501e+04	6.006499e+04	
6.018849e+04	6.017713e+04	6.017711e+04	
6.027982e+04	6.025822e+04	6.025820e+04	
6.007597e+04	6.006400e+04	6.006398e+04	
6.017056e+04	6.015523e+04	6.015522e+04	
6.013168e+04	6.011537e+04	6.011535e+04	
6.017296e+04	6.015634e+04	6.015632e+04	
6.002348e+04	6.000937e+04	6.000935e+04	
6.012181e+04	6.010263e+04	6.010261e+04	
5.997999e+04	5.996835e+04	5.996833e+04	
6.010106e+04	6.008876e+04	6.008874e+04	
6.016317e+04	6.015032e+04	6.015031e+04	
6.017807e+04	6.014714e+04	6.014712e+04	
6.015963e+04	6.014307e+04	6.014306e+04	
6.007862e+04	6.006086e+04	6.006084e+04	
6.013653e+04	6.012815e+04	6.012814e+04	
6.006580e+04	6.004951e+04	6.004950e+04	
6.007292e+04	6.005056e+04	6.005055e+04	
6.013074e+04	6.011826e+04	6.011825e+04	
6.017995e+04	6.015996e+04	6.015995e+04	
6.007789e+04	6.006082e+04	6.006080e+04	
6.013615e+04	6.012490e+04	6.012488e+04	
6.012132e+04	6.010596e+04	6.010594e+04	
6.021497e+04	6.019275e+04	6.019273e+04	
6.011275e+04	6.009724e+04	6.009722e+04	
6.014615e+04	6.013608e+04	6.013606e+04	
6.016962e+04	6.015682e+04	6.015680e+04	
6.003927e+04	6.001876e+04	6.001874e+04	
6.020192e+04	6.018562e+04	6.018560e+04	
6.005435e+04	6.004071e+04	6.004070e+04	
6.014965e+04	6.014155e+04	6.014154e+04	
6.012574e+04	6.010926e+04	6.010925e+04	
6.016940e+04	6.015753e+04	6.015751e+04	
6.005937e+04	6.004080e+04	6.004078e+04	
6.021139e+04	6.019885e+04	6.019884e+04	
6.020374e+04	6.019082e+04	6.019080e+04	
6.004658e+04	6.003384e+04	6.003382e+04	
6.008937e+04	6.007625e+04	6.007624e+04	
6.011674e+04	6.010336e+04	6.010334e+04	
5.999765e+04	5.998142e+04	5.998140e+04	
6.016849e+04	6.016047e+04	6.016045e+04	
6.008384e+04	6.007402e+04	6.007401e+04	
6.012239e+04	6.011268e+04	6.011267e+04	
6.011146e+04	6.009337e+04	6.009336e+04	
6.009796e+04	6.007850e+04	6.007849e+04	
6.008118e+04	6.007274e+04	6.007272e+04	
5.997980e+04	5.996387e+04	5.996386e+04	
6.012304e+04	6.010668e+04	6.010666e+04	
6.002464e+04	6.000394e+04	6.000393e+04	
6.015943e+04	6.014789e+04	6.014788e+04	
6.002988e+04	6.001597e+04	6.001595e+04	
6.013507e+04	6.012089e+04	6.012087e+04	
6.014837e+04	6.013380e+04	6.013379e+04	
6.025011e+04	6.023864e+04	6.023863e+04	
6.015172e+04	6.014064e+04	6.014062e+04	
6.008209e+04	6.006656e+04	6.006654e+04	
6.015021e+04	6.013485e+04	6.013484e+04	
6.012711e+04	6.010629e+04	6.010627e+04	
6.017778e+04	6.016006e+04	6.016004e+04	
6.023473e+04	6.022128e+04	6.022126e+04	
6.011287e+04	6.009640e+04	6.009638e+04	
6.006892e+04	6.004831e+04	6.004830e+04	
6.007077e+04	6.005683e+04	6.005681e+04	
6.007085e+04	6.005411e+04	6.005409e+04	
6.003309e+04	6.002028e+04	6.002026e+04	
6.004528e+04	6.002472e+04	6.002471e+04	
6.003549e+04	6.002250e+04	6.002248e+04	
6.008557e+04	6.007756e+04	6.007755e+04	
6.009451e+04	6.008345e+04	6.008343e+04	
6.015461e+04	6.014310e+04	6.014308e+04	
6.015604e+04	6.014426e+04	6.014424e+04	
6.001604e+04	6.000139e+04	6.000137e+04	
6.017238e+04	6.015964e+04	6.015963e+04	
6.010378e+04	6.009062e+04	6.009060e+04	
6.010188e+04	6.008336e+04	6.008334e+04	
6.011285e+04	6.010015e+04	6.010013e+04	
5.991695e+04	5.989174e+04	5.989172e+04	
6.023869e+04	6.021969e+04	6.021967e+04	
6.016863e+04	6.015854e+04	6.015853e+04	
5.999105e+04	5.998015e+04	5.998014e+04	
6.007286e+04	6.005702e+04	6.005700e+04	
6.013139e+04	6.012074e+04	6.012073e+04	
6.023201e+04	6.021089e+04	6.021087e+04	
6.025611e+04	6.023969e+04	6.023967e+04	
6.002575e+04	6.000961e+04	6.000959e+04	
6.004182e+04	6.002847e+04	6.002846e+04	
6.006287e+04	6.004500e+04	6.004498e+04	
6.018567e+04	6.017589e+04	6.017587e+04	
6.012159e+04	6.011250e+04	6.011248e+04	
6.008354e+04	6.006950e+04	6.006949e+04	
6.022634e+04	6.020717e+04	6.020715e+04	
6.002238e+04	6.000763e+04	6.000761e+04	
6.004585e+04	6.003495e+04	6.003494e+04	
6.006121e+04	6.004565e+04	6.004563e+04	
6.015743e+04	6.014091e+04	6.014090e+04	
6.017081e+04	6.016009e+04	6.016007e+04	
6.013727e+04	6.012728e+04	6.012726e+04	
6.012892e+04	6.012176e+04	6.012175e+04	
6.009467e+04	6.008159e+04	6.008157e+04	
6.000873e+04	5.999584e+04	5.999583e+04	
6.023355e+04	6.021606e+04	6.021604e+04	
6.012268e+04	6.011510e+04	6.011508e+04	
6.017293e+04	6.016176e+04	6.016175e+04	
6.020805e+04	6.019358e+04	6.019357e+04	
5.995348e+04	5.993513e+04	5.993511e+04	
6.010319e+04	6.008908e+04	6.008906e+04	
6.010314e+04	6.008097e+04	6.008095e+04	
6.010538e+04	6.009490e+04	6.009488e+04	
6.007026e+04	6.004582e+04	6.004580e+04	
6.003391e+04	6.002317e+04	6.002315e+04	
6.030830e+04	6.029354e+04	6.029352e+04	
6.021228e+04	6.019785e+04	6.019784e+04	
6.015116e+04	6.013942e+04	6.013941e+04	
6.017510e+04	6.016004e+04	6.016002e+04	
6.015954e+04	6.014974e+04	6.014972e+04	
6.015526e+04	6.014333e+04	6.014332e+04	
6.012378e+04	6.011448e+04	6.011446e+04	
6.014102e+04	6.011872e+04	6.011870e+04	
6.007049e+04	6.005722e+04	6.005720e+04	
6.013589e+04	6.012027e+04	6.012026e+04	
6.010916e+04	6.009290e+04	6.009288e+04	
6.009447e+04	6.008272e+04	6.008270e+04	
6.017197e+04	6.016537e+04	6.016535e+04	
6.016195e+04	6.014755e+04	6.014753e+04	
5.993212e+04	5.992029e+04	5.992027e+04	
6.000561e+04	5.999422e+04	5.999421e+04	
6.016389e+04	6.015037e+04	6.015035e+04	
6.006912e+04	6.004939e+04	6.004938e+04	
6.005822e+04	6.004219e+04	6.004218e+04	
5.994076e+04	5.991727e+04	5.991725e+04	
5.999960e+04	5.998116e+04	5.998115e+04	
6.021832e+04	6.020775e+04	6.020774e+04	
6.017931e+04	6.016980e+04	6.016978e+04	
6.016592e+04	6.015856e+04	6.015855e+04	
6.003678e+04	6.002250e+04	6.002249e+04	
6.012366e+04	6.011615e+04	6.011613e+04	
6.017528e+04	6.016372e+04	6.016370e+04	
6.007753e+04	6.005946e+04	6.005944e+04	
5.999722e+04	5.998028e+04	5.998027e+04	
6.003511e+04	6.001460e+04	6.001458e+04	
6.007923e+04	6.006210e+04	6.006208e+04	
5.995365e+04	5.993998e+04	5.993996e+04	
6.018099e+04	6.016439e+04	6.016437e+04	
6.012442e+04	6.010667e+04	6.010666e+04	
6.021553e+04	6.019760e+04	6.019758e+04	
6.009556e+04	6.007923e+04	6.007921e+04	
6.010294e+04	6.008200e+04	6.008199e+04	
6.008701e+04	6.007135e+04	6.007133e+04	
6.021031e+04	6.019403e+04	6.019401e+04	
6.011492e+04	6.010312e+04	6.010311e+04	
6.002530e+04	6.000934e+04	6.000932e+04	
6.023154e+04	6.020759e+04	6.020757e+04	
6.004305e+04	6.002939e+04	6.002937e+04	
6.019524e+04	6.018365e+04	6.018364e+04	
6.009397e+04	6.008294e+04	6.008292e+04	
6.021108e+04	6.019990e+04	6.019989e+04	
6.010395e+04	6.009239e+04	6.009237e+04	
5.997771e+04	5.996276e+04	5.996275e+04	
6.018319e+04	6.017564e+04	6.017562e+04	
6.006918e+04	6.005772e+04	6.005771e+04	
6.008401e+04	6.007001e+04	6.006999e+04	
6.021067e+04	6.019285e+04	6.019283e+04	
6.014003e+04	6.012563e+04	6.012561e+04	
6.017025e+04	6.015529e+04	6.015528e+04	
6.014602e+04	6.013670e+04	6.013669e+04	
6.009701e+04	6.007473e+04	6.007471e+04	
6.014888e+04	6.013540e+04	6.013538e+04	
6.019077e+04	6.017710e+04	6.017708e+04	
6.011793e+04	6.010042e+04	6.010040e+04	
6.016117e+04	6.013656e+04	6.013655e+04	
6.017945e+04	6.016654e+04	6.016652e+04	
6.010157e+04	6.008651e+04	6.008649e+04	
6.010508e+04	6.009576e+04	6.009575e+04	
6.014199e+04	6.012665e+04	6.012663e+04	
6.000337e+04	5.999441e+04	5.999440e+04	
6.011720e+04	6.010172e+04	6.010170e+04	
6.010840e+04	6.009145e+04	6.009143e+04	
6.003745e+04	6.002211e+04	6.002209e+04	
6.007396e+04	6.005842e+04	6.005841e+04	
6.014763e+04	6.012597e+04	6.012596e+04	
6.021195e+04	6.019878e+04	6.019877e+04	
6.010699e+04	6.008542e+04	6.008540e+04	
6.006197e+04	6.005226e+04	6.005225e+04	
6.016390e+04	6.013654e+04	6.013652e+04	
6.007425e+04	6.006424e+04	6.006423e+04	
6.009821e+04	6.008220e+04	6.008219e+04	
6.019130e+04	6.018616e+04	6.018614e+04	
6.015859e+04	6.014560e+04	6.014558e+04	
6.004276e+04	6.002975e+04	6.002974e+04	
6.019295e+04	6.017177e+04	6.017176e+04	
6.015800e+04	6.014183e+04	6.014182e+04	
6.005721e+04	6.004445e+04	6.004443e+04	
6.007071e+04	6.005447e+04	6.005445e+04	
5.991326e+04	5.988970e+04	5.988968e+04	
6.011233e+04	6.009635e+04	6.009633e+04	
6.006019e+04	6.004959e+04	6.004957e+04	
5.998899e+04	5.997117e+04	5.997115e+04	
6.001988e+04	5.999139e+04	5.999137e+04	
6.005400e+04	6.004778e+04	6.004777e+04	
6.000933e+04	5.998915e+04	5.998914e+04	
6.011471e+04	6.010322e+04	6.010321e+04	
6.012109e+04	6.010620e+04	6.010619e+04	
6.010525e+04	6.009786e+04	6.009784e+04	
6.001234e+04	5.999968e+04	5.999966e+04	
6.009278e+04	6.008349e+04	6.008347e+04	
6.012254e+04	6.011022e+04	6.011020e+04	
6.021060e+04	6.019158e+04	6.019156e+04	
5.997106e+04	5.996265e+04	5.996263e+04	
6.001934e+04	6.000687e+04	6.000685e+04	
6.009499e+04	6.008023e+04	6.008021e+04	
6.002920e+04	6.001817e+04	6.001816e+04	
6.000232e+04	5.999141e+04	5.999140e+04	
6.005580e+04	6.003757e+04	6.003755e+04	
6.002765e+04	6.001439e+04	6.001438e+04	
6.025227e+04	6.023879e+04	6.023878e+04	
6.000367e+04	5.998905e+04	5.998903e+04	
6.013428e+04	6.012963e+04	6.012961e+04	
5.995174e+04	5.992809e+04	5.992807e+04	
6.022104e+04	6.019192e+04	6.019191e+04	
6.008030e+04	6.006406e+04	6.006405e+04	
6.011859e+04	6.010419e+04	6.010417e+04	
6.016710e+04	6.015513e+04	6.015511e+04	
6.015135e+04	6.013126e+04	6.013124e+04	
6.013935e+04	6.011749e+04	6.011747e+04	
6.016785e+04	6.015589e+04	6.015587e+04	
5.990642e+04	5.988310e+04	5.988308e+04	
6.004968e+04	6.003471e+04	6.003470e+04	
6.014638e+04	6.013856e+04	6.013855e+04	
6.004105e+04	6.001931e+04	6.001929e+04	
6.014109e+04	6.012465e+04	6.012464e+04	
6.001261e+04	6.000229e+04	6.000227e+04	
6.009530e+04	6.008111e+04	6.008109e+04	
6.015756e+04	6.014267e+04	6.014265e+04	
6.013732e+04	6.011849e+04	6.011848e+04	
6.015747e+04	6.014855e+04	6.014853e+04	
6.019896e+04	6.017476e+04	6.017474e+04	
5.997226e+04	5.995141e+04	5.995139e+04	
6.003001e+04	6.001489e+04	6.001487e+04	
6.014746e+04	6.013790e+04	6.013789e+04	
6.015713e+04	6.014404e+04	6.014403e+04	
6.017592e+04	6.016458e+04	6.016457e+04	
5.999173e+04	5.997947e+04	5.997945e+04	
6.017812e+04	6.017048e+04	6.017046e+04	
5.999843e+04	5.998114e+04	5.998113e+04	
5.993961e+04	5.991896e+04	5.991894e+04	
6.003488e+04	6.002019e+04	6.002018e+04	
6.014276e+04	6.013550e+04	6.013549e+04	
6.005252e+04	6.003978e+04	6.003976e+04	
6.002703e+04	6.001290e+04	6.001289e+04	
6.016425e+04	6.015367e+04	6.015365e+04	
6.013511e+04	6.012304e+04	6.012302e+04	
5.998821e+04	5.997571e+04	5.997569e+04	
6.016033e+04	6.015035e+04	6.015033e+04	
5.995100e+04	5.992037e+04	5.992035e+04	
6.009777e+04	6.008258e+04	6.008257e+04	
6.015564e+04	6.014041e+04	6.014040e+04	
5.999717e+04	5.998231e+04	5.998230e+04	
6.012957e+04	6.011109e+04	6.011107e+04	
6.012088e+04	6.010693e+04	6.010692e+04	
6.016899e+04	6.015435e+04	6.015434e+04	
6.021569e+04	6.019285e+04	6.019284e+04	
6.012020e+04	6.009853e+04	6.009851e+04	
6.003814e+04	6.002664e+04	6.002663e+04	
6.004110e+04	6.002056e+04	6.002054e+04	
6.010132e+04	6.008586e+04	6.008584e+04	
6.009579e+04	6.007780e+04	6.007778e+04	
6.016373e+04	6.014813e+04	6.014811e+04	
6.006619e+04	6.005686e+04	6.005684e+04	
6.018754e+04	6.016406e+04	6.016404e+04	
6.013902e+04	6.012093e+04	6.012091e+04	
5.998733e+04	5.998148e+04	5.998146e+04	
6.011811e+04	6.010950e+04	6.010948e+04	
6.012191e+04	6.011392e+04	6.011390e+04	
6.019301e+04	6.018498e+04	6.018497e+04	
6.021988e+04	6.019902e+04	6.019900e+04	
6.006329e+04	6.004406e+04	6.004404e+04	
6.007683e+04	6.006968e+04	6.006966e+04	
6.014932e+04	6.013823e+04	6.013821e+04	
6.011526e+04	6.010323e+04	6.010321e+04	
6.009960e+04	6.008126e+04	6.008124e+04	
5.994159e+04	5.993173e+04	5.993172e+04	
6.024632e+04	6.021953e+04	6.021951e+04	
5.997120e+04	5.995852e+04	5.995851e+04	
6.010478e+04	6.009227e+04	6.009225e+04	
5.997560e+04	5.996246e+04	5.996244e+04	
6.015100e+04	6.014283e+04	6.014281e+04	
6.019110e+04	6.017728e+04	6.017726e+04	
6.018833e+04	6.016970e+04	6.016969e+04	
6.007358e+04	6.006391e+04	6.006389e+04	
6.007212e+04	6.005337e+04	6.005335e+04	
6.008834e+04	6.007233e+04	6.007231e+04	
6.004887e+04	6.003214e+04	6.003212e+04	
6.012828e+04	6.011156e+04	6.011155e+04	
6.003369e+04	6.001666e+04	6.001664e+04	
6.001283e+04	5.999585e+04	5.999583e+04	
6.008828e+04	6.007717e+04	6.007716e+04	
6.002931e+04	6.000721e+04	6.000719e+04	
6.002936e+04	6.002066e+04	6.002065e+04	
6.014512e+04	6.012834e+04	6.012832e+04	
6.020086e+04	6.018627e+04	6.018625e+04	
6.011955e+04	6.011033e+04	6.011032e+04	
6.003877e+04	6.002297e+04	6.002296e+04	
6.015461e+04	6.014232e+04	6.014231e+04	
6.007725e+04	6.006145e+04	6.006143e+04	
6.015705e+04	6.012991e+04	6.012989e+04	
6.010541e+04	6.009426e+04	6.009424e+04	
6.002123e+04	6.001078e+04	6.001077e+04	
5.999345e+04	5.997502e+04	5.997501e+04	
6.005315e+04	6.002654e+04	6.002653e+04	
6.008242e+04	6.006504e+04	6.006502e+04	
6.005634e+04	6.004610e+04	6.004609e+04	
6.021533e+04	6.020512e+04	6.020511e+04	
6.020533e+04	6.019243e+04	6.019242e+04	
6.011883e+04	6.010540e+04	6.010539e+04	
6.012995e+04	6.011419e+04	6.011417e+04	
6.012734e+04	6.011123e+04	6.011121e+04	
6.018027e+04	6.016683e+04	6.016681e+04	
6.008659e+04	6.006740e+04	6.006738e+04	
6.007780e+04	6.005679e+04	6.005677e+04	
6.003559e+04	6.002051e+04	6.002049e+04	
6.005226e+04	6.003576e+04	6.003574e+04	
6.013086e+04	6.011561e+04	6.011559e+04	
5.998180e+04	5.996683e+04	5.996681e+04	
6.008934e+04	6.007661e+04	6.007659e+04	
6.012340e+04	6.010484e+04	6.010482e+04	
6.008216e+04	6.006941e+04	6.006940e+04	
6.012136e+04	6.011266e+04	6.011264e+04	
6.005471e+04	6.003247e+04	6.003245e+04	
6.001293e+04	5.999845e+04	5.999844e+04	
6.012225e+04	6.011304e+04	6.011303e+04	
6.011559e+04	6.009909e+04	6.009907e+04	
6.008399e+04	6.007419e+04	6.007417e+04	
6.006239e+04	6.004005e+04	6.004003e+04	
6.013407e+04	6.012017e+04	6.012015e+04	
6.018961e+04	6.017236e+04	6.017235e+04	
6.016533e+04	6.015689e+04	6.015687e+04	
6.005609e+04	6.004631e+04	6.004630e+04	
6.011014e+04	6.008683e+04	6.008681e+04	
6.021451e+04	6.020798e+04	6.020796e+04	
6.014841e+04	6.013689e+04	6.013688e+04	
6.001237e+04	6.000276e+04	6.000274e+04	
5.996514e+04	5.995471e+04	5.995470e+04	
6.015483e+04	6.013933e+04	6.013932e+04	
6.008324e+04	6.007561e+04	6.007560e+04	
6.004718e+04	6.003336e+04	6.003334e+04	
6.017125e+04	6.015292e+04	6.015290e+04	
6.000320e+04	5.998883e+04	5.998881e+04	
6.008356e+04	6.006589e+04	6.006587e+04	
6.014538e+04	6.012557e+04	6.012556e+04	
6.015496e+04	6.014262e+04	6.014260e+04	
6.006987e+04	6.004774e+04	6.004772e+04	
6.018160e+04	6.016747e+04	6.016745e+04	
6.016103e+04	6.014580e+04	6.014579e+04	
6.002692e+04	6.000242e+04	6.000240e+04	
6.015223e+04	6.013568e+04	6.013567e+04	
6.012229e+04	6.010598e+04	6.010597e+04	
6.001378e+04	5.999398e+04	5.999397e+04	
6.013151e+04	6.012065e+04	6.012063e+04	
6.002428e+04	6.001149e+04	6.001147e+04	
6.002879e+04	6.001345e+04	6.001343e+04	
6.011089e+04	6.009399e+04	6.009397e+04	
6.015243e+04	6.014618e+04	6.014616e+04	
6.006465e+04	6.004861e+04	6.004859e+04	
6.014948e+04	6.012948e+04	6.012946e+04	
6.010698e+04	6.009239e+04	6.009238e+04	
6.009313e+04	6.008255e+04	6.008253e+04	
6.010018e+04	6.008508e+04	6.008506e+04	
6.005143e+04	6.004019e+04	6.004017e+04	
6.015741e+04	6.014213e+04	6.014212e+04	
6.000342e+04	5.998828e+04	5.998826e+04	
6.008795e+04	6.007452e+04	6.007450e+04	
6.006408e+04	6.005362e+04	6.005361e+04	
5.992878e+04	5.990102e+04	5.990101e+04	
6.006768e+04	6.005469e+04	6.005467e+04	
5.996883e+04	5.995628e+04	5.995627e+04	
6.020074e+04	6.018892e+04	6.018891e+04	
6.000128e+04	5.998820e+04	5.998819e+04	
6.003937e+04	6.002242e+04	6.002240e+04	
6.018203e+04	6.016983e+04	6.016982e+04	
6.017921e+04	6.016791e+04	6.016789e+04	
6.014640e+04	6.013357e+04	6.013355e+04	
6.010200e+04	6.009204e+04	6.009202e+04	
6.014046e+04	6.013162e+04	6.013160e+04	
6.007309e+04	6.005536e+04	6.005535e+04	
6.015139e+04	6.013913e+04	6.013911e+04	
6.002475e+04	6.001364e+04	6.001363e+04	
6.020482e+04	6.018837e+04	6.018835e+04	
6.016478e+04	6.015161e+04	6.015160e+04	
6.008871e+04	6.006775e+04	6.006774e+04	
6.011147e+04	6.010450e+04	6.010448e+04	
6.011535e+04	6.010729e+04	6.010727e+04	
6.006270e+04	6.005141e+04	6.005139e+04	
6.002084e+04	6.001009e+04	6.001008e+04	
6.008803e+04	6.006863e+04	6.006861e+04	
6.010122e+04	6.009113e+04	6.009111e+04	
5.994407e+04	5.992555e+04	5.992554e+04	
6.020316e+04	6.019687e+04	6.019686e+04	
6.012602e+04	6.011821e+04	6.011820e+04	
6.004322e+04	6.003068e+04	6.003067e+04	
6.013533e+04	6.012320e+04	6.012319e+04	
6.003726e+04	6.002317e+04	6.002316e+04	
6.013902e+04	6.011277e+04	6.011275e+04	
6.006345e+04	6.005071e+04	6.005069e+04	
6.014892e+04	6.013589e+04	6.013587e+04	
6.004373e+04	6.002758e+04	6.002756e+04	
6.004976e+04	6.003609e+04	6.003607e+04	
6.012202e+04	6.009846e+04	6.009844e+04	
6.013943e+04	6.011869e+04	6.011867e+04	
6.020833e+04	6.019450e+04	6.019449e+04	
6.014265e+04	6.012597e+04	6.012595e+04	
6.001807e+04	6.000193e+04	6.000191e+04	
6.008405e+04	6.007161e+04	6.007159e+04	
6.014461e+04	6.012242e+04	6.012241e+04	
6.016598e+04	6.015503e+04	6.015502e+04	
6.016707e+04	6.015103e+04	6.015101e+04	
6.023323e+04	6.022024e+04	6.022022e+04	
6.009144e+04	6.008057e+04	6.008056e+04	
6.020088e+04	6.019185e+04	6.019183e+04	
6.004024e+04	6.003022e+04	6.003020e+04	
6.018181e+04	6.016274e+04	6.016272e+04	
6.000577e+04	5.998930e+04	5.998929e+04	
6.014395e+04	6.013489e+04	6.013488e+04	
6.008270e+04	6.006006e+04	6.006004e+04	
6.014942e+04	6.012949e+04	6.012948e+04	
6.003575e+04	6.002312e+04	6.002310e+04	
6.014336e+04	6.012703e+04	6.012701e+04	
6.006108e+04	6.004979e+04	6.004977e+04	
6.000357e+04	5.998371e+04	5.998369e+04	
6.008308e+04	6.005894e+04	6.005892e+04	
6.018645e+04	6.017556e+04	6.017554e+04	
6.005758e+04	6.004462e+04	6.004460e+04	
6.018594e+04	6.017404e+04	6.017402e+04	
6.014022e+04	6.012382e+04	6.012380e+04	
6.011333e+04	6.009996e+04	6.009995e+04	
6.011964e+04	6.009893e+04	6.009892e+04	
6.005536e+04	6.004498e+04	6.004496e+04	
6.013674e+04	6.012446e+04	6.012444e+04	
6.016894e+04	6.015305e+04	6.015303e+04	
6.017557e+04	6.016735e+04	6.016734e+04	
6.009533e+04	6.008380e+04	6.008378e+04	
6.018982e+04	6.017704e+04	6.017702e+04	
6.017228e+04	6.015705e+04	6.015703e+04	
6.017247e+04	6.015399e+04	6.015398e+04	
5.994397e+04	5.993503e+04	5.993501e+04	
6.009261e+04	6.008083e+04	6.008081e+04	
6.018607e+04	6.016729e+04	6.016727e+04	
6.022456e+04	6.020127e+04	6.020126e+04	
5.999275e+04	5.997107e+04	5.997105e+04	
6.000451e+04	5.998978e+04	5.998976e+04	
6.001505e+04	6.000239e+04	6.000237e+04	
6.018256e+04	6.016932e+04	6.016930e+04	
6.008095e+04	6.006788e+04	6.006787e+04	
6.005550e+04	6.003763e+04	6.003762e+04	
6.012107e+04	6.010880e+04	6.010879e+04	
6.008234e+04	6.007041e+04	6.007039e+04	
6.007863e+04	6.006852e+04	6.006850e+04	
6.016828e+04	6.015242e+04	6.015240e+04	
5.996566e+04	5.994958e+04	5.994956e+04	
6.005824e+04	6.004958e+04	6.004956e+04	
6.009293e+04	6.007573e+04	6.007571e+04	
6.004576e+04	6.002923e+04	6.002921e+04	
6.008820e+04	6.007565e+04	6.007563e+04	
6.012625e+04	6.011082e+04	6.011080e+04	
6.000116e+04	5.998460e+04	5.998458e+04	
6.005316e+04	6.003388e+04	6.003386e+04	
6.011828e+04	6.009628e+04	6.009627e+04	
6.012674e+04	6.011161e+04	6.011160e+04	
6.026297e+04	6.025165e+04	6.025164e+04	
6.012681e+04	6.011116e+04	6.011114e+04	
6.020336e+04	6.019023e+04	6.019021e+04	
6.006103e+04	6.005030e+04	6.005028e+04	
6.001192e+04	5.999501e+04	5.999499e+04	
6.013611e+04	6.012786e+04	6.012785e+04	
6.004882e+04	6.004218e+04	6.004216e+04	
6.007209e+04	6.005817e+04	6.005816e+04	
6.014313e+04	6.012948e+04	6.012946e+04	
6.016725e+04	6.016312e+04	6.016311e+04	
6.014419e+04	6.013329e+04	6.013328e+04	
6.013024e+04	6.011746e+04	6.011745e+04	
6.008417e+04	6.006858e+04	6.006857e+04	
6.016614e+04	6.014677e+04	6.014676e+04	
6.003011e+04	6.000983e+04	6.000981e+04	
6.003887e+04	6.003134e+04	6.003132e+04	
6.001904e+04	6.000829e+04	6.000827e+04	
6.013998e+04	6.012548e+04	6.012547e+04	
6.009346e+04	6.007679e+04	6.007677e+04	
6.003862e+04	6.002621e+04	6.002620e+04	
6.017563e+04	6.015571e+04	6.015569e+04	
6.010952e+04	6.010271e+04	6.010270e+04	
6.019189e+04	6.017647e+04	6.017645e+04	
6.013884e+04	6.012581e+04	6.012580e+04	
6.003002e+04	6.001020e+04	6.001018e+04	
6.018827e+04	6.016780e+04	6.016778e+04	
6.006657e+04	6.003901e+04	6.003900e+04	
6.013883e+04	6.012933e+04	6.012932e+04	
5.992449e+04	5.990750e+04	5.990748e+04	
6.011208e+04	6.009520e+04	6.009518e+04	
6.012953e+04	6.010891e+04	6.010889e+04	
6.020274e+04	6.019254e+04	6.019252e+04	
6.014925e+04	6.014307e+04	6.014305e+04	
6.011620e+04	6.010781e+04	6.010780e+04	
6.021273e+04	6.020015e+04	6.020014e+04	
6.004887e+04	6.003184e+04	6.003182e+04	
6.000846e+04	5.999423e+04	5.999421e+04	
6.008101e+04	6.006835e+04	6.006833e+04	
6.001878e+04	6.000504e+04	6.000503e+04	
6.005583e+04	6.003940e+04	6.003938e+04	
6.024389e+04	6.022748e+04	6.022747e+04	
6.016814e+04	6.015681e+04	6.015680e+04	
6.007964e+04	6.006749e+04	6.006747e+04	
5.999704e+04	5.997832e+04	5.997830e+04	
6.011668e+04	6.010203e+04	6.010201e+04	
6.011710e+04	6.010889e+04	6.010888e+04	
6.002387e+04	6.000111e+04	6.000109e+04	
6.002346e+04	6.000929e+04	6.000927e+04	
6.008580e+04	6.007102e+04	6.007100e+04	
6.025555e+04	6.024430e+04	6.024429e+04	
6.020587e+04	6.019189e+04	6.019188e+04	
6.006162e+04	6.004062e+04	6.004060e+04	
6.007571e+04	6.006557e+04	6.006556e+04	
6.005663e+04	6.002940e+04	6.002939e+04	
6.006433e+04	6.005072e+04	6.005070e+04	
6.013066e+04	6.012137e+04	6.012135e+04	
5.998598e+04	5.996646e+04	5.996644e+04	
6.005295e+04	6.003671e+04	6.003669e+04	
5.991223e+04	5.989475e+04	5.989473e+04	
6.008630e+04	6.007423e+04	6.007421e+04	
6.006302e+04	6.004978e+04	6.004977e+04	
5.997703e+04	5.995845e+04	5.995843e+04	
6.000238e+04	5.998731e+04	5.998729e+04	
6.014758e+04	6.013414e+04	6.013412e+04	
6.007689e+04	6.006775e+04	6.006774e+04	
6.004249e+04	6.002136e+04	6.002134e+04	
5.998586e+04	5.996391e+04	5.996389e+04	
6.013469e+04	6.011715e+04	6.011713e+04	
6.011995e+04	6.009885e+04	6.009884e+04	
6.017920e+04	6.016650e+04	6.016648e+04	
6.024653e+04	6.021499e+04	6.021498e+04	
6.011181e+04	6.010218e+04	6.010216e+04	
6.001621e+04	5.999975e+04	5.999973e+04	
6.017221e+04	6.016501e+04	6.016499e+04	
6.001397e+04	6.000099e+04	6.000097e+04	
6.029022e+04	6.027588e+04	6.027587e+04	
6.011963e+04	6.009822e+04	6.009820e+04	
6.012743e+04	6.011608e+04	6.011606e+04	
6.006636e+04	6.005560e+04	6.005559e+04	
6.007268e+04	6.004858e+04	6.004856e+04	
6.009215e+04	6.008093e+04	6.008091e+04	
6.007861e+04	6.006462e+04	6.006460e+04	
6.012892e+04	6.011662e+04	6.011660e+04	
6.007859e+04	6.006324e+04	6.006323e+04	
6.006828e+04	6.004620e+04	6.004618e+04	
6.010964e+04	6.009022e+04	6.009021e+04	
5.996756e+04	5.995435e+04	5.995434e+04	
6.000180e+04	5.998667e+04	5.998665e+04	
6.004094e+04	6.002414e+04	6.002412e+04	
6.006756e+04	6.005294e+04	6.005292e+04	
5.996798e+04	5.995326e+04	5.995324e+04	
6.011802e+04	6.010300e+04	6.010299e+04	
6.009854e+04	6.008551e+04	6.008549e+04	
6.021655e+04	6.020391e+04	6.020390e+04	
6.011650e+04	6.011003e+04	6.011001e+04	
6.020758e+04	6.017753e+04	6.017751e+04	
6.013832e+04	6.011459e+04	6.011457e+04	
6.011056e+04	6.009131e+04	6.009129e+04	
6.025614e+04	6.023896e+04	6.023894e+04	
6.014779e+04	6.013430e+04	6.013428e+04	
6.011228e+04	6.009588e+04	6.009586e+04	
6.020261e+04	6.019076e+04	6.019074e+04	
6.004855e+04	6.003486e+04	6.003484e+04	
6.007490e+04	6.005318e+04	6.005317e+04	
6.020682e+04	6.018836e+04	6.018834e+04	
6.008290e+04	6.007465e+04	6.007464e+04	
6.014096e+04	6.013343e+04	6.013342e+04	
6.000122e+04	5.999002e+04	5.999000e+04	
6.003208e+04	6.002348e+04	6.002347e+04	
6.011084e+04	6.008861e+04	6.008859e+04	
6.008645e+04	6.007780e+04	6.007778e+04	
6.001422e+04	5.999460e+04	5.999458e+04	
6.007777e+04	6.006346e+04	6.006345e+04	
6.010483e+04	6.009436e+04	6.009434e+04	
6.012815e+04	6.011085e+04	6.011084e+04	
6.009342e+04	6.008485e+04	6.008483e+04	
6.007252e+04	6.005612e+04	6.005611e+04	
6.014927e+04	6.013578e+04	6.013576e+04	
5.995327e+04	5.993806e+04	5.993805e+04	
6.010997e+04	6.009426e+04	6.009425e+04	
6.007659e+04	6.006128e+04	6.006126e+04	
5.997790e+04	5.996439e+04	5.996437e+04	
6.007342e+04	6.005004e+04	6.005002e+04	
5.999122e+04	5.997264e+04	5.997262e+04	
5.993446e+04	5.991891e+04	5.991889e+04	
6.003783e+04	6.002457e+04	6.002455e+04	
6.000959e+04	5.999760e+04	5.999759e+04	
6.007440e+04	6.006242e+04	6.006241e+04	
6.015830e+04	6.014613e+04	6.014612e+04	
6.015849e+04	6.015037e+04	6.015035e+04	
6.020497e+04	6.019163e+04	6.019162e+04	
6.001882e+04	5.999966e+04	5.999965e+04	
6.015459e+04	6.014300e+04	6.014299e+04	
6.022606e+04	6.020745e+04	6.020743e+04	
6.006734e+04	6.005617e+04	6.005615e+04	
6.012707e+04	6.011597e+04	6.011595e+04	
6.009417e+04	6.007552e+04	6.007550e+04	
6.015503e+04	6.014344e+04	6.014343e+04	
6.019618e+04	6.018521e+04	6.018520e+04	
6.016869e+04	6.015579e+04	6.015577e+04	
6.004355e+04	6.002454e+04	6.002452e+04	
6.012537e+04	6.011638e+04	6.011637e+04	
6.011811e+04	6.010315e+04	6.010313e+04	
6.017432e+04	6.016481e+04	6.016480e+04	
6.012403e+04	6.011405e+04	6.011404e+04	
6.008448e+04	6.007651e+04	6.007649e+04	
6.013510e+04	6.012020e+04	6.012018e+04	
6.013588e+04	6.011344e+04	6.011343e+04	
6.004555e+04	6.003397e+04	6.003395e+04	
6.002743e+04	6.000532e+04	6.000531e+04	
6.012074e+04	6.010187e+04	6.010185e+04	
6.008895e+04	6.007375e+04	6.007374e+04	
6.015687e+04	6.014623e+04	6.014622e+04	
6.011100e+04	6.008890e+04	6.008888e+04	
6.001653e+04	6.000239e+04	6.000238e+04	
6.003279e+04	6.002257e+04	6.002255e+04	
6.008004e+04	6.005728e+04	6.005726e+04	
6.026406e+04	6.024795e+04	6.024794e+04	
6.015376e+04	6.013822e+04	6.013820e+04	
6.012894e+04	6.011789e+04	6.011787e+04	
6.031560e+04	6.029714e+04	6.029712e+04	
6.016453e+04	6.014383e+04	6.014382e+04	
6.011326e+04	6.009338e+04	6.009337e+04	
6.001758e+04	5.999739e+04	5.999738e+04	
5.994157e+04	5.992906e+04	5.992904e+04	
6.018889e+04	6.017738e+04	6.017736e+04	
6.012512e+04	6.011151e+04	6.011149e+04	
6.006941e+04	6.004992e+04	6.004990e+04	
6.001804e+04	5.999569e+04	5.999568e+04	
6.010200e+04	6.008841e+04	6.008840e+04	
6.008757e+04	6.007158e+04	6.007157e+04	
5.998529e+04	5.996985e+04	5.996983e+04	
6.006485e+04	6.004835e+04	6.004833e+04	
6.002048e+04	6.000155e+04	6.000154e+04	
6.016184e+04	6.014494e+04	6.014492e+04	
6.018380e+04	6.016958e+04	6.016956e+04	
6.014810e+04	6.013559e+04	6.013558e+04	
5.996762e+04	5.995220e+04	5.995218e+04	
6.005375e+04	6.004145e+04	6.004144e+04	
6.009487e+04	6.007432e+04	6.007430e+04	
6.012410e+04	6.011052e+04	6.011050e+04	
6.006533e+04	6.005404e+04	6.005403e+04	
5.999388e+04	5.997859e+04	5.997858e+04	
6.003626e+04	6.001633e+04	6.001631e+04	
6.004096e+04	6.002739e+04	6.002738e+04	
6.006997e+04	6.005651e+04	6.005650e+04	
6.022717e+04	6.021010e+04	6.021008e+04	
6.002128e+04	6.000599e+04	6.000597e+04	
6.003412e+04	6.002192e+04	6.002190e+04	
6.027285e+04	6.025717e+04	6.025715e+04	
6.016361e+04	6.015134e+04	6.015132e+04	
6.011945e+04	6.011422e+04	6.011421e+04	
6.015075e+04	6.014136e+04	6.014135e+04	
6.021314e+04	6.019830e+04	6.019829e+04	
6.003401e+04	6.002097e+04	6.002095e+04	
6.009254e+04	6.007588e+04	6.007587e+04	
6.011437e+04	6.010077e+04	6.010076e+04	
6.008316e+04	6.006816e+04	6.006814e+04	
6.011856e+04	6.010837e+04	6.010835e+04	
6.006247e+04	6.004029e+04	6.004028e+04	
6.013130e+04	6.011748e+04	6.011746e+04	
6.007023e+04	6.006006e+04	6.006005e+04	
6.001570e+04	6.000045e+04	6.000043e+04	
6.014869e+04	6.013363e+04	6.013362e+04	
6.013239e+04	6.011938e+04	6.011936e+04	
6.011245e+04	6.008910e+04	6.008909e+04	
6.004132e+04	6.002145e+04	6.002143e+04	
6.012836e+04	6.011408e+04	6.011407e+04	
