7.803453e-02	8.946846e-02	
1.941912e-01	2.145157e-01	
1.747230e-01	1.859266e-01	
1.414527e-01	1.626907e-01	
1.414069e-01	1.536416e-01	
1.951872e-01	2.100248e-01	
1.865055e-01	1.989095e-01	
3.509865e-01	3.642143e-01	
1.915242e-01	1.941194e-01	
1.654399e-01	1.575516e-01	
2.703232e-01	2.888326e-01	
8.713398e-02	9.423719e-02	
1.737046e-01	1.842242e-01	
1.900555e-01	1.951086e-01	
1.379842e-01	1.387919e-01	
1.194987e-01	1.321821e-01	
9.080317e-02	8.709006e-02	
1.672602e-01	1.838521e-01	
1.038331e-01	1.092391e-01	
2.084191e-01	2.241688e-01	
1.418438e-01	1.491795e-01	
1.546329e-01	1.661335e-01	
3.470827e-01	3.836255e-01	
1.692676e-01	1.779961e-01	
1.496717e-01	1.494683e-01	
1.340976e-01	1.491177e-01	
1.346644e-01	1.344246e-01	
1.122578e-01	1.178873e-01	
6.947696e-02	7.822945e-02	
1.321208e-01	1.472971e-01	
1.678717e-01	1.806693e-01	
1.524227e-01	1.637706e-01	
2.249988e-01	2.344925e-01	
1.420836e-01	1.477091e-01	
1.294743e-01	1.309753e-01	
1.153527e-01	1.298410e-01	
1.479102e-01	1.607702e-01	
2.136596e-01	2.291438e-01	
1.427096e-01	1.528155e-01	
1.207075e-01	1.253504e-01	
1.390400e-01	1.353696e-01	
1.803430e-01	1.983000e-01	
1.958805e-01	2.112300e-01	
1.948499e-01	2.017740e-01	
1.112950e-01	1.241531e-01	
1.177820e-01	1.133056e-01	
2.446765e-01	2.675582e-01	
4.329932e-02	4.422015e-02	
1.300999e-01	1.412448e-01	
1.911576e-01	2.112878e-01	
1.309445e-01	1.370439e-01	
1.351547e-01	1.502279e-01	
1.231300e-01	1.345955e-01	
2.496617e-01	2.707863e-01	
3.075932e-01	3.415648e-01	
1.248424e-01	1.438022e-01	
1.202440e-01	1.298726e-01	
7.130885e-02	7.907166e-02	
2.025554e-01	2.087335e-01	
1.137915e-01	1.151857e-01	
4.763846e-02	5.329329e-02	
7.190968e-02	7.567541e-02	
2.277913e-01	2.514134e-01	
1.590875e-01	1.770000e-01	
4.072515e-01	4.449559e-01	
1.407968e-01	1.510513e-01	
1.839670e-01	1.932021e-01	
1.527422e-01	1.469813e-01	
8.519423e-02	8.742356e-02	
1.437596e-01	1.544988e-01	
1.647290e-01	1.704142e-01	
2.803604e-01	3.154853e-01	
2.300347e-01	2.463847e-01	
1.213516e-01	1.277815e-01	
2.313969e-01	2.483784e-01	
1.644657e-01	1.703069e-01	
1.172132e-01	1.245256e-01	
1.205363e-01	1.230626e-01	
1.435525e-01	1.495238e-01	
2.394032e-01	2.477008e-01	
1.217696e-01	1.218950e-01	
1.122551e-01	1.142739e-01	
1.984010e-01	2.075870e-01	
1.977664e-01	2.021354e-01	
2.044122e-01	2.199421e-01	
3.055761e-01	3.196543e-01	
1.027914e-01	1.039540e-01	
1.656851e-01	1.807274e-01	
1.817887e-01	1.940009e-01	
1.679259e-01	1.780848e-01	
1.730151e-01	1.844499e-01	
1.186064e-01	1.303728e-01	
1.355851e-01	1.546559e-01	
1.901350e-01	2.131426e-01	
1.167927e-01	1.304683e-01	
1.413172e-01	1.490589e-01	
1.135340e-01	1.143852e-01	
2.488072e-01	2.534036e-01	
8.591686e-02	9.440157e-02	
2.492909e-01	2.657005e-01	
1.830036e-01	1.727357e-01	
5.613960e-02	5.843281e-02	
1.921921e-01	1.885052e-01	
1.494512e-01	1.655695e-01	
1.646151e-01	1.583791e-01	
1.462961e-01	1.499782e-01	
1.794937e-01	1.932389e-01	
1.298523e-01	1.471362e-01	
1.449206e-01	1.589487e-01	
1.721059e-01	1.914088e-01	
1.866704e-01	2.032894e-01	
1.693375e-01	1.845501e-01	
1.493036e-01	1.623979e-01	
6.985916e-02	6.847637e-02	
1.895043e-01	2.015815e-01	
1.054500e-01	1.093534e-01	
2.234584e-01	2.476540e-01	
3.795014e-01	3.964069e-01	
1.591427e-01	1.672511e-01	
2.961488e-01	3.208916e-01	
2.198499e-01	2.393293e-01	
1.932045e-01	2.023653e-01	
1.132589e-01	1.214643e-01	
1.778445e-01	2.050104e-01	
1.510987e-01	1.679494e-01	
1.587750e-01	1.740663e-01	
1.127916e-01	1.224515e-01	
1.958583e-01	2.062257e-01	
1.978449e-01	2.042900e-01	
1.859177e-01	2.033299e-01	
3.013094e-01	3.187180e-01	
2.079365e-01	2.228978e-01	
4.132978e-01	4.471009e-01	
1.093241e-01	1.256472e-01	
2.716408e-01	2.991981e-01	
1.087192e-01	1.267366e-01	
2.147641e-01	2.403649e-01	
2.460132e-01	2.771415e-01	
2.260816e-01	2.441664e-01	
1.618243e-01	1.825682e-01	
1.797685e-01	1.815808e-01	
1.205604e-01	1.264759e-01	
1.496901e-01	1.622641e-01	
1.407178e-01	1.475999e-01	
1.098901e-01	1.193431e-01	
1.651584e-01	1.792875e-01	
1.125415e-01	1.217943e-01	
1.122267e-01	1.123032e-01	
1.538169e-01	1.648021e-01	
3.037896e-01	3.288162e-01	
1.621005e-01	1.742374e-01	
1.616299e-01	1.760148e-01	
1.656231e-01	1.752044e-01	
2.024005e-01	2.187316e-01	
1.542120e-01	1.756555e-01	
1.712097e-01	1.875837e-01	
1.680281e-01	1.852340e-01	
1.663732e-01	1.687752e-01	
2.721654e-01	2.997916e-01	
1.559739e-01	1.536352e-01	
2.023012e-01	2.114113e-01	
8.422527e-02	8.913665e-02	
1.430969e-01	1.589980e-01	
1.630757e-01	1.811410e-01	
1.825242e-01	1.925005e-01	
1.543639e-01	1.492864e-01	
2.244839e-01	2.426331e-01	
1.063906e-01	1.204104e-01	
1.259973e-01	1.367122e-01	
1.258207e-01	1.315338e-01	
1.166097e-01	1.231179e-01	
1.262751e-01	1.426871e-01	
1.075959e-01	1.064380e-01	
1.732504e-01	1.798419e-01	
1.829833e-01	1.934444e-01	
1.483184e-01	1.626461e-01	
1.565834e-01	1.630737e-01	
2.656542e-01	2.835877e-01	
7.741516e-02	7.789933e-02	
1.826699e-01	1.960300e-01	
2.547776e-01	2.733276e-01	
1.151215e-01	1.218995e-01	
2.671135e-01	2.899744e-01	
1.226615e-01	1.366908e-01	
2.131660e-01	2.243241e-01	
6.753648e-02	6.918634e-02	
1.229608e-01	1.272599e-01	
2.874575e-01	2.976907e-01	
9.411530e-02	1.052238e-01	
1.946163e-01	2.105877e-01	
1.711748e-01	1.818502e-01	
1.885955e-01	2.059539e-01	
8.487680e-02	9.005180e-02	
8.405765e-02	9.501381e-02	
1.517903e-01	1.561917e-01	
2.357399e-01	2.522441e-01	
1.867437e-01	2.048749e-01	
2.920453e-01	3.235246e-01	
1.415237e-01	1.541818e-01	
2.170897e-01	2.195628e-01	
1.570530e-01	1.716770e-01	
1.674931e-01	1.875320e-01	
1.081968e-01	1.156635e-01	
3.905796e-01	4.273287e-01	
2.216283e-01	2.368948e-01	
2.179336e-01	2.309220e-01	
1.245643e-01	1.354117e-01	
7.577368e-02	7.489470e-02	
2.144054e-01	2.190292e-01	
1.942797e-01	1.995837e-01	
1.499948e-01	1.701785e-01	
2.073154e-01	2.271691e-01	
1.408823e-01	1.576173e-01	
1.181591e-01	1.250300e-01	
2.307732e-01	2.440435e-01	
6.567503e-02	7.386976e-02	
3.161191e-01	3.533556e-01	
1.270936e-01	1.344380e-01	
2.858007e-01	3.167886e-01	
3.909793e-01	4.193100e-01	
1.302844e-01	1.395177e-01	
1.753813e-01	1.849371e-01	
1.772987e-01	1.833521e-01	
3.480361e-01	3.885453e-01	
1.392226e-01	1.520556e-01	
1.172784e-01	1.214927e-01	
1.609176e-01	1.633743e-01	
1.207924e-01	1.261605e-01	
1.232565e-01	1.297004e-01	
1.205638e-01	1.292438e-01	
1.746600e-01	1.965385e-01	
1.879977e-01	2.011102e-01	
1.085921e-01	1.139865e-01	
1.538632e-01	1.666619e-01	
1.155699e-01	1.261668e-01	
2.311420e-01	2.502962e-01	
2.018502e-01	2.144257e-01	
2.001574e-01	2.004321e-01	
1.948625e-01	1.988389e-01	
1.613544e-01	1.770122e-01	
1.486136e-01	1.573038e-01	
1.305044e-01	1.336895e-01	
9.178018e-02	9.496638e-02	
1.918683e-01	1.963976e-01	
2.263971e-01	2.357357e-01	
1.263623e-01	1.465923e-01	
2.459728e-01	2.755983e-01	
1.048575e-01	1.030849e-01	
1.122112e-01	1.221636e-01	
5.103804e-01	5.450373e-01	
4.955371e-02	5.916629e-02	
1.826396e-01	1.906967e-01	
1.907754e-01	2.038854e-01	
1.774819e-01	1.854929e-01	
2.624845e-01	2.766527e-01	
2.301919e-01	2.545314e-01	
1.600445e-01	1.720924e-01	
8.383070e-02	8.318558e-02	
2.891212e-01	3.136348e-01	
7.207337e-02	6.894359e-02	
2.263494e-01	2.415558e-01	
2.060626e-01	2.188391e-01	
6.210640e-02	6.490611e-02	
2.026192e-01	2.118910e-01	
1.548583e-01	1.611339e-01	
1.597282e-01	1.770663e-01	
1.350371e-01	1.300633e-01	
1.321337e-01	1.492975e-01	
1.134082e-01	1.201054e-01	
1.339406e-01	1.420475e-01	
2.444609e-01	2.655017e-01	
3.038431e-01	3.325328e-01	
1.953754e-01	2.112943e-01	
1.545644e-01	1.621624e-01	
1.441819e-01	1.516443e-01	
1.060618e-01	1.134080e-01	
1.146413e-01	1.173286e-01	
2.649086e-01	2.964448e-01	
2.347850e-01	2.479445e-01	
9.986570e-02	1.014754e-01	
1.970497e-01	2.141953e-01	
1.621836e-01	1.776843e-01	
2.583885e-01	2.804408e-01	
1.348151e-01	1.317980e-01	
1.819890e-01	2.016837e-01	
2.247305e-01	2.353353e-01	
1.493570e-01	1.581878e-01	
1.526469e-01	1.507961e-01	
1.207621e-01	1.281897e-01	
1.753624e-01	1.845134e-01	
6.456665e-02	7.481709e-02	
1.935689e-01	2.107069e-01	
9.242278e-02	1.049929e-01	
1.907572e-01	2.017676e-01	
3.731731e-01	4.062844e-01	
8.283990e-02	8.651990e-02	
1.469828e-01	1.596250e-01	
1.124669e-01	1.210523e-01	
1.096798e-01	1.174748e-01	
1.863753e-01	1.973479e-01	
1.141898e-01	1.202803e-01	
2.229752e-01	2.480719e-01	
1.918522e-01	2.051224e-01	
1.096240e-01	1.256906e-01	
2.528912e-01	2.721966e-01	
1.737092e-01	1.738335e-01	
2.561326e-01	2.838438e-01	
3.064332e-01	3.353069e-01	
3.336573e-01	3.583025e-01	
7.498189e-02	7.583733e-02	
2.162835e-01	2.344323e-01	
7.715670e-02	8.409979e-02	
1.983143e-01	2.162537e-01	
1.941058e-01	2.025900e-01	
1.691326e-01	1.711500e-01	
1.045231e-01	1.112588e-01	
2.460672e-01	2.684722e-01	
1.280967e-01	1.171343e-01	
1.500864e-01	1.548002e-01	
1.315402e-01	1.384471e-01	
1.054216e-01	1.142845e-01	
8.664716e-02	8.110648e-02	
1.349686e-01	1.414142e-01	
1.338461e-01	1.433331e-01	
1.809206e-01	1.842840e-01	
2.217283e-01	2.304696e-01	
8.991058e-02	9.133301e-02	
3.126978e-01	3.360542e-01	
1.229016e-01	1.239538e-01	
1.192324e-01	1.318705e-01	
1.256603e-01	1.289686e-01	
1.151596e-01	1.244284e-01	
1.162281e-01	1.226092e-01	
1.214915e-01	1.320552e-01	
1.364698e-01	1.490827e-01	
1.886011e-01	1.987699e-01	
1.760062e-01	1.959599e-01	
2.259713e-01	2.433915e-01	
3.034349e-01	3.332235e-01	
4.248013e-01	4.516586e-01	
1.471907e-01	1.597457e-01	
1.898652e-01	1.924349e-01	
1.048553e-01	1.095844e-01	
1.660780e-01	1.832205e-01	
1.214660e-01	1.390012e-01	
1.986449e-01	2.178283e-01	
1.564985e-01	1.740651e-01	
7.901292e-02	7.832207e-02	
1.215658e-01	1.257874e-01	
1.196481e-01	1.305605e-01	
1.029320e-01	1.116153e-01	
2.353765e-01	2.606851e-01	
8.597728e-02	1.008642e-01	
1.968991e-01	2.156059e-01	
1.014790e-01	9.924837e-02	
3.037733e-01	3.175301e-01	
1.849444e-01	1.923814e-01	
2.034417e-01	2.264821e-01	
1.589865e-01	1.712399e-01	
1.068964e-01	1.132298e-01	
1.692415e-01	1.763423e-01	
1.298327e-01	1.403561e-01	
1.755411e-01	1.950927e-01	
1.481675e-01	1.691478e-01	
1.097490e-01	1.189075e-01	
1.247498e-01	1.433882e-01	
1.241024e-01	1.318244e-01	
1.632139e-01	1.699122e-01	
1.520307e-01	1.603254e-01	
9.411276e-02	1.037316e-01	
2.007331e-01	2.191440e-01	
1.589494e-01	1.734574e-01	
1.406423e-01	1.576542e-01	
1.899460e-01	2.035664e-01	
1.168892e-01	1.112056e-01	
1.852057e-01	1.877461e-01	
1.121744e-01	1.228474e-01	
1.196346e-01	1.251717e-01	
1.267967e-01	1.373287e-01	
9.179736e-02	9.644555e-02	
1.125116e-01	1.205183e-01	
1.549259e-01	1.566836e-01	
1.496913e-01	1.545459e-01	
1.516937e-01	1.568810e-01	
9.172636e-02	9.013478e-02	
1.432379e-01	1.494279e-01	
1.115261e-01	1.268014e-01	
1.406993e-01	1.480408e-01	
1.805496e-01	1.868702e-01	
1.877820e-01	2.011641e-01	
6.594114e-02	6.370288e-02	
1.073580e-01	1.204189e-01	
1.665018e-01	1.768203e-01	
1.933487e-01	2.085764e-01	
1.277432e-01	1.420482e-01	
2.338509e-01	2.562326e-01	
1.479297e-01	1.460066e-01	
1.096739e-01	1.199729e-01	
7.137214e-02	6.904792e-02	
2.244380e-01	2.513008e-01	
1.169786e-01	1.263982e-01	
1.245156e-01	1.413362e-01	
1.389492e-01	1.474874e-01	
1.752537e-01	1.899312e-01	
1.344163e-01	1.444714e-01	
1.366396e-01	1.394935e-01	
1.962447e-01	2.108144e-01	
1.883601e-01	2.044846e-01	
1.602576e-01	1.561943e-01	
1.195752e-01	1.388657e-01	
1.799647e-01	1.783198e-01	
1.838425e-01	2.050870e-01	
1.421004e-01	1.573384e-01	
1.863964e-01	1.879175e-01	
2.156717e-01	2.351565e-01	
2.129531e-01	2.095152e-01	
1.441419e-01	1.486863e-01	
1.847225e-01	1.970633e-01	
1.963230e-01	2.040338e-01	
1.587513e-01	1.706622e-01	
1.664029e-01	1.663730e-01	
1.671329e-01	1.750356e-01	
1.481331e-01	1.496749e-01	
1.653593e-01	1.862382e-01	
8.916024e-02	8.922881e-02	
1.810144e-01	2.065596e-01	
1.220596e-01	1.365398e-01	
1.816675e-01	2.001994e-01	
2.400525e-01	2.486076e-01	
1.520976e-01	1.551567e-01	
1.521391e-01	1.690875e-01	
1.191360e-01	1.206985e-01	
1.167215e-01	1.180071e-01	
1.920318e-01	1.991407e-01	
1.794679e-01	1.977267e-01	
1.397223e-01	1.453587e-01	
8.439914e-02	8.905160e-02	
1.911058e-01	2.047597e-01	
1.784294e-01	1.762190e-01	
1.966489e-01	2.093841e-01	
1.288476e-01	1.485951e-01	
1.169881e-01	1.218247e-01	
1.671272e-01	1.756825e-01	
1.432451e-01	1.483060e-01	
1.057688e-01	1.127808e-01	
1.088438e-01	1.257676e-01	
1.275931e-01	1.331548e-01	
1.172489e-01	1.222024e-01	
2.470818e-01	2.685274e-01	
1.141998e-01	1.215553e-01	
2.085281e-01	2.151342e-01	
2.042469e-01	2.206495e-01	
1.749826e-01	1.815795e-01	
1.174890e-01	1.186432e-01	
2.104050e-01	2.224768e-01	
1.689135e-01	1.925378e-01	
1.337224e-01	1.486659e-01	
1.104058e-01	1.239590e-01	
1.855985e-01	2.002676e-01	
1.814658e-01	1.897076e-01	
2.024082e-01	2.113945e-01	
1.693215e-01	1.703383e-01	
1.249715e-01	1.294508e-01	
1.395088e-01	1.633989e-01	
1.009759e-01	1.035564e-01	
1.705191e-01	1.857661e-01	
1.771392e-01	1.850527e-01	
1.506715e-01	1.611294e-01	
2.334233e-01	2.546726e-01	
2.669107e-01	2.865949e-01	
1.499970e-01	1.663512e-01	
1.680213e-01	1.880803e-01	
2.098257e-01	2.232005e-01	
1.496296e-01	1.653754e-01	
1.345636e-01	1.491066e-01	
2.177162e-01	2.357564e-01	
1.250366e-01	1.196992e-01	
1.133687e-01	1.184431e-01	
1.989449e-01	2.049493e-01	
1.908430e-01	2.006637e-01	
1.946458e-01	2.001045e-01	
2.258933e-01	2.377767e-01	
2.246112e-01	2.509402e-01	
1.615265e-01	1.617390e-01	
1.884358e-01	2.081498e-01	
2.019292e-01	2.050995e-01	
1.585998e-01	1.671180e-01	
1.646201e-01	1.725782e-01	
2.362480e-01	2.615411e-01	
1.367648e-01	1.438167e-01	
2.674628e-01	2.876204e-01	
1.275314e-01	1.485627e-01	
2.247491e-01	2.454201e-01	
1.800269e-01	1.955120e-01	
9.112182e-02	8.589778e-02	
1.326884e-01	1.493179e-01	
1.148006e-01	1.211388e-01	
1.988785e-01	2.112704e-01	
1.522167e-01	1.626017e-01	
1.214449e-01	1.240907e-01	
9.890036e-02	1.080040e-01	
8.047737e-02	8.998098e-02	
7.984047e-02	9.667348e-02	
2.596280e-01	2.818978e-01	
1.539143e-01	1.694800e-01	
1.933207e-01	2.120879e-01	
1.427794e-01	1.600705e-01	
1.253018e-01	1.410037e-01	
1.853732e-01	1.980583e-01	
1.440584e-01	1.628110e-01	
1.279859e-01	1.364765e-01	
2.376218e-01	2.563410e-01	
2.416277e-01	2.516196e-01	
1.054522e-01	1.201895e-01	
1.299952e-01	1.258375e-01	
1.354101e-01	1.330515e-01	
1.855369e-01	2.005109e-01	
1.880518e-01	2.045819e-01	
1.892288e-01	2.045653e-01	
1.781742e-01	1.896044e-01	
9.747192e-02	1.004643e-01	
1.718307e-01	1.824903e-01	
2.094492e-01	2.294868e-01	
2.288637e-01	2.459869e-01	
1.338518e-01	1.410437e-01	
1.297228e-01	1.392241e-01	
8.741683e-02	8.851475e-02	
1.465058e-01	1.618901e-01	
1.347069e-01	1.296332e-01	
1.593460e-01	1.717297e-01	
3.884144e-01	4.093586e-01	
3.884410e-01	4.136333e-01	
8.069245e-02	8.648192e-02	
1.530160e-01	1.693944e-01	
3.077229e-01	3.339191e-01	
1.538051e-01	1.669955e-01	
9.174562e-02	8.565255e-02	
3.310940e-01	3.627561e-01	
1.648597e-01	1.859394e-01	
2.127126e-01	2.308597e-01	
2.185536e-01	2.411319e-01	
1.200678e-01	1.196399e-01	
7.930979e-02	8.384869e-02	
1.094787e-01	1.188214e-01	
1.631377e-01	1.583288e-01	
1.422004e-01	1.402566e-01	
1.270647e-01	1.408814e-01	
1.290803e-01	1.313291e-01	
1.246891e-01	1.383207e-01	
1.152567e-01	1.260065e-01	
1.497096e-01	1.634718e-01	
1.144914e-01	1.083578e-01	
1.367092e-01	1.522839e-01	
1.971072e-01	2.026107e-01	
1.651766e-01	1.870261e-01	
2.409978e-01	2.569641e-01	
2.077349e-01	2.097970e-01	
2.332145e-01	2.520821e-01	
1.732492e-01	1.939366e-01	
2.698291e-01	2.911813e-01	
1.533476e-01	1.697304e-01	
9.069110e-02	9.687389e-02	
1.631618e-01	1.626958e-01	
2.441273e-01	2.537712e-01	
1.974662e-01	2.097012e-01	
1.323119e-01	1.330644e-01	
1.331828e-01	1.433932e-01	
2.364865e-01	2.553650e-01	
1.772576e-01	1.852043e-01	
1.504236e-01	1.602182e-01	
2.061149e-01	2.206311e-01	
2.507592e-01	2.650257e-01	
1.380052e-01	1.411737e-01	
6.474872e-02	7.322465e-02	
1.396879e-01	1.445704e-01	
2.007925e-01	2.093526e-01	
1.675976e-01	1.775403e-01	
1.214068e-01	1.239003e-01	
1.096400e-01	1.202862e-01	
1.890558e-01	2.106330e-01	
6.939665e-02	7.660195e-02	
1.528057e-01	1.546883e-01	
1.478000e-01	1.522382e-01	
1.492276e-01	1.625383e-01	
2.404698e-01	2.608970e-01	
1.260640e-01	1.315204e-01	
1.048955e-01	1.123685e-01	
1.275812e-01	1.345906e-01	
1.586104e-01	1.783372e-01	
1.486397e-01	1.624889e-01	
1.485874e-01	1.589971e-01	
1.741573e-01	1.882838e-01	
1.918036e-01	1.989798e-01	
2.755929e-01	2.928014e-01	
2.538570e-01	2.701216e-01	
1.167431e-01	1.138229e-01	
2.647669e-01	2.872587e-01	
8.140930e-02	8.377955e-02	
2.316045e-01	2.475153e-01	
1.063761e-01	1.131101e-01	
2.820749e-01	3.078360e-01	
1.864541e-01	1.886951e-01	
1.553049e-01	1.777464e-01	
2.785715e-01	3.050656e-01	
1.277460e-01	1.445412e-01	
6.179732e-02	5.899522e-02	
1.654686e-01	1.849633e-01	
1.969153e-01	2.088980e-01	
9.101678e-02	1.002502e-01	
1.401120e-01	1.579382e-01	
2.001036e-01	2.255350e-01	
1.685716e-01	1.695675e-01	
2.242227e-01	2.364887e-01	
1.568566e-01	1.710411e-01	
1.601385e-01	1.624636e-01	
1.028704e-01	1.075715e-01	
1.672740e-01	1.698943e-01	
1.411771e-01	1.407062e-01	
1.002672e-01	1.055126e-01	
1.689145e-01	1.720899e-01	
1.316625e-01	1.369823e-01	
8.123134e-02	8.537901e-02	
1.865300e-01	2.004155e-01	
8.149655e-02	8.619138e-02	
1.477870e-01	1.550193e-01	
6.420059e-02	7.310059e-02	
1.520009e-01	1.579509e-01	
1.841274e-01	1.935093e-01	
2.164205e-01	2.361218e-01	
3.269901e-01	3.527916e-01	
1.586256e-01	1.730348e-01	
1.473941e-01	1.568630e-01	
9.403120e-02	9.392183e-02	
1.475056e-01	1.623812e-01	
1.835275e-01	1.926179e-01	
1.123009e-01	1.177317e-01	
2.367749e-01	2.482532e-01	
2.071694e-01	2.200915e-01	
9.266867e-02	1.026511e-01	
7.461444e-02	8.172090e-02	
2.168457e-01	2.382220e-01	
1.106233e-01	1.089110e-01	
2.769601e-01	2.969759e-01	
9.903289e-02	1.123266e-01	
2.188023e-01	2.296650e-01	
1.597648e-01	1.728333e-01	
1.496234e-01	1.685140e-01	
9.968830e-02	1.115650e-01	
1.429303e-01	1.562909e-01	
2.281244e-01	2.387233e-01	
1.852203e-01	1.940625e-01	
1.609049e-01	1.639598e-01	
1.587214e-01	1.771129e-01	
2.329738e-01	2.449441e-01	
8.024356e-02	8.438964e-02	
1.766609e-01	1.936052e-01	
1.704840e-01	1.657987e-01	
1.206183e-01	1.221803e-01	
1.256690e-01	1.401257e-01	
1.267214e-01	1.311880e-01	
1.757858e-01	1.927954e-01	
1.251468e-01	1.355256e-01	
1.575057e-01	1.648943e-01	
1.478078e-01	1.520399e-01	
1.950842e-01	1.975999e-01	
1.272178e-01	1.361575e-01	
1.576379e-01	1.717873e-01	
1.792888e-01	1.840402e-01	
2.254759e-01	2.501021e-01	
1.952588e-01	2.156165e-01	
1.088755e-01	1.079881e-01	
1.562578e-01	1.602180e-01	
2.101509e-01	2.231661e-01	
1.008717e-01	9.625675e-02	
1.990086e-01	2.006590e-01	
1.729378e-01	1.893384e-01	
1.222826e-01	1.336872e-01	
1.078842e-01	1.201423e-01	
1.082638e-01	1.094352e-01	
1.394142e-01	1.530057e-01	
1.459930e-01	1.538342e-01	
1.775068e-01	1.883248e-01	
1.971976e-01	2.155945e-01	
1.803364e-01	2.036647e-01	
1.302498e-01	1.345599e-01	
2.859177e-01	2.981137e-01	
1.325365e-01	1.269583e-01	
1.342457e-01	1.410225e-01	
1.438734e-01	1.485655e-01	
1.893993e-01	2.046099e-01	
1.523333e-01	1.657327e-01	
1.676589e-01	1.780786e-01	
1.277109e-01	1.278355e-01	
2.500646e-01	2.727822e-01	
2.571775e-01	2.745688e-01	
2.469919e-01	2.636151e-01	
1.997131e-01	2.068288e-01	
7.875719e-02	9.117054e-02	
1.118660e-01	1.270861e-01	
1.177479e-01	1.212653e-01	
8.661689e-02	1.021379e-01	
6.710060e-02	6.146802e-02	
1.240536e-01	1.357022e-01	
1.516627e-01	1.636149e-01	
1.428244e-01	1.549145e-01	
1.521292e-01	1.708499e-01	
1.993779e-01	2.250019e-01	
2.094117e-01	2.188755e-01	
9.776182e-02	1.024150e-01	
3.750649e-01	4.101513e-01	
1.776932e-01	1.815651e-01	
2.142850e-01	2.315182e-01	
6.244194e-02	5.889467e-02	
1.398914e-01	1.398898e-01	
8.399164e-02	9.162353e-02	
2.189573e-01	2.261214e-01	
2.541797e-01	2.667369e-01	
1.426244e-01	1.494883e-01	
1.636430e-01	1.741797e-01	
1.614601e-01	1.606977e-01	
8.288185e-02	8.553087e-02	
6.689222e-02	7.341651e-02	
2.304279e-01	2.523422e-01	
1.674951e-01	1.711072e-01	
2.232672e-01	2.357398e-01	
2.171455e-01	2.394903e-01	
2.251527e-01	2.351093e-01	
1.213547e-01	1.236819e-01	
1.742864e-01	1.891628e-01	
2.034432e-01	2.213279e-01	
1.196233e-01	1.287110e-01	
1.591435e-01	1.813279e-01	
1.743114e-01	1.963198e-01	
1.408790e-01	1.550596e-01	
8.902658e-02	9.112078e-02	
1.903701e-01	2.130661e-01	
1.981530e-01	2.120521e-01	
2.411384e-01	2.590405e-01	
1.191076e-01	1.346281e-01	
1.431579e-01	1.585542e-01	
1.269706e-01	1.348947e-01	
2.076878e-01	2.292719e-01	
3.316744e-01	3.583514e-01	
1.643150e-01	1.750241e-01	
9.183981e-02	8.930414e-02	
2.311800e-01	2.485466e-01	
1.089042e-01	1.190185e-01	
7.230379e-02	7.441456e-02	
1.229968e-01	1.375059e-01	
8.978463e-02	1.030633e-01	
1.363373e-01	1.450947e-01	
1.402607e-01	1.549559e-01	
8.653954e-02	9.136781e-02	
2.069649e-01	2.246655e-01	
2.728679e-01	2.890202e-01	
1.505886e-01	1.634871e-01	
1.093386e-01	1.079948e-01	
1.571106e-01	1.597456e-01	
2.004408e-01	2.101623e-01	
9.697124e-02	1.054340e-01	
2.447720e-01	2.628595e-01	
2.076963e-01	2.120114e-01	
2.809788e-01	3.120817e-01	
6.918597e-02	6.600213e-02	
2.036969e-01	2.250237e-01	
1.419073e-01	1.531868e-01	
2.042302e-01	2.219910e-01	
1.453820e-01	1.618831e-01	
3.319722e-01	3.527133e-01	
1.766844e-01	1.768960e-01	
1.640426e-01	1.788253e-01	
2.823582e-01	3.114399e-01	
1.168989e-01	1.212337e-01	
1.248180e-01	1.320494e-01	
4.744108e-02	4.642380e-02	
1.655891e-01	1.672446e-01	
1.589540e-01	1.738299e-01	
1.334607e-01	1.458242e-01	
1.274900e-01	1.350948e-01	
1.764360e-01	1.972945e-01	
3.452275e-01	3.609724e-01	
1.147879e-01	1.132470e-01	
2.010374e-01	2.112600e-01	
1.272395e-01	1.180745e-01	
1.129835e-01	1.077165e-01	
2.584092e-01	2.741214e-01	
1.136266e-01	1.201231e-01	
1.739280e-01	1.839928e-01	
2.080009e-01	2.245158e-01	
8.747959e-02	9.723026e-02	
1.138819e-01	1.213943e-01	
2.072354e-01	2.170487e-01	
1.251583e-01	1.303261e-01	
1.256517e-01	1.375423e-01	
2.881316e-01	3.096002e-01	
1.063306e-01	1.177604e-01	
1.466716e-01	1.524507e-01	
1.894598e-01	2.145821e-01	
1.111493e-01	1.173140e-01	
1.402526e-01	1.571307e-01	
1.333493e-01	1.550499e-01	
1.994185e-01	2.162254e-01	
2.332525e-01	2.576272e-01	
2.292312e-01	2.503827e-01	
9.408633e-02	9.368880e-02	
1.933942e-01	2.048394e-01	
1.610650e-01	1.731724e-01	
1.472430e-01	1.493534e-01	
1.216540e-01	1.321365e-01	
1.283154e-01	1.414112e-01	
1.320345e-01	1.441959e-01	
1.592309e-01	1.736563e-01	
2.889394e-01	3.147339e-01	
9.685161e-02	1.068356e-01	
7.429276e-02	8.034964e-02	
1.059516e-01	1.141736e-01	
1.606245e-01	1.642831e-01	
1.992131e-01	2.174085e-01	
8.280905e-02	8.986575e-02	
1.738505e-01	1.873015e-01	
1.874138e-01	2.118834e-01	
1.815793e-01	1.828912e-01	
1.615038e-01	1.757509e-01	
1.378339e-01	1.375917e-01	
2.113404e-01	2.273443e-01	
9.150620e-02	9.232500e-02	
2.470192e-01	2.622918e-01	
1.407005e-01	1.505316e-01	
1.186533e-01	1.346458e-01	
1.728222e-01	1.878405e-01	
1.052599e-01	1.133458e-01	
2.146885e-02	2.310506e-02	
1.844801e-01	2.035440e-01	
2.535898e-01	2.669295e-01	
1.860142e-01	1.922768e-01	
1.135801e-01	1.336327e-01	
1.379003e-01	1.456877e-01	
3.010139e-01	3.087587e-01	
2.345289e-01	2.539789e-01	
1.027482e-01	9.873493e-02	
2.046094e-01	2.260408e-01	
1.054873e-01	1.041235e-01	
6.883638e-02	7.788465e-02	
1.345596e-01	1.404505e-01	
2.151111e-01	2.380458e-01	
1.158686e-01	1.190413e-01	
1.731583e-01	1.892373e-01	
1.734023e-01	1.760530e-01	
2.509082e-01	2.701049e-01	
1.723998e-01	1.880999e-01	
7.831953e-02	7.993871e-02	
1.631887e-01	1.698278e-01	
2.345369e-01	2.518582e-01	
1.881715e-01	2.025437e-01	
2.088871e-01	2.175093e-01	
1.537100e-01	1.631817e-01	
2.311734e-01	2.468679e-01	
1.972105e-01	2.146699e-01	
1.492506e-01	1.623538e-01	
1.898805e-01	1.973924e-01	
1.204388e-01	1.139039e-01	
1.637944e-01	1.732292e-01	
1.895727e-01	2.032141e-01	
1.500308e-01	1.563149e-01	
1.794349e-01	1.882149e-01	
1.775961e-01	1.792189e-01	
5.977368e-02	6.346998e-02	
1.673414e-01	1.800983e-01	
1.718731e-01	1.918983e-01	
1.312929e-01	1.412564e-01	
1.299665e-01	1.389095e-01	
3.833137e-01	4.095715e-01	
2.389182e-01	2.477022e-01	
3.269486e-01	3.438120e-01	
1.897690e-01	2.125330e-01	
2.215649e-01	2.416228e-01	
1.817963e-01	1.986776e-01	
1.640955e-01	1.737715e-01	
1.517217e-01	1.592840e-01	
1.631145e-01	1.641463e-01	
2.163644e-01	2.349021e-01	
9.680393e-02	9.636146e-02	
1.241114e-01	1.122470e-01	
2.030807e-01	2.166799e-01	
1.939077e-01	2.121791e-01	
2.596439e-01	2.738597e-01	
1.568973e-01	1.647496e-01	
1.838638e-01	2.013116e-01	
1.193229e-01	1.207282e-01	
9.462576e-02	9.496705e-02	
2.050881e-01	2.316102e-01	
1.183586e-01	1.271260e-01	
1.684947e-01	1.806852e-01	
1.001072e-01	1.039752e-01	
1.349588e-01	1.506358e-01	
1.253547e-01	1.328193e-01	
1.670855e-01	1.739868e-01	
1.544027e-01	1.604633e-01	
1.760842e-01	1.930797e-01	
2.288402e-01	2.468678e-01	
1.220675e-01	1.281061e-01	
1.021044e-01	1.140897e-01	
1.737205e-01	1.930999e-01	
1.780575e-01	1.840817e-01	
2.161737e-01	2.374212e-01	
2.045995e-01	2.124816e-01	
7.649860e-02	7.758481e-02	
1.305952e-01	1.458599e-01	
1.750688e-01	1.952740e-01	
2.065637e-01	2.227758e-01	
1.748570e-01	1.788669e-01	
1.074469e-01	1.130624e-01	
9.146441e-02	9.565714e-02	
2.579525e-01	2.760536e-01	
2.196678e-01	2.241057e-01	
9.828358e-02	9.187025e-02	
1.506849e-01	1.649699e-01	
2.494051e-01	2.648411e-01	
9.360648e-02	9.585971e-02	
1.174289e-01	1.340730e-01	
1.796393e-01	1.975103e-01	
1.192053e-01	1.315664e-01	
7.948393e-02	7.931819e-02	
2.282815e-01	2.527894e-01	
2.254078e-01	2.358884e-01	
1.598777e-01	1.681676e-01	
8.986738e-02	8.927270e-02	
2.805424e-01	3.114156e-01	
1.180255e-01	1.321913e-01	
1.194894e-01	1.224131e-01	
1.393558e-01	1.500721e-01	
2.001699e-01	2.134777e-01	
1.282370e-01	1.292902e-01	
2.623617e-01	2.912005e-01	
2.790044e-01	3.027329e-01	
2.152909e-01	2.319397e-01	
1.876933e-01	2.027644e-01	
1.494134e-01	1.540899e-01	
1.191337e-01	1.192705e-01	
1.619197e-01	1.827684e-01	
3.399779e-01	3.655637e-01	
8.859565e-02	9.173902e-02	
1.719593e-01	1.814518e-01	
2.340312e-01	2.454787e-01	
2.366165e-01	2.572411e-01	
2.101261e-01	2.300039e-01	
9.751944e-02	1.013254e-01	
2.031103e-01	2.061108e-01	
1.442200e-01	1.630860e-01	
8.053167e-02	7.433467e-02	
2.074191e-01	2.213121e-01	
1.113474e-01	1.228787e-01	
1.648789e-01	1.812013e-01	
1.891013e-01	1.814230e-01	
1.762872e-01	1.954967e-01	
1.460425e-01	1.502455e-01	
1.720414e-01	1.604286e-01	
1.079912e-01	1.135542e-01	
3.302118e-01	3.596631e-01	
1.751355e-01	1.818475e-01	
7.125990e-02	7.136467e-02	
3.763800e-01	3.944313e-01	
1.478161e-01	1.637041e-01	
8.408220e-02	8.724077e-02	
9.701202e-02	9.378812e-02	
1.012200e-01	1.115459e-01	
1.720408e-01	1.777011e-01	
2.338785e-01	2.484253e-01	
6.984605e-02	7.518360e-02	
1.819946e-01	1.921889e-01	
1.835362e-01	2.006308e-01	
1.116347e-01	1.155081e-01	
1.438454e-01	1.514101e-01	
1.558437e-01	1.680392e-01	
1.638790e-01	1.733356e-01	
1.618173e-01	1.607893e-01	
1.220367e-01	1.310302e-01	
1.767182e-01	1.942386e-01	
1.014605e-01	1.182635e-01	
1.968088e-01	2.120622e-01	
1.856311e-01	1.984282e-01	
8.703808e-02	9.376246e-02	
1.767857e-01	1.903352e-01	
2.040196e-01	2.156747e-01	
9.782549e-02	1.037989e-01	
9.052008e-02	1.003872e-01	
1.324076e-01	1.429809e-01	
1.709597e-01	1.872285e-01	
1.667197e-01	1.839130e-01	
1.936344e-01	2.019607e-01	
1.205207e-01	1.352253e-01	
1.577513e-01	1.642577e-01	
2.184340e-01	2.418733e-01	
1.428907e-01	1.541991e-01	
1.422550e-01	1.628604e-01	
1.126139e-01	1.143725e-01	
1.071650e-01	1.203727e-01	
1.735294e-01	1.859579e-01	
1.898663e-01	2.111742e-01	
1.408318e-01	1.499673e-01	
