1.025563e+05	1.025414e+05	1.025414e+05	
1.023984e+05	1.023816e+05	1.023816e+05	
1.027547e+05	1.027486e+05	1.027486e+05	
1.024922e+05	1.024804e+05	1.024804e+05	
1.023000e+05	1.022801e+05	1.022801e+05	
1.021552e+05	1.021391e+05	1.021391e+05	
1.021576e+05	1.021411e+05	1.021411e+05	
1.023819e+05	1.023593e+05	1.023593e+05	
1.019515e+05	1.019384e+05	1.019384e+05	
1.026784e+05	1.026619e+05	1.026619e+05	
1.020728e+05	1.020602e+05	1.020602e+05	
1.020558e+05	1.020421e+05	1.020421e+05	
1.023727e+05	1.023588e+05	1.023588e+05	
1.020051e+05	1.019920e+05	1.019920e+05	
1.017805e+05	1.017566e+05	1.017566e+05	
1.027275e+05	1.027145e+05	1.027145e+05	
1.025328e+05	1.025233e+05	1.025233e+05	
1.022764e+05	1.022628e+05	1.022628e+05	
1.020698e+05	1.020538e+05	1.020538e+05	
1.019141e+05	1.018965e+05	1.018965e+05	
1.024441e+05	1.024333e+05	1.024333e+05	
1.025775e+05	1.025641e+05	1.025641e+05	
1.031466e+05	1.031267e+05	1.031267e+05	
1.019817e+05	1.019619e+05	1.019619e+05	
1.021581e+05	1.021389e+05	1.021389e+05	
1.021960e+05	1.021730e+05	1.021730e+05	
1.022584e+05	1.022484e+05	1.022484e+05	
1.022640e+05	1.022485e+05	1.022485e+05	
1.025263e+05	1.025165e+05	1.025165e+05	
1.020726e+05	1.020555e+05	1.020555e+05	
1.023395e+05	1.023317e+05	1.023317e+05	
1.022782e+05	1.022711e+05	1.022711e+05	
1.023559e+05	1.023398e+05	1.023398e+05	
1.020363e+05	1.020246e+05	1.020246e+05	
1.023313e+05	1.023099e+05	1.023099e+05	
1.022855e+05	1.022694e+05	1.022694e+05	
1.021046e+05	1.020858e+05	1.020858e+05	
1.021104e+05	1.021034e+05	1.021034e+05	
1.027819e+05	1.027717e+05	1.027717e+05	
1.025686e+05	1.025528e+05	1.025528e+05	
1.024018e+05	1.023837e+05	1.023837e+05	
1.024266e+05	1.024109e+05	1.024109e+05	
1.024144e+05	1.023980e+05	1.023980e+05	
1.020035e+05	1.019857e+05	1.019857e+05	
1.021469e+05	1.021264e+05	1.021264e+05	
1.023819e+05	1.023749e+05	1.023749e+05	
1.024614e+05	1.024435e+05	1.024435e+05	
1.024925e+05	1.024791e+05	1.024791e+05	
1.021838e+05	1.021680e+05	1.021680e+05	
1.022544e+05	1.022355e+05	1.022355e+05	
1.022489e+05	1.022327e+05	1.022327e+05	
1.022689e+05	1.022482e+05	1.022482e+05	
1.022871e+05	1.022751e+05	1.022751e+05	
1.029313e+05	1.029149e+05	1.029149e+05	
1.023604e+05	1.023509e+05	1.023509e+05	
1.019924e+05	1.019767e+05	1.019767e+05	
1.024723e+05	1.024628e+05	1.024628e+05	
1.024727e+05	1.024520e+05	1.024520e+05	
1.023260e+05	1.023179e+05	1.023179e+05	
1.023431e+05	1.023347e+05	1.023347e+05	
1.023162e+05	1.023091e+05	1.023091e+05	
1.020923e+05	1.020786e+05	1.020786e+05	
1.023613e+05	1.023448e+05	1.023448e+05	
1.026539e+05	1.026404e+05	1.026405e+05	
1.026150e+05	1.026025e+05	1.026025e+05	
1.024024e+05	1.023904e+05	1.023904e+05	
1.026666e+05	1.026497e+05	1.026497e+05	
1.022429e+05	1.022342e+05	1.022342e+05	
1.025513e+05	1.025363e+05	1.025363e+05	
1.024801e+05	1.024673e+05	1.024673e+05	
1.021152e+05	1.020965e+05	1.020965e+05	
1.022354e+05	1.022228e+05	1.022228e+05	
1.020918e+05	1.020779e+05	1.020779e+05	
1.019501e+05	1.019297e+05	1.019297e+05	
1.023799e+05	1.023702e+05	1.023702e+05	
1.026693e+05	1.026538e+05	1.026538e+05	
1.023934e+05	1.023763e+05	1.023763e+05	
1.023667e+05	1.023589e+05	1.023589e+05	
1.028194e+05	1.027955e+05	1.027955e+05	
1.026137e+05	1.026019e+05	1.026019e+05	
1.025766e+05	1.025667e+05	1.025667e+05	
1.021841e+05	1.021697e+05	1.021697e+05	
1.022815e+05	1.022716e+05	1.022716e+05	
1.025832e+05	1.025737e+05	1.025737e+05	
1.027377e+05	1.027218e+05	1.027218e+05	
1.025298e+05	1.025092e+05	1.025092e+05	
1.024181e+05	1.023983e+05	1.023983e+05	
1.020275e+05	1.020120e+05	1.020120e+05	
1.022804e+05	1.022564e+05	1.022564e+05	
1.017588e+05	1.017485e+05	1.017485e+05	
1.025763e+05	1.025622e+05	1.025622e+05	
1.024478e+05	1.024402e+05	1.024402e+05	
1.026849e+05	1.026740e+05	1.026740e+05	
1.026347e+05	1.026221e+05	1.026221e+05	
1.020818e+05	1.020643e+05	1.020643e+05	
1.022475e+05	1.022354e+05	1.022354e+05	
1.022815e+05	1.022617e+05	1.022617e+05	
1.025276e+05	1.025155e+05	1.025155e+05	
1.022487e+05	1.022347e+05	1.022347e+05	
1.024649e+05	1.024454e+05	1.024454e+05	
