6.009026e+05	6.008877e+05	6.008877e+05	
6.007447e+05	6.007278e+05	6.007278e+05	
6.011010e+05	6.010950e+05	6.010950e+05	
6.008384e+05	6.008267e+05	6.008267e+05	
6.006462e+05	6.006263e+05	6.006263e+05	
6.005014e+05	6.004852e+05	6.004852e+05	
6.005038e+05	6.004872e+05	6.004872e+05	
6.007282e+05	6.007055e+05	6.007055e+05	
6.002977e+05	6.002845e+05	6.002845e+05	
6.010246e+05	6.010082e+05	6.010082e+05	
6.004190e+05	6.004064e+05	6.004064e+05	
6.004020e+05	6.003883e+05	6.003883e+05	
6.007189e+05	6.007050e+05	6.007050e+05	
6.003513e+05	6.003382e+05	6.003382e+05	
6.001267e+05	6.001026e+05	6.001026e+05	
6.010738e+05	6.010608e+05	6.010608e+05	
6.008790e+05	6.008695e+05	6.008695e+05	
6.006227e+05	6.006090e+05	6.006090e+05	
6.004160e+05	6.004000e+05	6.004000e+05	
6.002604e+05	6.002426e+05	6.002426e+05	
6.007903e+05	6.007795e+05	6.007795e+05	
6.009238e+05	6.009104e+05	6.009104e+05	
6.014928e+05	6.014732e+05	6.014732e+05	
6.003279e+05	6.003081e+05	6.003081e+05	
6.005044e+05	6.004850e+05	6.004850e+05	
6.005422e+05	6.005192e+05	6.005192e+05	
6.006047e+05	6.005946e+05	6.005946e+05	
6.006103e+05	6.005947e+05	6.005947e+05	
6.008725e+05	6.008628e+05	6.008628e+05	
6.004188e+05	6.004016e+05	6.004016e+05	
6.006857e+05	6.006779e+05	6.006779e+05	
6.006244e+05	6.006173e+05	6.006173e+05	
6.007022e+05	6.006860e+05	6.006860e+05	
6.003826e+05	6.003707e+05	6.003707e+05	
6.006775e+05	6.006561e+05	6.006561e+05	
6.006318e+05	6.006156e+05	6.006156e+05	
6.004509e+05	6.004320e+05	6.004320e+05	
6.004567e+05	6.004496e+05	6.004496e+05	
6.011282e+05	6.011180e+05	6.011180e+05	
6.009148e+05	6.008990e+05	6.008990e+05	
6.007481e+05	6.007299e+05	6.007299e+05	
6.007729e+05	6.007571e+05	6.007571e+05	
6.007606e+05	6.007443e+05	6.007443e+05	
6.003497e+05	6.003319e+05	6.003319e+05	
6.004931e+05	6.004726e+05	6.004726e+05	
6.007281e+05	6.007211e+05	6.007211e+05	
6.008076e+05	6.007898e+05	6.007898e+05	
6.008388e+05	6.008253e+05	6.008253e+05	
6.005300e+05	6.005142e+05	6.005142e+05	
6.006007e+05	6.005817e+05	6.005817e+05	
6.005951e+05	6.005789e+05	6.005789e+05	
6.006151e+05	6.005944e+05	6.005944e+05	
6.006333e+05	6.006213e+05	6.006213e+05	
6.012775e+05	6.012613e+05	6.012613e+05	
6.007066e+05	6.006971e+05	6.006971e+05	
6.003386e+05	6.003228e+05	6.003228e+05	
6.008185e+05	6.008090e+05	6.008090e+05	
6.008190e+05	6.007983e+05	6.007983e+05	
6.006723e+05	6.006641e+05	6.006641e+05	
6.006893e+05	6.006809e+05	6.006809e+05	
6.006624e+05	6.006554e+05	6.006554e+05	
6.004385e+05	6.004248e+05	6.004248e+05	
6.007075e+05	6.006911e+05	6.006911e+05	
6.010002e+05	6.009868e+05	6.009868e+05	
6.009613e+05	6.009488e+05	6.009488e+05	
6.007487e+05	6.007366e+05	6.007366e+05	
6.010128e+05	6.009960e+05	6.009960e+05	
6.005892e+05	6.005804e+05	6.005804e+05	
6.008975e+05	6.008826e+05	6.008826e+05	
6.008263e+05	6.008136e+05	6.008136e+05	
6.004615e+05	6.004426e+05	6.004426e+05	
6.005816e+05	6.005690e+05	6.005690e+05	
6.004380e+05	6.004240e+05	6.004240e+05	
6.002964e+05	6.002758e+05	6.002758e+05	
6.007261e+05	6.007164e+05	6.007164e+05	
6.010155e+05	6.010002e+05	6.010002e+05	
6.007396e+05	6.007226e+05	6.007226e+05	
6.007129e+05	6.007052e+05	6.007052e+05	
6.011657e+05	6.011418e+05	6.011418e+05	
6.009599e+05	6.009482e+05	6.009482e+05	
6.009229e+05	6.009130e+05	6.009130e+05	
6.005303e+05	6.005159e+05	6.005158e+05	
6.006278e+05	6.006178e+05	6.006178e+05	
6.009295e+05	6.009200e+05	6.009200e+05	
6.010839e+05	6.010682e+05	6.010682e+05	
6.008760e+05	6.008555e+05	6.008555e+05	
6.007644e+05	6.007446e+05	6.007446e+05	
6.003737e+05	6.003581e+05	6.003581e+05	
6.006266e+05	6.006026e+05	6.006026e+05	
6.001051e+05	6.000946e+05	6.000946e+05	
6.009225e+05	6.009085e+05	6.009085e+05	
6.007940e+05	6.007864e+05	6.007864e+05	
6.010311e+05	6.010203e+05	6.010203e+05	
6.009809e+05	6.009684e+05	6.009684e+05	
6.004280e+05	6.004105e+05	6.004105e+05	
6.005938e+05	6.005816e+05	6.005816e+05	
6.006277e+05	6.006079e+05	6.006079e+05	
6.008739e+05	6.008618e+05	6.008618e+05	
6.005949e+05	6.005809e+05	6.005809e+05	
6.008111e+05	6.007917e+05	6.007917e+05	
