1.012836e+04	1.011313e+04	1.011314e+04	
1.016489e+04	1.015084e+04	1.015086e+04	
1.034264e+04	1.032948e+04	1.032950e+04	
1.006247e+04	1.004486e+04	1.004487e+04	
1.022623e+04	1.021389e+04	1.021390e+04	
1.024373e+04	1.023140e+04	1.023142e+04	
1.034556e+04	1.033176e+04	1.033177e+04	
1.020405e+04	1.018659e+04	1.018660e+04	
1.018284e+04	1.016619e+04	1.016621e+04	
1.024652e+04	1.022971e+04	1.022972e+04	
1.029297e+04	1.027437e+04	1.027439e+04	
1.029429e+04	1.027726e+04	1.027728e+04	
1.019185e+04	1.017767e+04	1.017769e+04	
1.026189e+04	1.024493e+04	1.024495e+04	
1.027031e+04	1.026011e+04	1.026012e+04	
1.025884e+04	1.024105e+04	1.024107e+04	
1.029105e+04	1.027780e+04	1.027781e+04	
1.019937e+04	1.017592e+04	1.017593e+04	
1.030660e+04	1.028044e+04	1.028045e+04	
1.029081e+04	1.027444e+04	1.027446e+04	
1.031703e+04	1.030135e+04	1.030137e+04	
1.023343e+04	1.021863e+04	1.021864e+04	
1.041620e+04	1.040648e+04	1.040649e+04	
1.018851e+04	1.017498e+04	1.017500e+04	
1.029251e+04	1.027561e+04	1.027562e+04	
1.018091e+04	1.017034e+04	1.017036e+04	
1.007768e+04	1.006507e+04	1.006509e+04	
1.024494e+04	1.023614e+04	1.023616e+04	
1.018493e+04	1.017598e+04	1.017599e+04	
1.027548e+04	1.026120e+04	1.026121e+04	
1.020943e+04	1.020015e+04	1.020016e+04	
1.033610e+04	1.032157e+04	1.032159e+04	
1.027237e+04	1.026088e+04	1.026089e+04	
1.035910e+04	1.033640e+04	1.033642e+04	
1.024566e+04	1.023305e+04	1.023306e+04	
1.032696e+04	1.030633e+04	1.030634e+04	
1.026067e+04	1.024910e+04	1.024911e+04	
1.030709e+04	1.028952e+04	1.028953e+04	
1.019252e+04	1.018122e+04	1.018124e+04	
1.015440e+04	1.014107e+04	1.014109e+04	
1.029870e+04	1.029013e+04	1.029015e+04	
1.016852e+04	1.015945e+04	1.015947e+04	
1.030899e+04	1.029473e+04	1.029475e+04	
1.034640e+04	1.032803e+04	1.032805e+04	
1.033819e+04	1.032004e+04	1.032006e+04	
1.017536e+04	1.016209e+04	1.016211e+04	
1.025259e+04	1.023286e+04	1.023288e+04	
1.012479e+04	1.011616e+04	1.011618e+04	
1.015842e+04	1.014388e+04	1.014389e+04	
1.025950e+04	1.024355e+04	1.024357e+04	
1.030135e+04	1.029338e+04	1.029340e+04	
1.015289e+04	1.014181e+04	1.014183e+04	
1.024518e+04	1.022965e+04	1.022966e+04	
1.024507e+04	1.023315e+04	1.023317e+04	
1.024242e+04	1.023294e+04	1.023296e+04	
1.020558e+04	1.018618e+04	1.018620e+04	
1.023378e+04	1.022171e+04	1.022172e+04	
1.019148e+04	1.017860e+04	1.017861e+04	
1.027419e+04	1.025529e+04	1.025530e+04	
1.035795e+04	1.034490e+04	1.034492e+04	
1.044352e+04	1.042445e+04	1.042447e+04	
1.022301e+04	1.021266e+04	1.021267e+04	
1.029004e+04	1.026550e+04	1.026552e+04	
1.033183e+04	1.032434e+04	1.032436e+04	
1.025534e+04	1.024302e+04	1.024304e+04	
1.023911e+04	1.022404e+04	1.022406e+04	
1.025480e+04	1.023660e+04	1.023661e+04	
1.024658e+04	1.023303e+04	1.023305e+04	
1.019791e+04	1.017837e+04	1.017838e+04	
1.024807e+04	1.022832e+04	1.022834e+04	
1.025153e+04	1.023925e+04	1.023927e+04	
1.019445e+04	1.018120e+04	1.018121e+04	
1.028028e+04	1.027247e+04	1.027248e+04	
1.024153e+04	1.023376e+04	1.023378e+04	
1.021415e+04	1.020067e+04	1.020069e+04	
1.028744e+04	1.027836e+04	1.027838e+04	
1.017921e+04	1.016446e+04	1.016448e+04	
1.017664e+04	1.016233e+04	1.016235e+04	
1.016429e+04	1.014696e+04	1.014698e+04	
1.023732e+04	1.022028e+04	1.022029e+04	
1.020224e+04	1.018687e+04	1.018689e+04	
1.018724e+04	1.016752e+04	1.016753e+04	
1.014679e+04	1.013064e+04	1.013065e+04	
1.022712e+04	1.021311e+04	1.021313e+04	
1.012998e+04	1.011173e+04	1.011175e+04	
1.040297e+04	1.038881e+04	1.038882e+04	
1.019738e+04	1.018807e+04	1.018809e+04	
1.027636e+04	1.026145e+04	1.026147e+04	
1.029132e+04	1.027128e+04	1.027130e+04	
1.018828e+04	1.016895e+04	1.016897e+04	
1.018638e+04	1.017593e+04	1.017595e+04	
1.020376e+04	1.019402e+04	1.019404e+04	
1.027234e+04	1.026458e+04	1.026460e+04	
1.042594e+04	1.041125e+04	1.041127e+04	
1.027985e+04	1.026133e+04	1.026134e+04	
1.025029e+04	1.023116e+04	1.023118e+04	
1.008167e+04	1.006695e+04	1.006697e+04	
1.021412e+04	1.020045e+04	1.020047e+04	
1.030801e+04	1.029489e+04	1.029491e+04	
1.021778e+04	1.020435e+04	1.020436e+04	
1.016251e+04	1.014868e+04	1.014870e+04	
1.028062e+04	1.025882e+04	1.025884e+04	
1.015280e+04	1.013126e+04	1.013127e+04	
1.046426e+04	1.044647e+04	1.044649e+04	
1.018327e+04	1.016426e+04	1.016427e+04	
1.035798e+04	1.034381e+04	1.034382e+04	
1.033062e+04	1.030410e+04	1.030411e+04	
1.024900e+04	1.024133e+04	1.024135e+04	
1.014909e+04	1.013881e+04	1.013882e+04	
1.024928e+04	1.023004e+04	1.023006e+04	
1.019717e+04	1.018824e+04	1.018826e+04	
1.022108e+04	1.020793e+04	1.020795e+04	
1.030988e+04	1.029634e+04	1.029635e+04	
1.023074e+04	1.021957e+04	1.021959e+04	
1.022887e+04	1.021457e+04	1.021458e+04	
1.016814e+04	1.014882e+04	1.014884e+04	
1.024036e+04	1.022210e+04	1.022211e+04	
1.033372e+04	1.032084e+04	1.032085e+04	
1.032687e+04	1.031722e+04	1.031723e+04	
1.020338e+04	1.019252e+04	1.019254e+04	
1.018268e+04	1.016268e+04	1.016269e+04	
1.008849e+04	1.007460e+04	1.007462e+04	
1.031744e+04	1.030649e+04	1.030651e+04	
1.021333e+04	1.019894e+04	1.019896e+04	
1.020467e+04	1.019224e+04	1.019226e+04	
1.033165e+04	1.032317e+04	1.032318e+04	
1.024204e+04	1.022695e+04	1.022697e+04	
1.023977e+04	1.021382e+04	1.021384e+04	
1.015386e+04	1.013767e+04	1.013769e+04	
1.016459e+04	1.015200e+04	1.015202e+04	
1.026334e+04	1.025119e+04	1.025120e+04	
1.022933e+04	1.021774e+04	1.021775e+04	
1.021323e+04	1.019385e+04	1.019386e+04	
1.041913e+04	1.039886e+04	1.039887e+04	
1.027303e+04	1.026141e+04	1.026142e+04	
1.027424e+04	1.026464e+04	1.026466e+04	
1.035754e+04	1.034088e+04	1.034089e+04	
1.025393e+04	1.024459e+04	1.024461e+04	
1.032415e+04	1.031285e+04	1.031287e+04	
1.016072e+04	1.013962e+04	1.013964e+04	
1.025575e+04	1.024185e+04	1.024187e+04	
1.028134e+04	1.026810e+04	1.026812e+04	
1.010445e+04	1.009105e+04	1.009107e+04	
1.021445e+04	1.019949e+04	1.019951e+04	
1.021207e+04	1.019272e+04	1.019273e+04	
1.021541e+04	1.020195e+04	1.020196e+04	
1.025282e+04	1.024457e+04	1.024459e+04	
1.021242e+04	1.019636e+04	1.019638e+04	
1.017286e+04	1.015043e+04	1.015045e+04	
1.031258e+04	1.029749e+04	1.029751e+04	
1.038897e+04	1.037345e+04	1.037346e+04	
1.023111e+04	1.021689e+04	1.021691e+04	
1.025479e+04	1.022670e+04	1.022672e+04	
1.023981e+04	1.022713e+04	1.022715e+04	
1.012296e+04	1.010568e+04	1.010569e+04	
1.020272e+04	1.018611e+04	1.018612e+04	
1.019027e+04	1.017868e+04	1.017870e+04	
1.014179e+04	1.012495e+04	1.012497e+04	
1.025386e+04	1.024648e+04	1.024650e+04	
1.027602e+04	1.026057e+04	1.026058e+04	
1.044708e+04	1.042103e+04	1.042105e+04	
1.025091e+04	1.024095e+04	1.024097e+04	
1.015287e+04	1.013622e+04	1.013623e+04	
1.025790e+04	1.024945e+04	1.024946e+04	
1.017641e+04	1.016683e+04	1.016684e+04	
1.024926e+04	1.023575e+04	1.023576e+04	
1.032784e+04	1.031139e+04	1.031141e+04	
1.012300e+04	1.011218e+04	1.011220e+04	
1.029820e+04	1.028722e+04	1.028724e+04	
1.036546e+04	1.035137e+04	1.035138e+04	
1.032168e+04	1.031106e+04	1.031107e+04	
1.014090e+04	1.012942e+04	1.012944e+04	
1.015144e+04	1.013585e+04	1.013586e+04	
1.023493e+04	1.021622e+04	1.021624e+04	
1.016892e+04	1.015563e+04	1.015564e+04	
1.019644e+04	1.018059e+04	1.018061e+04	
1.015708e+04	1.014556e+04	1.014557e+04	
1.026824e+04	1.025239e+04	1.025241e+04	
1.022029e+04	1.020004e+04	1.020006e+04	
1.027104e+04	1.025999e+04	1.026001e+04	
1.019643e+04	1.018285e+04	1.018287e+04	
1.023344e+04	1.022022e+04	1.022024e+04	
1.019852e+04	1.018262e+04	1.018263e+04	
1.021218e+04	1.019547e+04	1.019548e+04	
1.021251e+04	1.019764e+04	1.019765e+04	
1.023217e+04	1.022233e+04	1.022235e+04	
1.022723e+04	1.021408e+04	1.021409e+04	
1.021716e+04	1.020475e+04	1.020476e+04	
1.029580e+04	1.028854e+04	1.028856e+04	
1.028842e+04	1.027225e+04	1.027227e+04	
1.022231e+04	1.021336e+04	1.021338e+04	
1.020217e+04	1.018100e+04	1.018101e+04	
1.012956e+04	1.011637e+04	1.011639e+04	
1.022534e+04	1.021568e+04	1.021570e+04	
1.036437e+04	1.035112e+04	1.035114e+04	
1.027213e+04	1.026054e+04	1.026056e+04	
1.026031e+04	1.024827e+04	1.024829e+04	
1.020237e+04	1.019030e+04	1.019032e+04	
1.026670e+04	1.024903e+04	1.024905e+04	
1.021379e+04	1.019786e+04	1.019788e+04	
1.015728e+04	1.014580e+04	1.014581e+04	
1.035559e+04	1.034398e+04	1.034399e+04	
1.015017e+04	1.013778e+04	1.013780e+04	
1.025930e+04	1.024028e+04	1.024030e+04	
1.026143e+04	1.024725e+04	1.024727e+04	
1.028757e+04	1.027604e+04	1.027605e+04	
1.029278e+04	1.027694e+04	1.027695e+04	
1.025141e+04	1.024091e+04	1.024093e+04	
1.022041e+04	1.020977e+04	1.020978e+04	
1.024428e+04	1.023134e+04	1.023136e+04	
1.024028e+04	1.022746e+04	1.022748e+04	
1.024796e+04	1.022310e+04	1.022312e+04	
1.024743e+04	1.023455e+04	1.023457e+04	
1.022130e+04	1.019985e+04	1.019987e+04	
1.030247e+04	1.029136e+04	1.029138e+04	
1.034750e+04	1.032890e+04	1.032892e+04	
1.037096e+04	1.035176e+04	1.035178e+04	
1.019234e+04	1.018265e+04	1.018267e+04	
1.019391e+04	1.017755e+04	1.017756e+04	
1.038151e+04	1.036561e+04	1.036563e+04	
1.025589e+04	1.024606e+04	1.024608e+04	
1.029821e+04	1.029021e+04	1.029023e+04	
1.020904e+04	1.020005e+04	1.020007e+04	
1.021136e+04	1.019821e+04	1.019823e+04	
1.021647e+04	1.020796e+04	1.020798e+04	
1.021779e+04	1.020810e+04	1.020812e+04	
1.038223e+04	1.036969e+04	1.036971e+04	
1.035641e+04	1.033411e+04	1.033413e+04	
1.031308e+04	1.029748e+04	1.029750e+04	
1.022416e+04	1.020409e+04	1.020411e+04	
1.028237e+04	1.026084e+04	1.026086e+04	
1.036128e+04	1.034234e+04	1.034236e+04	
1.027961e+04	1.026181e+04	1.026183e+04	
1.026372e+04	1.025241e+04	1.025243e+04	
1.027850e+04	1.024893e+04	1.024895e+04	
1.017383e+04	1.016345e+04	1.016347e+04	
1.021967e+04	1.019933e+04	1.019935e+04	
1.032615e+04	1.031561e+04	1.031562e+04	
1.018313e+04	1.017110e+04	1.017111e+04	
1.033052e+04	1.031854e+04	1.031856e+04	
1.025055e+04	1.023445e+04	1.023447e+04	
1.022068e+04	1.020261e+04	1.020263e+04	
1.021833e+04	1.019845e+04	1.019847e+04	
1.022176e+04	1.021232e+04	1.021234e+04	
1.013924e+04	1.013197e+04	1.013198e+04	
1.032038e+04	1.030452e+04	1.030453e+04	
1.017256e+04	1.015703e+04	1.015704e+04	
1.024679e+04	1.023062e+04	1.023064e+04	
1.021496e+04	1.019767e+04	1.019768e+04	
1.031579e+04	1.028914e+04	1.028915e+04	
1.008090e+04	1.006752e+04	1.006754e+04	
1.012810e+04	1.011629e+04	1.011631e+04	
1.017827e+04	1.016129e+04	1.016131e+04	
1.034522e+04	1.033115e+04	1.033116e+04	
1.033180e+04	1.031805e+04	1.031807e+04	
1.028072e+04	1.026312e+04	1.026313e+04	
1.023496e+04	1.021385e+04	1.021387e+04	
1.018861e+04	1.017168e+04	1.017170e+04	
1.018660e+04	1.017455e+04	1.017457e+04	
1.020253e+04	1.019268e+04	1.019269e+04	
1.022869e+04	1.021123e+04	1.021124e+04	
1.031742e+04	1.030320e+04	1.030322e+04	
1.014716e+04	1.013620e+04	1.013622e+04	
1.020175e+04	1.019341e+04	1.019342e+04	
1.032430e+04	1.030675e+04	1.030676e+04	
1.017465e+04	1.016840e+04	1.016841e+04	
1.020314e+04	1.018896e+04	1.018898e+04	
1.017061e+04	1.015392e+04	1.015394e+04	
1.044948e+04	1.042789e+04	1.042791e+04	
1.009249e+04	1.007142e+04	1.007143e+04	
1.034587e+04	1.033166e+04	1.033168e+04	
1.026462e+04	1.025208e+04	1.025209e+04	
1.021715e+04	1.020348e+04	1.020350e+04	
1.023555e+04	1.022043e+04	1.022044e+04	
1.029226e+04	1.028319e+04	1.028321e+04	
1.023282e+04	1.021477e+04	1.021479e+04	
1.026717e+04	1.024207e+04	1.024209e+04	
1.033024e+04	1.031381e+04	1.031383e+04	
1.017031e+04	1.015886e+04	1.015887e+04	
1.039788e+04	1.038933e+04	1.038934e+04	
1.022835e+04	1.021559e+04	1.021561e+04	
1.034463e+04	1.033283e+04	1.033285e+04	
1.011614e+04	1.009578e+04	1.009580e+04	
1.035890e+04	1.033700e+04	1.033702e+04	
1.027711e+04	1.026478e+04	1.026480e+04	
1.009845e+04	1.008610e+04	1.008612e+04	
1.018284e+04	1.016473e+04	1.016474e+04	
1.023709e+04	1.022616e+04	1.022617e+04	
1.030814e+04	1.029577e+04	1.029579e+04	
1.014511e+04	1.012770e+04	1.012771e+04	
1.033085e+04	1.031318e+04	1.031319e+04	
1.030688e+04	1.029737e+04	1.029739e+04	
1.018804e+04	1.017682e+04	1.017684e+04	
1.031916e+04	1.030837e+04	1.030839e+04	
1.028621e+04	1.027672e+04	1.027673e+04	
1.036699e+04	1.034429e+04	1.034430e+04	
1.014761e+04	1.013698e+04	1.013700e+04	
1.017443e+04	1.015922e+04	1.015923e+04	
1.020429e+04	1.018754e+04	1.018756e+04	
1.026006e+04	1.025045e+04	1.025047e+04	
1.033593e+04	1.031187e+04	1.031188e+04	
1.024084e+04	1.023474e+04	1.023476e+04	
1.027072e+04	1.026272e+04	1.026273e+04	
1.016745e+04	1.015099e+04	1.015101e+04	
1.015529e+04	1.014377e+04	1.014378e+04	
1.034530e+04	1.032424e+04	1.032426e+04	
1.026645e+04	1.025444e+04	1.025446e+04	
1.011191e+04	1.009917e+04	1.009919e+04	
1.028982e+04	1.027897e+04	1.027899e+04	
1.028718e+04	1.027255e+04	1.027257e+04	
1.025730e+04	1.024462e+04	1.024464e+04	
1.022245e+04	1.021175e+04	1.021177e+04	
1.028811e+04	1.027381e+04	1.027382e+04	
1.023514e+04	1.021959e+04	1.021961e+04	
1.019862e+04	1.018001e+04	1.018003e+04	
1.016255e+04	1.013840e+04	1.013841e+04	
1.024297e+04	1.022858e+04	1.022860e+04	
1.027670e+04	1.026490e+04	1.026492e+04	
1.027421e+04	1.026292e+04	1.026294e+04	
1.010978e+04	1.009190e+04	1.009192e+04	
1.022543e+04	1.021455e+04	1.021457e+04	
1.018737e+04	1.017800e+04	1.017801e+04	
1.037928e+04	1.036552e+04	1.036553e+04	
1.012371e+04	1.011225e+04	1.011227e+04	
1.015952e+04	1.014247e+04	1.014249e+04	
1.021388e+04	1.019580e+04	1.019581e+04	
1.031916e+04	1.030758e+04	1.030760e+04	
1.041049e+04	1.038843e+04	1.038844e+04	
1.020663e+04	1.019479e+04	1.019480e+04	
1.030123e+04	1.028575e+04	1.028577e+04	
1.026235e+04	1.024601e+04	1.024602e+04	
1.030363e+04	1.028685e+04	1.028687e+04	
1.015415e+04	1.014032e+04	1.014034e+04	
1.025247e+04	1.023330e+04	1.023332e+04	
1.011066e+04	1.009943e+04	1.009944e+04	
1.023173e+04	1.021947e+04	1.021949e+04	
1.029383e+04	1.028086e+04	1.028087e+04	
1.030874e+04	1.027768e+04	1.027770e+04	
1.029030e+04	1.027363e+04	1.027364e+04	
1.020929e+04	1.019166e+04	1.019167e+04	
1.026719e+04	1.025875e+04	1.025877e+04	
1.019646e+04	1.018035e+04	1.018036e+04	
1.020359e+04	1.018139e+04	1.018141e+04	
1.026141e+04	1.024889e+04	1.024891e+04	
1.031062e+04	1.029047e+04	1.029048e+04	
1.020856e+04	1.019162e+04	1.019163e+04	
1.026682e+04	1.025551e+04	1.025552e+04	
1.025199e+04	1.023662e+04	1.023664e+04	
1.034564e+04	1.032316e+04	1.032317e+04	
1.024341e+04	1.022793e+04	1.022795e+04	
1.027682e+04	1.026665e+04	1.026667e+04	
1.030029e+04	1.028733e+04	1.028735e+04	
1.016994e+04	1.014968e+04	1.014970e+04	
1.033259e+04	1.031605e+04	1.031606e+04	
1.018502e+04	1.017157e+04	1.017159e+04	
1.028032e+04	1.027211e+04	1.027213e+04	
1.025641e+04	1.023992e+04	1.023993e+04	
1.030007e+04	1.028804e+04	1.028805e+04	
1.019004e+04	1.017166e+04	1.017167e+04	
1.034206e+04	1.032924e+04	1.032926e+04	
1.033441e+04	1.032123e+04	1.032124e+04	
1.017725e+04	1.016472e+04	1.016474e+04	
1.022004e+04	1.020701e+04	1.020702e+04	
1.024741e+04	1.023403e+04	1.023405e+04	
1.012831e+04	1.011245e+04	1.011247e+04	
1.029916e+04	1.029097e+04	1.029098e+04	
1.021451e+04	1.020478e+04	1.020480e+04	
1.025306e+04	1.024333e+04	1.024335e+04	
1.024213e+04	1.022408e+04	1.022409e+04	
1.022863e+04	1.020925e+04	1.020927e+04	
1.021185e+04	1.020350e+04	1.020352e+04	
1.011046e+04	1.009496e+04	1.009498e+04	
1.025371e+04	1.023734e+04	1.023736e+04	
1.015531e+04	1.013491e+04	1.013493e+04	
1.029010e+04	1.027843e+04	1.027845e+04	
1.016054e+04	1.014690e+04	1.014692e+04	
1.026573e+04	1.025151e+04	1.025153e+04	
1.027904e+04	1.026439e+04	1.026440e+04	
1.038078e+04	1.036891e+04	1.036893e+04	
1.028239e+04	1.027120e+04	1.027121e+04	
1.021276e+04	1.019734e+04	1.019736e+04	
1.028088e+04	1.026543e+04	1.026545e+04	
1.025778e+04	1.023695e+04	1.023697e+04	
1.030845e+04	1.029056e+04	1.029058e+04	
1.036540e+04	1.035160e+04	1.035161e+04	
1.024354e+04	1.022709e+04	1.022711e+04	
1.019958e+04	1.017915e+04	1.017916e+04	
1.020143e+04	1.018764e+04	1.018766e+04	
1.020152e+04	1.018493e+04	1.018494e+04	
1.016376e+04	1.015120e+04	1.015121e+04	
1.017595e+04	1.015563e+04	1.015565e+04	
1.016616e+04	1.015341e+04	1.015343e+04	
1.021624e+04	1.020831e+04	1.020833e+04	
1.022518e+04	1.021418e+04	1.021420e+04	
1.028528e+04	1.027365e+04	1.027367e+04	
1.028670e+04	1.027481e+04	1.027483e+04	
1.014671e+04	1.013237e+04	1.013238e+04	
1.030305e+04	1.029015e+04	1.029016e+04	
1.023444e+04	1.022133e+04	1.022135e+04	
1.023254e+04	1.021409e+04	1.021411e+04	
1.024352e+04	1.023083e+04	1.023085e+04	
1.004761e+04	1.002304e+04	1.002306e+04	
1.036936e+04	1.035001e+04	1.035003e+04	
1.029930e+04	1.028905e+04	1.028907e+04	
1.012172e+04	1.011120e+04	1.011121e+04	
1.020353e+04	1.018783e+04	1.018785e+04	
1.026206e+04	1.025136e+04	1.025138e+04	
1.036268e+04	1.034124e+04	1.034125e+04	
1.038678e+04	1.036995e+04	1.036997e+04	
1.015642e+04	1.014056e+04	1.014058e+04	
1.017249e+04	1.015937e+04	1.015939e+04	
1.019354e+04	1.017584e+04	1.017586e+04	
1.031634e+04	1.030634e+04	1.030636e+04	
1.025226e+04	1.024314e+04	1.024316e+04	
1.021421e+04	1.020028e+04	1.020029e+04	
1.035701e+04	1.033753e+04	1.033754e+04	
1.015305e+04	1.013859e+04	1.013861e+04	
1.017652e+04	1.016583e+04	1.016585e+04	
1.019188e+04	1.017649e+04	1.017651e+04	
1.028810e+04	1.027148e+04	1.027149e+04	
1.030148e+04	1.029059e+04	1.029061e+04	
1.026794e+04	1.025788e+04	1.025790e+04	
1.025959e+04	1.025238e+04	1.025240e+04	
1.022534e+04	1.021233e+04	1.021234e+04	
1.013940e+04	1.012684e+04	1.012685e+04	
1.036422e+04	1.034639e+04	1.034641e+04	
1.025335e+04	1.024574e+04	1.024575e+04	
1.030360e+04	1.029226e+04	1.029228e+04	
1.033872e+04	1.032398e+04	1.032400e+04	
1.008415e+04	1.006631e+04	1.006632e+04	
1.023386e+04	1.021979e+04	1.021981e+04	
1.023381e+04	1.021171e+04	1.021172e+04	
1.023605e+04	1.022560e+04	1.022561e+04	
1.020093e+04	1.017666e+04	1.017668e+04	
1.016457e+04	1.015408e+04	1.015409e+04	
1.043896e+04	1.042364e+04	1.042366e+04	
1.034295e+04	1.032824e+04	1.032826e+04	
1.028183e+04	1.026999e+04	1.027000e+04	
1.030577e+04	1.029054e+04	1.029056e+04	
1.029021e+04	1.028027e+04	1.028029e+04	
1.028592e+04	1.027388e+04	1.027390e+04	
1.025445e+04	1.024512e+04	1.024513e+04	
1.027169e+04	1.024934e+04	1.024936e+04	
1.020116e+04	1.018803e+04	1.018804e+04	
1.026656e+04	1.025090e+04	1.025091e+04	
1.023983e+04	1.022360e+04	1.022362e+04	
1.022514e+04	1.021346e+04	1.021347e+04	
1.030264e+04	1.029585e+04	1.029587e+04	
1.029262e+04	1.027809e+04	1.027811e+04	
1.006279e+04	1.005151e+04	1.005152e+04	
1.013628e+04	1.012522e+04	1.012524e+04	
1.029455e+04	1.028090e+04	1.028092e+04	
1.019979e+04	1.018023e+04	1.018024e+04	
1.018889e+04	1.017305e+04	1.017307e+04	
1.007143e+04	1.004850e+04	1.004851e+04	
1.013026e+04	1.011220e+04	1.011222e+04	
1.034899e+04	1.033811e+04	1.033813e+04	
1.030998e+04	1.030027e+04	1.030029e+04	
1.029659e+04	1.028907e+04	1.028909e+04	
1.016745e+04	1.015342e+04	1.015344e+04	
1.025433e+04	1.024678e+04	1.024680e+04	
1.030595e+04	1.029421e+04	1.029423e+04	
1.020819e+04	1.019026e+04	1.019028e+04	
1.012789e+04	1.011132e+04	1.011134e+04	
1.016578e+04	1.014554e+04	1.014555e+04	
1.020989e+04	1.019289e+04	1.019291e+04	
1.008431e+04	1.007114e+04	1.007116e+04	
1.031166e+04	1.029488e+04	1.029489e+04	
1.025509e+04	1.023734e+04	1.023735e+04	
1.034620e+04	1.032799e+04	1.032801e+04	
1.022623e+04	1.020997e+04	1.020999e+04	
1.023360e+04	1.021274e+04	1.021276e+04	
1.021768e+04	1.020211e+04	1.020213e+04	
1.034098e+04	1.032443e+04	1.032445e+04	
1.024558e+04	1.023380e+04	1.023381e+04	
1.015597e+04	1.014029e+04	1.014031e+04	
1.036221e+04	1.033795e+04	1.033797e+04	
1.017372e+04	1.016028e+04	1.016030e+04	
1.032591e+04	1.031408e+04	1.031410e+04	
1.022464e+04	1.021367e+04	1.021369e+04	
1.034175e+04	1.033029e+04	1.033030e+04	
1.023462e+04	1.022309e+04	1.022311e+04	
1.010838e+04	1.009386e+04	1.009387e+04	
1.031386e+04	1.030610e+04	1.030611e+04	
1.019985e+04	1.018853e+04	1.018855e+04	
1.021468e+04	1.020078e+04	1.020079e+04	
1.034134e+04	1.032325e+04	1.032327e+04	
1.027070e+04	1.025623e+04	1.025625e+04	
1.030091e+04	1.028581e+04	1.028583e+04	
1.027668e+04	1.026727e+04	1.026729e+04	
1.022768e+04	1.020549e+04	1.020550e+04	
1.027955e+04	1.026597e+04	1.026599e+04	
1.032144e+04	1.030755e+04	1.030756e+04	
1.024860e+04	1.023110e+04	1.023112e+04	
1.029183e+04	1.026714e+04	1.026715e+04	
1.031012e+04	1.029702e+04	1.029704e+04	
1.023224e+04	1.021723e+04	1.021725e+04	
1.023575e+04	1.022646e+04	1.022647e+04	
1.027266e+04	1.025725e+04	1.025727e+04	
1.013404e+04	1.012541e+04	1.012543e+04	
1.024787e+04	1.023239e+04	1.023241e+04	
1.023907e+04	1.022216e+04	1.022218e+04	
1.016812e+04	1.015302e+04	1.015304e+04	
1.020463e+04	1.018923e+04	1.018925e+04	
1.027830e+04	1.025658e+04	1.025659e+04	
1.034262e+04	1.032917e+04	1.032919e+04	
1.023766e+04	1.021614e+04	1.021616e+04	
1.019263e+04	1.018309e+04	1.018310e+04	
1.029457e+04	1.026711e+04	1.026713e+04	
1.020492e+04	1.019503e+04	1.019505e+04	
1.022888e+04	1.021294e+04	1.021296e+04	
1.032196e+04	1.031658e+04	1.031660e+04	
1.028926e+04	1.027615e+04	1.027616e+04	
1.017343e+04	1.016065e+04	1.016066e+04	
1.032362e+04	1.030224e+04	1.030226e+04	
1.028867e+04	1.027239e+04	1.027241e+04	
1.018788e+04	1.017530e+04	1.017532e+04	
1.020138e+04	1.018529e+04	1.018530e+04	
1.004393e+04	1.002101e+04	1.002103e+04	
1.024300e+04	1.022704e+04	1.022706e+04	
1.019086e+04	1.018042e+04	1.018044e+04	
1.011966e+04	1.010224e+04	1.010225e+04	
1.015054e+04	1.012240e+04	1.012241e+04	
1.018467e+04	1.017862e+04	1.017864e+04	
1.014000e+04	1.012017e+04	1.012018e+04	
1.024538e+04	1.023390e+04	1.023391e+04	
1.025176e+04	1.023687e+04	1.023688e+04	
1.023592e+04	1.022855e+04	1.022857e+04	
1.014301e+04	1.013066e+04	1.013067e+04	
1.022345e+04	1.021422e+04	1.021424e+04	
1.025321e+04	1.024087e+04	1.024089e+04	
1.034127e+04	1.032199e+04	1.032200e+04	
1.010173e+04	1.009374e+04	1.009376e+04	
1.015001e+04	1.013783e+04	1.013784e+04	
1.022566e+04	1.021097e+04	1.021099e+04	
1.015987e+04	1.014910e+04	1.014912e+04	
1.013299e+04	1.012242e+04	1.012244e+04	
1.018647e+04	1.016844e+04	1.016845e+04	
1.015832e+04	1.014533e+04	1.014535e+04	
1.038294e+04	1.036906e+04	1.036908e+04	
1.013434e+04	1.012006e+04	1.012008e+04	
1.026495e+04	1.026022e+04	1.026024e+04	
1.008241e+04	1.005929e+04	1.005930e+04	
1.035171e+04	1.032233e+04	1.032235e+04	
1.021097e+04	1.019485e+04	1.019487e+04	
1.024926e+04	1.023486e+04	1.023487e+04	
1.029777e+04	1.028565e+04	1.028566e+04	
1.028201e+04	1.026184e+04	1.026186e+04	
1.027001e+04	1.024812e+04	1.024813e+04	
1.029852e+04	1.028640e+04	1.028642e+04	
1.003709e+04	1.001443e+04	1.001445e+04	
1.018035e+04	1.016559e+04	1.016561e+04	
1.027705e+04	1.026913e+04	1.026914e+04	
1.017172e+04	1.015023e+04	1.015025e+04	
1.027176e+04	1.025526e+04	1.025528e+04	
1.014328e+04	1.013326e+04	1.013328e+04	
1.022596e+04	1.021185e+04	1.021187e+04	
1.028823e+04	1.027322e+04	1.027324e+04	
1.026799e+04	1.024912e+04	1.024914e+04	
1.028814e+04	1.027909e+04	1.027910e+04	
1.032963e+04	1.030522e+04	1.030523e+04	
1.010293e+04	1.008254e+04	1.008255e+04	
1.016068e+04	1.014582e+04	1.014584e+04	
1.027813e+04	1.026847e+04	1.026849e+04	
1.028780e+04	1.027459e+04	1.027461e+04	
1.030659e+04	1.029507e+04	1.029509e+04	
1.012240e+04	1.011051e+04	1.011053e+04	
1.030879e+04	1.030095e+04	1.030096e+04	
1.012910e+04	1.011218e+04	1.011220e+04	
1.007028e+04	1.005018e+04	1.005020e+04	
1.016555e+04	1.015111e+04	1.015113e+04	
1.027343e+04	1.026608e+04	1.026610e+04	
1.018319e+04	1.017064e+04	1.017066e+04	
1.015769e+04	1.014385e+04	1.014386e+04	
1.029492e+04	1.028419e+04	1.028420e+04	
1.026578e+04	1.025365e+04	1.025367e+04	
1.011888e+04	1.010676e+04	1.010678e+04	
1.029099e+04	1.028088e+04	1.028090e+04	
1.008166e+04	1.005159e+04	1.005160e+04	
1.022843e+04	1.021332e+04	1.021334e+04	
1.028631e+04	1.027098e+04	1.027099e+04	
1.012783e+04	1.011335e+04	1.011336e+04	
1.026024e+04	1.024174e+04	1.024175e+04	
1.025155e+04	1.023760e+04	1.023761e+04	
1.029965e+04	1.028487e+04	1.028489e+04	
1.034636e+04	1.032326e+04	1.032327e+04	
1.025087e+04	1.022921e+04	1.022923e+04	
1.016881e+04	1.015755e+04	1.015756e+04	
1.017177e+04	1.015148e+04	1.015149e+04	
1.023199e+04	1.021658e+04	1.021660e+04	
1.022646e+04	1.020855e+04	1.020857e+04	
1.029439e+04	1.027867e+04	1.027868e+04	
1.019685e+04	1.018767e+04	1.018768e+04	
1.031821e+04	1.029455e+04	1.029456e+04	
1.026968e+04	1.025155e+04	1.025156e+04	
1.011800e+04	1.011252e+04	1.011253e+04	
1.024878e+04	1.024015e+04	1.024017e+04	
1.025258e+04	1.024456e+04	1.024458e+04	
1.032368e+04	1.031541e+04	1.031543e+04	
1.035055e+04	1.032941e+04	1.032942e+04	
1.019396e+04	1.017491e+04	1.017493e+04	
1.020750e+04	1.020045e+04	1.020047e+04	
1.027999e+04	1.026880e+04	1.026881e+04	
1.024593e+04	1.023390e+04	1.023392e+04	
1.023026e+04	1.021200e+04	1.021202e+04	
1.007226e+04	1.006292e+04	1.006293e+04	
1.037699e+04	1.034985e+04	1.034987e+04	
1.010186e+04	1.008963e+04	1.008965e+04	
1.023545e+04	1.022297e+04	1.022299e+04	
1.010626e+04	1.009356e+04	1.009357e+04	
1.028167e+04	1.027338e+04	1.027340e+04	
1.032177e+04	1.030773e+04	1.030775e+04	
1.031900e+04	1.030018e+04	1.030019e+04	
1.020425e+04	1.019470e+04	1.019472e+04	
1.020279e+04	1.018419e+04	1.018421e+04	
1.021901e+04	1.020309e+04	1.020311e+04	
1.017954e+04	1.016302e+04	1.016304e+04	
1.025895e+04	1.024221e+04	1.024223e+04	
1.016435e+04	1.014759e+04	1.014760e+04	
1.014349e+04	1.012684e+04	1.012686e+04	
1.021895e+04	1.020792e+04	1.020794e+04	
1.015998e+04	1.013817e+04	1.013819e+04	
1.016003e+04	1.015158e+04	1.015160e+04	
1.027579e+04	1.025894e+04	1.025895e+04	
1.033153e+04	1.031669e+04	1.031671e+04	
1.025022e+04	1.024099e+04	1.024100e+04	
1.016944e+04	1.015388e+04	1.015390e+04	
1.028528e+04	1.027288e+04	1.027289e+04	
1.020792e+04	1.019224e+04	1.019226e+04	
1.028772e+04	1.026050e+04	1.026052e+04	
1.023608e+04	1.022496e+04	1.022497e+04	
1.015190e+04	1.014173e+04	1.014175e+04	
1.012412e+04	1.010608e+04	1.010610e+04	
1.018382e+04	1.015745e+04	1.015746e+04	
1.021309e+04	1.019583e+04	1.019584e+04	
1.018701e+04	1.017695e+04	1.017696e+04	
1.034600e+04	1.033549e+04	1.033551e+04	
1.033600e+04	1.032284e+04	1.032285e+04	
1.024950e+04	1.023607e+04	1.023609e+04	
1.026062e+04	1.024483e+04	1.024484e+04	
1.025801e+04	1.024188e+04	1.024189e+04	
1.031093e+04	1.029731e+04	1.029733e+04	
1.021726e+04	1.019818e+04	1.019819e+04	
1.020846e+04	1.018760e+04	1.018762e+04	
1.016626e+04	1.015143e+04	1.015144e+04	
1.018293e+04	1.016663e+04	1.016665e+04	
1.026152e+04	1.024624e+04	1.024626e+04	
1.011247e+04	1.009791e+04	1.009793e+04	
1.022001e+04	1.020736e+04	1.020738e+04	
1.025407e+04	1.023551e+04	1.023553e+04	
1.021283e+04	1.020019e+04	1.020021e+04	
1.025203e+04	1.024330e+04	1.024332e+04	
1.018537e+04	1.016335e+04	1.016337e+04	
1.014360e+04	1.012944e+04	1.012945e+04	
1.025292e+04	1.024369e+04	1.024370e+04	
1.024626e+04	1.022978e+04	1.022979e+04	
1.021466e+04	1.020495e+04	1.020496e+04	
1.019306e+04	1.017091e+04	1.017093e+04	
1.026474e+04	1.025079e+04	1.025081e+04	
1.032027e+04	1.030283e+04	1.030284e+04	
1.029600e+04	1.028740e+04	1.028742e+04	
1.018676e+04	1.017716e+04	1.017717e+04	
1.024081e+04	1.021755e+04	1.021756e+04	
1.034518e+04	1.033834e+04	1.033835e+04	
1.027907e+04	1.026747e+04	1.026748e+04	
1.014304e+04	1.013373e+04	1.013375e+04	
1.009581e+04	1.008583e+04	1.008585e+04	
1.028550e+04	1.026990e+04	1.026992e+04	
1.021391e+04	1.020637e+04	1.020638e+04	
1.017785e+04	1.016424e+04	1.016426e+04	
1.030192e+04	1.028344e+04	1.028346e+04	
1.013387e+04	1.011984e+04	1.011986e+04	
1.021422e+04	1.019667e+04	1.019669e+04	
1.027605e+04	1.025618e+04	1.025620e+04	
1.028563e+04	1.027317e+04	1.027319e+04	
1.020054e+04	1.017857e+04	1.017859e+04	
1.031227e+04	1.029795e+04	1.029796e+04	
1.029170e+04	1.027635e+04	1.027636e+04	
1.015759e+04	1.013339e+04	1.013341e+04	
1.028290e+04	1.026626e+04	1.026627e+04	
1.025296e+04	1.023665e+04	1.023667e+04	
1.014445e+04	1.012498e+04	1.012500e+04	
1.026218e+04	1.025127e+04	1.025128e+04	
1.015495e+04	1.014243e+04	1.014245e+04	
1.015946e+04	1.014439e+04	1.014441e+04	
1.024156e+04	1.022469e+04	1.022471e+04	
1.028310e+04	1.027672e+04	1.027674e+04	
1.019532e+04	1.017944e+04	1.017946e+04	
1.028014e+04	1.026007e+04	1.026009e+04	
1.023765e+04	1.022310e+04	1.022311e+04	
1.022380e+04	1.021328e+04	1.021330e+04	
1.023085e+04	1.021581e+04	1.021582e+04	
1.018209e+04	1.017105e+04	1.017107e+04	
1.028808e+04	1.027269e+04	1.027271e+04	
1.013409e+04	1.011929e+04	1.011931e+04	
1.021862e+04	1.020528e+04	1.020529e+04	
1.019475e+04	1.018444e+04	1.018446e+04	
1.005945e+04	1.003230e+04	1.003232e+04	
1.019835e+04	1.018550e+04	1.018552e+04	
1.009949e+04	1.008740e+04	1.008741e+04	
1.033141e+04	1.031934e+04	1.031936e+04	
1.013195e+04	1.011922e+04	1.011924e+04	
1.017004e+04	1.015333e+04	1.015335e+04	
1.031270e+04	1.030031e+04	1.030032e+04	
1.030988e+04	1.029839e+04	1.029841e+04	
1.027707e+04	1.026415e+04	1.026417e+04	
1.023267e+04	1.022274e+04	1.022276e+04	
1.027113e+04	1.026220e+04	1.026222e+04	
1.020376e+04	1.018618e+04	1.018620e+04	
1.028205e+04	1.026969e+04	1.026971e+04	
1.015542e+04	1.014458e+04	1.014460e+04	
1.033549e+04	1.031879e+04	1.031881e+04	
1.029545e+04	1.028214e+04	1.028216e+04	
1.021938e+04	1.019853e+04	1.019855e+04	
1.024213e+04	1.023517e+04	1.023519e+04	
1.024601e+04	1.023795e+04	1.023797e+04	
1.019336e+04	1.018224e+04	1.018226e+04	
1.015151e+04	1.014104e+04	1.014106e+04	
1.021870e+04	1.019940e+04	1.019942e+04	
1.023189e+04	1.022183e+04	1.022185e+04	
1.007473e+04	1.005676e+04	1.005677e+04	
1.033382e+04	1.032727e+04	1.032728e+04	
1.025669e+04	1.024884e+04	1.024886e+04	
1.017389e+04	1.016157e+04	1.016159e+04	
1.026600e+04	1.025381e+04	1.025383e+04	
1.016793e+04	1.015409e+04	1.015410e+04	
1.026969e+04	1.024341e+04	1.024343e+04	
1.019412e+04	1.018154e+04	1.018156e+04	
1.027959e+04	1.026646e+04	1.026648e+04	
1.017440e+04	1.015848e+04	1.015850e+04	
1.018043e+04	1.016696e+04	1.016698e+04	
1.025269e+04	1.022914e+04	1.022916e+04	
1.027010e+04	1.024932e+04	1.024933e+04	
1.033900e+04	1.032490e+04	1.032492e+04	
1.027331e+04	1.025658e+04	1.025659e+04	
1.014873e+04	1.013290e+04	1.013292e+04	
1.021472e+04	1.020237e+04	1.020239e+04	
1.027528e+04	1.025304e+04	1.025305e+04	
1.029665e+04	1.028555e+04	1.028557e+04	
1.029774e+04	1.028156e+04	1.028157e+04	
1.036389e+04	1.035056e+04	1.035058e+04	
1.022211e+04	1.021131e+04	1.021133e+04	
1.033155e+04	1.032226e+04	1.032227e+04	
1.017091e+04	1.016111e+04	1.016112e+04	
1.031248e+04	1.029323e+04	1.029325e+04	
1.013643e+04	1.012032e+04	1.012033e+04	
1.027462e+04	1.026547e+04	1.026549e+04	
1.021337e+04	1.019086e+04	1.019088e+04	
1.028009e+04	1.026009e+04	1.026011e+04	
1.016642e+04	1.015403e+04	1.015405e+04	
1.027403e+04	1.025763e+04	1.025765e+04	
1.019175e+04	1.018062e+04	1.018064e+04	
1.013424e+04	1.011474e+04	1.011476e+04	
1.021375e+04	1.018975e+04	1.018976e+04	
1.031711e+04	1.030601e+04	1.030603e+04	
1.018825e+04	1.017546e+04	1.017548e+04	
1.031661e+04	1.030450e+04	1.030451e+04	
1.027089e+04	1.025443e+04	1.025445e+04	
1.024400e+04	1.023065e+04	1.023066e+04	
1.025031e+04	1.022962e+04	1.022963e+04	
1.018603e+04	1.017582e+04	1.017584e+04	
1.026740e+04	1.025507e+04	1.025509e+04	
1.029960e+04	1.028357e+04	1.028359e+04	
1.030624e+04	1.029783e+04	1.029785e+04	
1.022600e+04	1.021453e+04	1.021455e+04	
1.032049e+04	1.030749e+04	1.030751e+04	
1.030295e+04	1.028756e+04	1.028758e+04	
1.030314e+04	1.028451e+04	1.028453e+04	
1.007464e+04	1.006621e+04	1.006622e+04	
1.022328e+04	1.021157e+04	1.021158e+04	
1.031674e+04	1.029777e+04	1.029779e+04	
1.035522e+04	1.033165e+04	1.033167e+04	
1.012342e+04	1.010213e+04	1.010215e+04	
1.013518e+04	1.012079e+04	1.012081e+04	
1.014572e+04	1.013336e+04	1.013338e+04	
1.031322e+04	1.029979e+04	1.029981e+04	
1.021161e+04	1.019866e+04	1.019868e+04	
1.018617e+04	1.016850e+04	1.016852e+04	
1.025174e+04	1.023946e+04	1.023948e+04	
1.021301e+04	1.020118e+04	1.020120e+04	
1.020930e+04	1.019930e+04	1.019931e+04	
1.029895e+04	1.028294e+04	1.028296e+04	
1.009633e+04	1.008071e+04	1.008073e+04	
1.018890e+04	1.018041e+04	1.018043e+04	
1.022359e+04	1.020648e+04	1.020650e+04	
1.017643e+04	1.016012e+04	1.016014e+04	
1.021887e+04	1.020640e+04	1.020642e+04	
1.025692e+04	1.024147e+04	1.024148e+04	
1.013183e+04	1.011563e+04	1.011564e+04	
1.018383e+04	1.016476e+04	1.016478e+04	
1.024895e+04	1.022698e+04	1.022699e+04	
1.025741e+04	1.024226e+04	1.024228e+04	
1.039364e+04	1.038188e+04	1.038190e+04	
1.025748e+04	1.024181e+04	1.024183e+04	
1.033402e+04	1.032064e+04	1.032066e+04	
1.019170e+04	1.018113e+04	1.018115e+04	
1.014258e+04	1.012600e+04	1.012602e+04	
1.026678e+04	1.025846e+04	1.025848e+04	
1.017949e+04	1.017303e+04	1.017305e+04	
1.020276e+04	1.018898e+04	1.018900e+04	
1.027380e+04	1.026007e+04	1.026009e+04	
1.029792e+04	1.029362e+04	1.029363e+04	
1.027486e+04	1.026388e+04	1.026389e+04	
1.026091e+04	1.024809e+04	1.024811e+04	
1.021484e+04	1.019936e+04	1.019938e+04	
1.029681e+04	1.027731e+04	1.027733e+04	
1.016078e+04	1.014078e+04	1.014080e+04	
1.016954e+04	1.016223e+04	1.016224e+04	
1.014971e+04	1.013925e+04	1.013926e+04	
1.027065e+04	1.025609e+04	1.025611e+04	
1.022413e+04	1.020754e+04	1.020756e+04	
1.016929e+04	1.015711e+04	1.015713e+04	
1.030630e+04	1.028622e+04	1.028624e+04	
1.024019e+04	1.023339e+04	1.023340e+04	
1.032256e+04	1.030692e+04	1.030694e+04	
1.026951e+04	1.025642e+04	1.025644e+04	
1.016069e+04	1.014115e+04	1.014117e+04	
1.031893e+04	1.029828e+04	1.029829e+04	
1.019724e+04	1.016988e+04	1.016990e+04	
1.026950e+04	1.025993e+04	1.025994e+04	
1.005515e+04	1.003876e+04	1.003877e+04	
1.024275e+04	1.022590e+04	1.022591e+04	
1.026020e+04	1.023956e+04	1.023958e+04	
1.033341e+04	1.032295e+04	1.032296e+04	
1.027992e+04	1.027362e+04	1.027364e+04	
1.024687e+04	1.023847e+04	1.023849e+04	
1.034340e+04	1.033054e+04	1.033055e+04	
1.017954e+04	1.016273e+04	1.016274e+04	
1.013913e+04	1.012523e+04	1.012524e+04	
1.021168e+04	1.019913e+04	1.019914e+04	
1.014944e+04	1.013601e+04	1.013602e+04	
1.018650e+04	1.017026e+04	1.017028e+04	
1.037456e+04	1.035778e+04	1.035780e+04	
1.029881e+04	1.028733e+04	1.028734e+04	
1.021031e+04	1.019827e+04	1.019829e+04	
1.012771e+04	1.010936e+04	1.010938e+04	
1.024735e+04	1.023270e+04	1.023272e+04	
1.024777e+04	1.023955e+04	1.023956e+04	
1.015454e+04	1.013209e+04	1.013211e+04	
1.015413e+04	1.014024e+04	1.014026e+04	
1.021647e+04	1.020179e+04	1.020181e+04	
1.038622e+04	1.037455e+04	1.037457e+04	
1.033654e+04	1.032230e+04	1.032232e+04	
1.019228e+04	1.017148e+04	1.017150e+04	
1.020638e+04	1.019636e+04	1.019637e+04	
1.018730e+04	1.016030e+04	1.016031e+04	
1.019500e+04	1.018155e+04	1.018157e+04	
1.026133e+04	1.025199e+04	1.025200e+04	
1.011664e+04	1.009754e+04	1.009756e+04	
1.018362e+04	1.016758e+04	1.016760e+04	
1.004289e+04	1.002605e+04	1.002606e+04	
1.021697e+04	1.020499e+04	1.020500e+04	
1.019369e+04	1.018062e+04	1.018063e+04	
1.010770e+04	1.008955e+04	1.008957e+04	
1.013305e+04	1.011833e+04	1.011834e+04	
1.027825e+04	1.026472e+04	1.026473e+04	
1.020756e+04	1.019853e+04	1.019855e+04	
1.017316e+04	1.015228e+04	1.015229e+04	
1.011653e+04	1.009500e+04	1.009502e+04	
1.026536e+04	1.024778e+04	1.024780e+04	
1.025062e+04	1.022954e+04	1.022956e+04	
1.030987e+04	1.029698e+04	1.029700e+04	
1.037720e+04	1.034533e+04	1.034535e+04	
1.024248e+04	1.023285e+04	1.023287e+04	
1.014688e+04	1.013073e+04	1.013075e+04	
1.030288e+04	1.029550e+04	1.029551e+04	
1.014464e+04	1.013197e+04	1.013198e+04	
1.042089e+04	1.040604e+04	1.040606e+04	
1.025030e+04	1.022891e+04	1.022892e+04	
1.025809e+04	1.024671e+04	1.024673e+04	
1.019703e+04	1.018642e+04	1.018643e+04	
1.020335e+04	1.017941e+04	1.017943e+04	
1.022282e+04	1.021167e+04	1.021168e+04	
1.020927e+04	1.019540e+04	1.019542e+04	
1.025959e+04	1.024725e+04	1.024727e+04	
1.020926e+04	1.019404e+04	1.019405e+04	
1.019895e+04	1.017704e+04	1.017706e+04	
1.024031e+04	1.022094e+04	1.022095e+04	
1.009823e+04	1.008547e+04	1.008549e+04	
1.013246e+04	1.011769e+04	1.011771e+04	
1.017160e+04	1.015505e+04	1.015507e+04	
1.019823e+04	1.018376e+04	1.018378e+04	
1.009865e+04	1.008438e+04	1.008439e+04	
1.024869e+04	1.023368e+04	1.023369e+04	
1.022921e+04	1.021623e+04	1.021625e+04	
1.034722e+04	1.033428e+04	1.033430e+04	
1.024717e+04	1.024068e+04	1.024070e+04	
1.033825e+04	1.030798e+04	1.030800e+04	
1.026899e+04	1.024523e+04	1.024524e+04	
1.024123e+04	1.022202e+04	1.022203e+04	
1.038681e+04	1.036922e+04	1.036924e+04	
1.027846e+04	1.026488e+04	1.026489e+04	
1.024294e+04	1.022658e+04	1.022659e+04	
1.033328e+04	1.032117e+04	1.032118e+04	
1.017922e+04	1.016574e+04	1.016575e+04	
1.020556e+04	1.018400e+04	1.018402e+04	
1.033749e+04	1.031878e+04	1.031880e+04	
1.021357e+04	1.020541e+04	1.020543e+04	
1.027163e+04	1.026402e+04	1.026403e+04	
1.013189e+04	1.012103e+04	1.012105e+04	
1.016275e+04	1.015439e+04	1.015441e+04	
1.024151e+04	1.021932e+04	1.021934e+04	
1.021712e+04	1.020855e+04	1.020856e+04	
1.014489e+04	1.012560e+04	1.012561e+04	
1.020843e+04	1.019426e+04	1.019427e+04	
1.023550e+04	1.022506e+04	1.022507e+04	
1.025882e+04	1.024150e+04	1.024152e+04	
1.022409e+04	1.021558e+04	1.021559e+04	
1.020319e+04	1.018694e+04	1.018695e+04	
1.027994e+04	1.026635e+04	1.026637e+04	
1.008394e+04	1.006923e+04	1.006925e+04	
1.024063e+04	1.022496e+04	1.022498e+04	
1.020726e+04	1.019207e+04	1.019209e+04	
1.010857e+04	1.009548e+04	1.009549e+04	
1.020408e+04	1.018087e+04	1.018089e+04	
1.012188e+04	1.010370e+04	1.010372e+04	
1.006512e+04	1.005013e+04	1.005015e+04	
1.016850e+04	1.015548e+04	1.015549e+04	
1.014026e+04	1.012859e+04	1.012861e+04	
1.020507e+04	1.019322e+04	1.019323e+04	
1.028897e+04	1.027668e+04	1.027670e+04	
1.028916e+04	1.028090e+04	1.028092e+04	
1.033564e+04	1.032204e+04	1.032206e+04	
1.014948e+04	1.013065e+04	1.013066e+04	
1.028526e+04	1.027356e+04	1.027357e+04	
1.035673e+04	1.033781e+04	1.033783e+04	
1.019800e+04	1.018698e+04	1.018700e+04	
1.025773e+04	1.024660e+04	1.024662e+04	
1.022484e+04	1.020627e+04	1.020629e+04	
1.028569e+04	1.027400e+04	1.027401e+04	
1.032684e+04	1.031564e+04	1.031566e+04	
1.029935e+04	1.028631e+04	1.028632e+04	
1.017422e+04	1.015544e+04	1.015546e+04	
1.025604e+04	1.024702e+04	1.024703e+04	
1.024878e+04	1.023382e+04	1.023384e+04	
1.030499e+04	1.029530e+04	1.029532e+04	
1.025469e+04	1.024469e+04	1.024471e+04	
1.021515e+04	1.020726e+04	1.020728e+04	
1.026576e+04	1.025082e+04	1.025084e+04	
1.026655e+04	1.024409e+04	1.024410e+04	
1.017622e+04	1.016485e+04	1.016486e+04	
1.015810e+04	1.013629e+04	1.013631e+04	
1.025141e+04	1.023254e+04	1.023256e+04	
1.021962e+04	1.020452e+04	1.020453e+04	
1.028753e+04	1.027678e+04	1.027679e+04	
1.024167e+04	1.021961e+04	1.021963e+04	
1.014720e+04	1.013337e+04	1.013338e+04	
1.016346e+04	1.015348e+04	1.015350e+04	
1.021071e+04	1.018809e+04	1.018810e+04	
1.039473e+04	1.037819e+04	1.037821e+04	
1.028442e+04	1.026878e+04	1.026880e+04	
1.025961e+04	1.024852e+04	1.024853e+04	
1.044627e+04	1.042723e+04	1.042725e+04	
1.029520e+04	1.027438e+04	1.027440e+04	
1.024393e+04	1.022409e+04	1.022410e+04	
1.014825e+04	1.012838e+04	1.012840e+04	
1.007223e+04	1.006025e+04	1.006027e+04	
1.031956e+04	1.030783e+04	1.030785e+04	
1.025579e+04	1.024216e+04	1.024217e+04	
1.020008e+04	1.018075e+04	1.018077e+04	
1.014871e+04	1.012669e+04	1.012670e+04	
1.023267e+04	1.021913e+04	1.021915e+04	
1.021824e+04	1.020235e+04	1.020237e+04	
1.011596e+04	1.010092e+04	1.010094e+04	
1.019551e+04	1.017919e+04	1.017920e+04	
1.015114e+04	1.013253e+04	1.013254e+04	
1.029251e+04	1.027548e+04	1.027550e+04	
1.031446e+04	1.030005e+04	1.030007e+04	
1.027877e+04	1.026617e+04	1.026619e+04	
1.009829e+04	1.008332e+04	1.008334e+04	
1.018442e+04	1.017231e+04	1.017233e+04	
1.022553e+04	1.020508e+04	1.020509e+04	
1.025477e+04	1.024117e+04	1.024119e+04	
1.019600e+04	1.018486e+04	1.018488e+04	
1.012454e+04	1.010964e+04	1.010965e+04	
1.016693e+04	1.014726e+04	1.014728e+04	
1.017163e+04	1.015829e+04	1.015831e+04	
1.020063e+04	1.018733e+04	1.018734e+04	
1.035784e+04	1.034045e+04	1.034047e+04	
1.015195e+04	1.013695e+04	1.013697e+04	
1.016478e+04	1.015283e+04	1.015285e+04	
1.040352e+04	1.038738e+04	1.038740e+04	
1.029428e+04	1.028187e+04	1.028188e+04	
1.025011e+04	1.024486e+04	1.024488e+04	
1.028142e+04	1.027192e+04	1.027194e+04	
1.034381e+04	1.032869e+04	1.032871e+04	
1.016468e+04	1.015189e+04	1.015190e+04	
1.022321e+04	1.020664e+04	1.020665e+04	
1.024504e+04	1.023145e+04	1.023147e+04	
1.021383e+04	1.019893e+04	1.019895e+04	
1.024923e+04	1.023902e+04	1.023904e+04	
1.019314e+04	1.017116e+04	1.017117e+04	
1.026196e+04	1.024811e+04	1.024812e+04	
1.020089e+04	1.019087e+04	1.019088e+04	
1.014637e+04	1.013143e+04	1.013144e+04	
1.027936e+04	1.026422e+04	1.026423e+04	
1.026306e+04	1.025000e+04	1.025002e+04	
1.024312e+04	1.021982e+04	1.021984e+04	
1.017199e+04	1.015237e+04	1.015238e+04	
1.025902e+04	1.024473e+04	1.024474e+04	
