6.012070e+03	6.004485e+03	6.004324e+03	
6.004298e+03	5.985925e+03	5.985764e+03	
6.032379e+03	6.015235e+03	6.015074e+03	
5.990564e+03	5.977356e+03	5.977196e+03	
6.021333e+03	6.008263e+03	6.008103e+03	
6.021900e+03	6.004866e+03	6.004705e+03	
6.029934e+03	6.012327e+03	6.012166e+03	
6.059581e+03	6.026440e+03	6.026280e+03	
6.065866e+03	6.046521e+03	6.046360e+03	
6.098641e+03	6.079827e+03	6.079667e+03	
6.022953e+03	5.999998e+03	5.999838e+03	
6.029170e+03	6.020291e+03	6.020130e+03	
6.032708e+03	6.017478e+03	6.017318e+03	
6.058255e+03	6.037931e+03	6.037770e+03	
6.061945e+03	6.047143e+03	6.046983e+03	
6.016501e+03	6.004466e+03	6.004305e+03	
6.067657e+03	6.057805e+03	6.057644e+03	
6.011713e+03	5.995966e+03	5.995805e+03	
6.037971e+03	6.027838e+03	6.027677e+03	
6.020255e+03	6.003097e+03	6.002937e+03	
6.037733e+03	6.025128e+03	6.024967e+03	
6.027257e+03	6.012146e+03	6.011985e+03	
5.972889e+03	5.945990e+03	5.945829e+03	
6.039771e+03	6.023171e+03	6.023010e+03	
6.065810e+03	6.051818e+03	6.051658e+03	
6.010561e+03	5.997947e+03	5.997787e+03	
6.063146e+03	6.050398e+03	6.050237e+03	
6.040005e+03	6.027939e+03	6.027778e+03	
6.020075e+03	6.012810e+03	6.012649e+03	
6.010144e+03	5.997207e+03	5.997046e+03	
6.025444e+03	6.009056e+03	6.008896e+03	
6.026846e+03	6.012442e+03	6.012282e+03	
6.048627e+03	6.026284e+03	6.026123e+03	
6.045006e+03	6.031025e+03	6.030864e+03	
6.057985e+03	6.043886e+03	6.043726e+03	
6.008867e+03	5.997842e+03	5.997681e+03	
6.021294e+03	6.006786e+03	6.006626e+03	
6.024830e+03	6.004549e+03	6.004388e+03	
6.030153e+03	6.015706e+03	6.015545e+03	
6.044042e+03	6.032196e+03	6.032036e+03	
6.077387e+03	6.062627e+03	6.062466e+03	
6.008907e+03	5.992627e+03	5.992466e+03	
6.019716e+03	6.003180e+03	6.003019e+03	
6.051065e+03	6.032001e+03	6.031840e+03	
6.013521e+03	6.003022e+03	6.002861e+03	
6.076003e+03	6.063205e+03	6.063044e+03	
6.002729e+03	5.982345e+03	5.982185e+03	
6.041402e+03	6.037002e+03	6.036842e+03	
6.024117e+03	6.010840e+03	6.010680e+03	
6.003850e+03	5.986280e+03	5.986119e+03	
6.040896e+03	6.028250e+03	6.028090e+03	
6.010963e+03	5.997874e+03	5.997713e+03	
6.020207e+03	6.009021e+03	6.008861e+03	
6.010249e+03	5.988891e+03	5.988731e+03	
5.974480e+03	5.950750e+03	5.950589e+03	
5.995731e+03	5.983467e+03	5.983307e+03	
6.026968e+03	6.015031e+03	6.014870e+03	
6.023662e+03	6.016397e+03	6.016236e+03	
6.055933e+03	6.035356e+03	6.035195e+03	
6.053537e+03	6.042638e+03	6.042477e+03	
6.025916e+03	6.021196e+03	6.021035e+03	
6.037655e+03	6.030182e+03	6.030021e+03	
5.998229e+03	5.978064e+03	5.977903e+03	
6.004720e+03	5.990590e+03	5.990430e+03	
5.979869e+03	5.948199e+03	5.948038e+03	
6.028521e+03	6.014999e+03	6.014838e+03	
6.041267e+03	6.022945e+03	6.022785e+03	
6.087769e+03	6.071216e+03	6.071055e+03	
6.045252e+03	6.036825e+03	6.036664e+03	
6.028106e+03	6.013640e+03	6.013479e+03	
6.049061e+03	6.033152e+03	6.032991e+03	
5.967027e+03	5.943986e+03	5.943825e+03	
6.022846e+03	6.003263e+03	6.003102e+03	
6.037796e+03	6.026127e+03	6.025967e+03	
6.022478e+03	6.001235e+03	6.001074e+03	
6.048503e+03	6.032589e+03	6.032428e+03	
6.034504e+03	6.022671e+03	6.022511e+03	
6.052291e+03	6.039446e+03	6.039285e+03	
6.043953e+03	6.029988e+03	6.029828e+03	
6.056543e+03	6.031874e+03	6.031714e+03	
6.060482e+03	6.047816e+03	6.047655e+03	
6.050902e+03	6.040335e+03	6.040174e+03	
6.041550e+03	6.024601e+03	6.024440e+03	
6.062048e+03	6.041074e+03	6.040913e+03	
6.022607e+03	6.003439e+03	6.003278e+03	
6.045298e+03	6.018843e+03	6.018683e+03	
6.053187e+03	6.042300e+03	6.042139e+03	
6.016396e+03	6.001124e+03	6.000963e+03	
6.029089e+03	6.012500e+03	6.012339e+03	
6.033332e+03	6.018121e+03	6.017961e+03	
6.028719e+03	6.014265e+03	6.014104e+03	
6.018867e+03	6.007523e+03	6.007362e+03	
5.996853e+03	5.984193e+03	5.984032e+03	
5.993312e+03	5.976295e+03	5.976134e+03	
6.011437e+03	6.000781e+03	6.000620e+03	
6.036882e+03	6.023680e+03	6.023519e+03	
6.056116e+03	6.044475e+03	6.044315e+03	
6.072736e+03	6.045550e+03	6.045389e+03	
6.024554e+03	6.015423e+03	6.015262e+03	
6.027601e+03	6.005041e+03	6.004881e+03	
6.110462e+03	6.089807e+03	6.089646e+03	
6.039477e+03	6.033613e+03	6.033452e+03	
6.091578e+03	6.068158e+03	6.067998e+03	
6.008987e+03	5.995758e+03	5.995597e+03	
6.091503e+03	6.074070e+03	6.073909e+03	
6.053896e+03	6.038131e+03	6.037970e+03	
6.024362e+03	6.007000e+03	6.006839e+03	
6.002413e+03	5.989737e+03	5.989577e+03	
6.016552e+03	6.002468e+03	6.002307e+03	
6.003772e+03	5.987158e+03	5.986997e+03	
6.017103e+03	5.997873e+03	5.997712e+03	
6.015794e+03	6.000916e+03	6.000755e+03	
6.019664e+03	6.006125e+03	6.005964e+03	
6.054533e+03	6.047647e+03	6.047486e+03	
6.031203e+03	6.013758e+03	6.013597e+03	
6.043946e+03	6.033164e+03	6.033003e+03	
5.994307e+03	5.975649e+03	5.975488e+03	
6.049360e+03	6.016750e+03	6.016590e+03	
6.038932e+03	6.024257e+03	6.024096e+03	
6.006461e+03	5.981257e+03	5.981096e+03	
6.009644e+03	5.991469e+03	5.991309e+03	
6.045812e+03	6.024152e+03	6.023991e+03	
6.030371e+03	6.019198e+03	6.019037e+03	
5.976997e+03	5.960752e+03	5.960592e+03	
6.007584e+03	5.993413e+03	5.993252e+03	
6.013876e+03	5.999558e+03	5.999397e+03	
6.024455e+03	6.014156e+03	6.013995e+03	
6.037932e+03	6.020283e+03	6.020122e+03	
6.054035e+03	6.033954e+03	6.033793e+03	
6.011175e+03	5.995072e+03	5.994911e+03	
6.032925e+03	6.006969e+03	6.006809e+03	
6.024391e+03	6.005754e+03	6.005594e+03	
5.992820e+03	5.962216e+03	5.962055e+03	
6.001259e+03	5.990922e+03	5.990761e+03	
5.991736e+03	5.969069e+03	5.968909e+03	
5.995699e+03	5.985042e+03	5.984882e+03	
5.987838e+03	5.969929e+03	5.969768e+03	
5.975691e+03	5.954170e+03	5.954009e+03	
6.015410e+03	5.996899e+03	5.996739e+03	
5.996454e+03	5.981151e+03	5.980991e+03	
6.069282e+03	6.047998e+03	6.047837e+03	
6.039280e+03	6.027812e+03	6.027651e+03	
6.021192e+03	6.007951e+03	6.007790e+03	
6.040466e+03	6.026569e+03	6.026409e+03	
6.026030e+03	6.014567e+03	6.014407e+03	
6.017917e+03	6.004206e+03	6.004045e+03	
6.026666e+03	6.015528e+03	6.015367e+03	
6.058627e+03	6.047001e+03	6.046840e+03	
6.028044e+03	6.013831e+03	6.013670e+03	
6.004982e+03	5.981070e+03	5.980909e+03	
6.026519e+03	6.010730e+03	6.010570e+03	
6.020436e+03	6.002964e+03	6.002803e+03	
6.034611e+03	6.019868e+03	6.019707e+03	
6.018538e+03	6.000481e+03	6.000320e+03	
5.991873e+03	5.977965e+03	5.977804e+03	
6.012899e+03	5.997121e+03	5.996960e+03	
6.009826e+03	5.993938e+03	5.993777e+03	
6.060411e+03	6.044594e+03	6.044433e+03	
5.990951e+03	5.968887e+03	5.968726e+03	
6.076309e+03	6.059799e+03	6.059638e+03	
6.043968e+03	6.025263e+03	6.025102e+03	
6.035938e+03	6.027517e+03	6.027356e+03	
6.008730e+03	5.995849e+03	5.995688e+03	
6.004351e+03	5.990477e+03	5.990316e+03	
6.036995e+03	6.020252e+03	6.020091e+03	
6.087232e+03	6.069036e+03	6.068876e+03	
6.014901e+03	5.996513e+03	5.996353e+03	
6.008937e+03	5.998528e+03	5.998367e+03	
6.023284e+03	6.011894e+03	6.011733e+03	
6.041383e+03	6.029048e+03	6.028888e+03	
6.036659e+03	6.025370e+03	6.025209e+03	
6.004305e+03	5.992362e+03	5.992202e+03	
6.061482e+03	6.050762e+03	6.050601e+03	
6.049271e+03	6.030918e+03	6.030757e+03	
6.035643e+03	6.018635e+03	6.018474e+03	
6.015582e+03	6.001789e+03	6.001628e+03	
6.044419e+03	6.029549e+03	6.029388e+03	
6.021443e+03	6.001495e+03	6.001334e+03	
6.050215e+03	6.042015e+03	6.041855e+03	
6.025856e+03	6.008649e+03	6.008489e+03	
6.020165e+03	5.998258e+03	5.998097e+03	
6.035792e+03	6.024290e+03	6.024130e+03	
6.006264e+03	5.984727e+03	5.984567e+03	
6.011905e+03	6.000171e+03	6.000010e+03	
6.038883e+03	6.019351e+03	6.019190e+03	
6.043803e+03	6.036996e+03	6.036835e+03	
6.045576e+03	6.033608e+03	6.033448e+03	
6.059808e+03	6.030178e+03	6.030017e+03	
6.016669e+03	6.007259e+03	6.007098e+03	
6.018256e+03	6.000914e+03	6.000754e+03	
6.033591e+03	6.016683e+03	6.016522e+03	
6.012321e+03	5.995532e+03	5.995372e+03	
6.035266e+03	6.026679e+03	6.026518e+03	
6.014907e+03	6.006746e+03	6.006585e+03	
6.051629e+03	6.036227e+03	6.036066e+03	
6.023567e+03	6.003321e+03	6.003160e+03	
6.009201e+03	5.992688e+03	5.992528e+03	
5.981941e+03	5.957706e+03	5.957545e+03	
6.019743e+03	6.006821e+03	6.006661e+03	
6.073875e+03	6.049573e+03	6.049413e+03	
6.017044e+03	6.001671e+03	6.001510e+03	
5.999573e+03	5.984156e+03	5.983995e+03	
6.031205e+03	6.021213e+03	6.021052e+03	
5.981465e+03	5.949762e+03	5.949601e+03	
6.026106e+03	6.006117e+03	6.005956e+03	
6.033099e+03	6.013558e+03	6.013397e+03	
6.023086e+03	6.011291e+03	6.011131e+03	
6.054094e+03	6.046527e+03	6.046366e+03	
6.063330e+03	6.041913e+03	6.041752e+03	
6.055828e+03	6.037504e+03	6.037344e+03	
5.995382e+03	5.981856e+03	5.981696e+03	
6.007665e+03	5.988893e+03	5.988733e+03	
6.005865e+03	5.992758e+03	5.992597e+03	
6.037200e+03	6.024284e+03	6.024124e+03	
6.034062e+03	6.013912e+03	6.013752e+03	
6.020650e+03	6.014333e+03	6.014173e+03	
5.966344e+03	5.940419e+03	5.940258e+03	
6.034586e+03	6.023579e+03	6.023418e+03	
5.982515e+03	5.958750e+03	5.958589e+03	
6.011366e+03	5.978706e+03	5.978545e+03	
6.030410e+03	6.017422e+03	6.017262e+03	
6.038797e+03	6.020960e+03	6.020799e+03	
6.051451e+03	6.033183e+03	6.033022e+03	
5.959925e+03	5.932470e+03	5.932310e+03	
6.019244e+03	6.005984e+03	6.005823e+03	
6.045235e+03	6.033314e+03	6.033154e+03	
6.060477e+03	6.043844e+03	6.043683e+03	
6.041208e+03	6.029715e+03	6.029554e+03	
6.038446e+03	6.026275e+03	6.026115e+03	
6.030294e+03	6.018321e+03	6.018160e+03	
5.994211e+03	5.978578e+03	5.978417e+03	
6.028283e+03	6.010048e+03	6.009887e+03	
6.039440e+03	6.028368e+03	6.028207e+03	
6.022154e+03	6.007610e+03	6.007449e+03	
6.022098e+03	6.011225e+03	6.011064e+03	
6.013680e+03	5.993749e+03	5.993588e+03	
6.032066e+03	6.013319e+03	6.013158e+03	
6.076448e+03	6.055377e+03	6.055216e+03	
6.061989e+03	6.042122e+03	6.041962e+03	
6.013665e+03	5.998565e+03	5.998404e+03	
6.035479e+03	6.021175e+03	6.021014e+03	
6.052514e+03	6.038210e+03	6.038050e+03	
6.043254e+03	6.034218e+03	6.034057e+03	
6.057220e+03	6.039916e+03	6.039755e+03	
6.048613e+03	6.026961e+03	6.026800e+03	
5.991885e+03	5.979263e+03	5.979103e+03	
5.980914e+03	5.959325e+03	5.959164e+03	
6.063444e+03	6.052590e+03	6.052430e+03	
6.024055e+03	6.013092e+03	6.012931e+03	
6.007683e+03	5.969285e+03	5.969124e+03	
6.012724e+03	6.007805e+03	6.007644e+03	
6.044610e+03	6.026853e+03	6.026692e+03	
6.027225e+03	6.010343e+03	6.010182e+03	
6.044353e+03	6.026480e+03	6.026320e+03	
6.038666e+03	6.014096e+03	6.013935e+03	
5.996428e+03	5.975848e+03	5.975687e+03	
6.026154e+03	6.010824e+03	6.010663e+03	
6.055419e+03	6.046553e+03	6.046393e+03	
6.008049e+03	5.981320e+03	5.981160e+03	
6.061218e+03	6.053873e+03	6.053712e+03	
6.027435e+03	6.006809e+03	6.006649e+03	
6.031716e+03	6.013062e+03	6.012902e+03	
6.038781e+03	6.032489e+03	6.032328e+03	
6.042224e+03	6.024740e+03	6.024580e+03	
6.043743e+03	6.030108e+03	6.029947e+03	
6.007296e+03	5.992628e+03	5.992468e+03	
6.080634e+03	6.066690e+03	6.066529e+03	
6.002517e+03	5.990385e+03	5.990224e+03	
6.035658e+03	6.024391e+03	6.024231e+03	
6.034570e+03	6.021666e+03	6.021505e+03	
6.009305e+03	5.988644e+03	5.988483e+03	
5.992709e+03	5.968499e+03	5.968338e+03	
6.018456e+03	6.001173e+03	6.001012e+03	
6.040066e+03	6.025538e+03	6.025377e+03	
6.038544e+03	6.024934e+03	6.024773e+03	
6.032337e+03	6.021407e+03	6.021246e+03	
6.048729e+03	6.038285e+03	6.038125e+03	
5.978128e+03	5.954715e+03	5.954555e+03	
6.032899e+03	6.014706e+03	6.014545e+03	
6.050359e+03	6.040464e+03	6.040303e+03	
6.014879e+03	5.997133e+03	5.996973e+03	
6.015247e+03	5.999190e+03	5.999029e+03	
6.009109e+03	5.986605e+03	5.986444e+03	
6.074235e+03	6.059948e+03	6.059788e+03	
6.001955e+03	5.986830e+03	5.986670e+03	
6.043350e+03	6.022441e+03	6.022281e+03	
6.035788e+03	6.020769e+03	6.020608e+03	
6.073978e+03	6.057781e+03	6.057620e+03	
6.034444e+03	6.022641e+03	6.022481e+03	
6.039921e+03	6.022348e+03	6.022187e+03	
6.013811e+03	6.007161e+03	6.007001e+03	
6.014705e+03	5.996801e+03	5.996640e+03	
6.011428e+03	6.002066e+03	6.001905e+03	
6.034910e+03	6.017550e+03	6.017389e+03	
5.987589e+03	5.960459e+03	5.960298e+03	
6.039875e+03	6.031602e+03	6.031441e+03	
6.020751e+03	6.007438e+03	6.007278e+03	
6.028867e+03	6.017812e+03	6.017651e+03	
6.031186e+03	6.020238e+03	6.020078e+03	
6.034509e+03	6.017228e+03	6.017068e+03	
6.037378e+03	6.026555e+03	6.026394e+03	
5.992272e+03	5.972505e+03	5.972344e+03	
6.026838e+03	6.009904e+03	6.009743e+03	
6.002445e+03	5.991834e+03	5.991673e+03	
6.015688e+03	5.995470e+03	5.995309e+03	
6.070953e+03	6.053169e+03	6.053009e+03	
5.989119e+03	5.966944e+03	5.966783e+03	
5.991569e+03	5.968134e+03	5.967973e+03	
6.010427e+03	5.985455e+03	5.985295e+03	
6.048283e+03	6.040490e+03	6.040329e+03	
6.015115e+03	5.995670e+03	5.995510e+03	
6.027876e+03	6.019813e+03	6.019652e+03	
6.012835e+03	5.994538e+03	5.994378e+03	
6.044720e+03	6.026568e+03	6.026407e+03	
6.062373e+03	6.046199e+03	6.046038e+03	
6.033311e+03	6.023344e+03	6.023184e+03	
6.005737e+03	5.984125e+03	5.983964e+03	
6.100104e+03	6.086536e+03	6.086375e+03	
6.051538e+03	6.034979e+03	6.034818e+03	
6.037529e+03	6.025539e+03	6.025378e+03	
6.026122e+03	6.016133e+03	6.015972e+03	
6.072424e+03	6.063652e+03	6.063491e+03	
6.039718e+03	6.027476e+03	6.027315e+03	
6.029025e+03	6.016918e+03	6.016757e+03	
6.063141e+03	6.042791e+03	6.042630e+03	
6.049776e+03	6.028530e+03	6.028370e+03	
6.048893e+03	6.040081e+03	6.039920e+03	
6.016032e+03	5.987721e+03	5.987561e+03	
6.057289e+03	6.044750e+03	6.044589e+03	
6.016085e+03	6.004594e+03	6.004434e+03	
6.052757e+03	6.037288e+03	6.037128e+03	
6.025478e+03	6.015742e+03	6.015582e+03	
6.036843e+03	6.025767e+03	6.025607e+03	
6.023657e+03	6.011949e+03	6.011788e+03	
6.019471e+03	6.006456e+03	6.006295e+03	
6.037512e+03	6.020217e+03	6.020056e+03	
6.000021e+03	5.985325e+03	5.985164e+03	
6.018265e+03	5.999169e+03	5.999009e+03	
5.987572e+03	5.964683e+03	5.964523e+03	
6.018856e+03	5.987248e+03	5.987088e+03	
6.022377e+03	6.007759e+03	6.007598e+03	
6.065882e+03	6.046438e+03	6.046277e+03	
6.040881e+03	6.030268e+03	6.030107e+03	
6.010299e+03	5.993954e+03	5.993793e+03	
5.999864e+03	5.988011e+03	5.987850e+03	
6.007672e+03	5.990301e+03	5.990141e+03	
6.005441e+03	5.991511e+03	5.991351e+03	
6.053688e+03	6.046214e+03	6.046054e+03	
6.046065e+03	6.033731e+03	6.033571e+03	
6.022036e+03	6.010562e+03	6.010401e+03	
6.026869e+03	6.016493e+03	6.016332e+03	
5.993832e+03	5.973055e+03	5.972894e+03	
6.002090e+03	5.993448e+03	5.993287e+03	
6.008842e+03	5.991758e+03	5.991597e+03	
6.064129e+03	6.053815e+03	6.053654e+03	
6.048280e+03	6.019761e+03	6.019600e+03	
6.048822e+03	6.029220e+03	6.029059e+03	
5.996762e+03	5.977553e+03	5.977392e+03	
6.025935e+03	6.010009e+03	6.009849e+03	
6.034945e+03	6.024970e+03	6.024809e+03	
6.046250e+03	6.028757e+03	6.028596e+03	
6.024594e+03	6.012947e+03	6.012786e+03	
6.003049e+03	5.986658e+03	5.986497e+03	
5.992192e+03	5.978933e+03	5.978772e+03	
6.026468e+03	6.015564e+03	6.015403e+03	
5.996223e+03	5.984561e+03	5.984401e+03	
6.035375e+03	6.021974e+03	6.021814e+03	
6.045273e+03	6.029518e+03	6.029357e+03	
6.039154e+03	6.022885e+03	6.022724e+03	
6.021772e+03	6.012373e+03	6.012212e+03	
6.009190e+03	5.993169e+03	5.993008e+03	
6.017304e+03	6.002265e+03	6.002104e+03	
6.004573e+03	5.991783e+03	5.991622e+03	
6.026340e+03	6.008505e+03	6.008344e+03	
6.079840e+03	6.067257e+03	6.067097e+03	
6.063758e+03	6.046058e+03	6.045897e+03	
6.020723e+03	6.010614e+03	6.010453e+03	
6.040523e+03	6.029016e+03	6.028855e+03	
6.024288e+03	6.012604e+03	6.012443e+03	
6.038294e+03	6.029200e+03	6.029040e+03	
6.030869e+03	6.019803e+03	6.019642e+03	
6.061519e+03	6.045626e+03	6.045466e+03	
6.049411e+03	6.034455e+03	6.034294e+03	
6.048020e+03	6.033519e+03	6.033358e+03	
6.060309e+03	6.050616e+03	6.050456e+03	
6.043534e+03	6.029205e+03	6.029045e+03	
6.004758e+03	5.994746e+03	5.994585e+03	
6.038040e+03	6.024990e+03	6.024829e+03	
6.050504e+03	6.032600e+03	6.032439e+03	
6.025971e+03	6.009100e+03	6.008940e+03	
6.056890e+03	6.050181e+03	6.050020e+03	
6.012178e+03	6.001920e+03	6.001759e+03	
6.033739e+03	6.017427e+03	6.017266e+03	
6.021366e+03	6.003337e+03	6.003176e+03	
6.012378e+03	5.999748e+03	5.999587e+03	
6.002957e+03	5.982947e+03	5.982786e+03	
6.072377e+03	6.057543e+03	6.057383e+03	
6.022300e+03	6.011641e+03	6.011480e+03	
6.058677e+03	6.051035e+03	6.050874e+03	
5.984974e+03	5.966592e+03	5.966432e+03	
6.027326e+03	6.015412e+03	6.015251e+03	
6.002625e+03	5.990778e+03	5.990618e+03	
6.033587e+03	6.020701e+03	6.020541e+03	
6.019854e+03	6.003362e+03	6.003201e+03	
6.028032e+03	6.015026e+03	6.014866e+03	
6.054141e+03	6.039980e+03	6.039819e+03	
6.026369e+03	6.005895e+03	6.005734e+03	
6.016638e+03	5.999744e+03	5.999584e+03	
6.084163e+03	6.066161e+03	6.066001e+03	
5.993212e+03	5.981790e+03	5.981629e+03	
6.079090e+03	6.059888e+03	6.059727e+03	
5.996925e+03	5.981700e+03	5.981540e+03	
6.010856e+03	5.998023e+03	5.997862e+03	
6.070616e+03	6.049681e+03	6.049520e+03	
6.009249e+03	5.991020e+03	5.990859e+03	
6.095738e+03	6.069442e+03	6.069281e+03	
6.049677e+03	6.034948e+03	6.034787e+03	
6.027940e+03	6.012361e+03	6.012200e+03	
6.048046e+03	6.029451e+03	6.029291e+03	
6.025531e+03	6.011161e+03	6.011000e+03	
6.070221e+03	6.052946e+03	6.052785e+03	
6.042193e+03	6.025786e+03	6.025626e+03	
6.060281e+03	6.045668e+03	6.045508e+03	
5.996334e+03	5.981052e+03	5.980891e+03	
6.053043e+03	6.044652e+03	6.044491e+03	
5.982227e+03	5.966643e+03	5.966483e+03	
6.010149e+03	5.998561e+03	5.998400e+03	
6.006461e+03	5.990790e+03	5.990629e+03	
6.054567e+03	6.031057e+03	6.030896e+03	
6.055423e+03	6.040867e+03	6.040706e+03	
6.008002e+03	5.993185e+03	5.993024e+03	
6.055278e+03	6.042610e+03	6.042450e+03	
6.055308e+03	6.043312e+03	6.043152e+03	
6.049357e+03	6.031076e+03	6.030916e+03	
6.008148e+03	5.991501e+03	5.991340e+03	
6.043952e+03	6.030744e+03	6.030583e+03	
6.036830e+03	6.028424e+03	6.028263e+03	
6.026490e+03	6.008510e+03	6.008349e+03	
6.080257e+03	6.061671e+03	6.061511e+03	
6.030227e+03	6.012235e+03	6.012074e+03	
5.993211e+03	5.981176e+03	5.981015e+03	
6.042270e+03	6.031148e+03	6.030987e+03	
6.041433e+03	6.023545e+03	6.023384e+03	
6.047654e+03	6.033083e+03	6.032922e+03	
6.032654e+03	6.022524e+03	6.022363e+03	
5.999284e+03	5.988810e+03	5.988649e+03	
6.041388e+03	6.029751e+03	6.029590e+03	
6.040931e+03	6.030774e+03	6.030613e+03	
6.008722e+03	5.987524e+03	5.987363e+03	
6.033865e+03	6.022213e+03	6.022052e+03	
6.052674e+03	6.034502e+03	6.034341e+03	
6.018418e+03	6.000426e+03	6.000265e+03	
6.047859e+03	6.031078e+03	6.030917e+03	
6.055641e+03	6.043843e+03	6.043682e+03	
6.035832e+03	6.015929e+03	6.015768e+03	
5.987129e+03	5.971992e+03	5.971831e+03	
6.010729e+03	5.998171e+03	5.998011e+03	
6.011171e+03	6.000543e+03	6.000382e+03	
6.021635e+03	6.004457e+03	6.004296e+03	
6.043165e+03	6.026098e+03	6.025937e+03	
6.043817e+03	6.025699e+03	6.025539e+03	
6.069397e+03	6.049653e+03	6.049492e+03	
6.046470e+03	6.033197e+03	6.033036e+03	
5.980738e+03	5.968051e+03	5.967890e+03	
6.047558e+03	6.037245e+03	6.037084e+03	
6.016993e+03	6.000919e+03	6.000759e+03	
6.043427e+03	6.026780e+03	6.026619e+03	
6.029896e+03	6.015318e+03	6.015157e+03	
6.006427e+03	5.986791e+03	5.986630e+03	
6.019024e+03	5.995613e+03	5.995453e+03	
6.008661e+03	5.995004e+03	5.994844e+03	
5.998737e+03	5.984141e+03	5.983980e+03	
6.032162e+03	6.011396e+03	6.011235e+03	
6.011046e+03	5.997055e+03	5.996894e+03	
6.011675e+03	5.999633e+03	5.999472e+03	
6.016082e+03	5.996191e+03	5.996030e+03	
6.080988e+03	6.066908e+03	6.066747e+03	
6.041581e+03	6.029959e+03	6.029798e+03	
6.054296e+03	6.035580e+03	6.035420e+03	
6.038901e+03	6.021643e+03	6.021482e+03	
6.057007e+03	6.037011e+03	6.036850e+03	
6.036272e+03	6.018171e+03	6.018010e+03	
5.988670e+03	5.968443e+03	5.968282e+03	
6.068317e+03	6.051612e+03	6.051451e+03	
6.003796e+03	5.987428e+03	5.987268e+03	
6.064718e+03	6.045618e+03	6.045457e+03	
6.038127e+03	6.022794e+03	6.022633e+03	
6.039566e+03	6.025337e+03	6.025177e+03	
5.994418e+03	5.973198e+03	5.973037e+03	
6.038258e+03	6.025580e+03	6.025419e+03	
6.016703e+03	5.994045e+03	5.993884e+03	
5.988711e+03	5.976632e+03	5.976471e+03	
6.007078e+03	5.987883e+03	5.987722e+03	
6.015070e+03	6.001081e+03	6.000921e+03	
6.072885e+03	6.063025e+03	6.062865e+03	
6.005108e+03	5.992276e+03	5.992116e+03	
6.036600e+03	6.025767e+03	6.025607e+03	
6.031381e+03	6.013643e+03	6.013482e+03	
6.030808e+03	6.015727e+03	6.015566e+03	
6.051867e+03	6.039129e+03	6.038968e+03	
6.023136e+03	6.014635e+03	6.014474e+03	
6.018843e+03	6.011364e+03	6.011203e+03	
5.994259e+03	5.986134e+03	5.985974e+03	
6.008786e+03	5.985986e+03	5.985825e+03	
6.012226e+03	5.998115e+03	5.997954e+03	
6.008215e+03	5.991182e+03	5.991021e+03	
6.004372e+03	5.991044e+03	5.990883e+03	
6.006194e+03	5.994700e+03	5.994539e+03	
6.026912e+03	6.011245e+03	6.011085e+03	
6.000103e+03	5.986158e+03	5.985997e+03	
6.031585e+03	6.019735e+03	6.019575e+03	
6.017527e+03	5.995910e+03	5.995749e+03	
6.050918e+03	6.026286e+03	6.026125e+03	
6.006513e+03	5.995967e+03	5.995807e+03	
6.077517e+03	6.063368e+03	6.063208e+03	
6.072428e+03	6.057749e+03	6.057588e+03	
6.020064e+03	6.003403e+03	6.003243e+03	
6.015420e+03	5.998320e+03	5.998159e+03	
6.019905e+03	6.002539e+03	6.002379e+03	
6.032290e+03	6.014812e+03	6.014651e+03	
6.045516e+03	6.035470e+03	6.035309e+03	
6.032625e+03	6.016805e+03	6.016644e+03	
6.007743e+03	5.988482e+03	5.988321e+03	
6.023225e+03	6.000487e+03	6.000327e+03	
6.037615e+03	6.024799e+03	6.024638e+03	
6.029558e+03	6.016444e+03	6.016284e+03	
6.049154e+03	6.040938e+03	6.040778e+03	
6.011244e+03	5.997975e+03	5.997814e+03	
6.082322e+03	6.066998e+03	6.066838e+03	
6.023856e+03	6.009599e+03	6.009439e+03	
6.037734e+03	6.003802e+03	6.003641e+03	
6.021475e+03	5.989220e+03	5.989059e+03	
6.032274e+03	6.024138e+03	6.023977e+03	
6.008387e+03	5.995232e+03	5.995072e+03	
6.001276e+03	5.977459e+03	5.977298e+03	
6.020274e+03	6.006259e+03	6.006098e+03	
6.075602e+03	6.066073e+03	6.065913e+03	
5.988654e+03	5.961100e+03	5.960939e+03	
5.995299e+03	5.980311e+03	5.980150e+03	
6.015015e+03	5.995308e+03	5.995148e+03	
5.998707e+03	5.980696e+03	5.980536e+03	
6.062844e+03	6.049540e+03	6.049379e+03	
6.035828e+03	6.028289e+03	6.028129e+03	
6.025679e+03	6.014904e+03	6.014743e+03	
6.087733e+03	6.069018e+03	6.068857e+03	
6.071487e+03	6.057024e+03	6.056864e+03	
6.012691e+03	6.001354e+03	6.001193e+03	
6.054557e+03	6.041279e+03	6.041118e+03	
6.012717e+03	6.001745e+03	6.001585e+03	
6.022004e+03	6.010668e+03	6.010507e+03	
6.017811e+03	6.003874e+03	6.003713e+03	
6.081286e+03	6.068555e+03	6.068394e+03	
6.009864e+03	5.996312e+03	5.996151e+03	
6.057832e+03	6.037111e+03	6.036950e+03	
5.992313e+03	5.977701e+03	5.977540e+03	
6.026712e+03	6.005709e+03	6.005549e+03	
6.069292e+03	6.050021e+03	6.049860e+03	
6.016842e+03	5.994946e+03	5.994785e+03	
5.998008e+03	5.982522e+03	5.982361e+03	
6.013561e+03	5.990187e+03	5.990027e+03	
6.009193e+03	5.995251e+03	5.995090e+03	
6.032647e+03	6.023818e+03	6.023657e+03	
6.070899e+03	6.054110e+03	6.053949e+03	
6.054494e+03	6.027738e+03	6.027578e+03	
6.032731e+03	6.014036e+03	6.013875e+03	
6.060596e+03	6.046749e+03	6.046588e+03	
6.026746e+03	6.014366e+03	6.014205e+03	
6.018043e+03	5.995246e+03	5.995085e+03	
6.042209e+03	6.026678e+03	6.026517e+03	
6.032728e+03	6.017569e+03	6.017409e+03	
6.026777e+03	6.007095e+03	6.006934e+03	
6.035838e+03	6.012550e+03	6.012390e+03	
6.054508e+03	6.039040e+03	6.038879e+03	
6.019808e+03	6.013272e+03	6.013112e+03	
6.048106e+03	6.033329e+03	6.033168e+03	
6.046526e+03	6.026996e+03	6.026835e+03	
6.034680e+03	6.018830e+03	6.018669e+03	
6.051586e+03	6.039648e+03	6.039487e+03	
6.020894e+03	6.010445e+03	6.010284e+03	
5.996926e+03	5.981095e+03	5.980934e+03	
6.024617e+03	6.018114e+03	6.017953e+03	
6.061673e+03	6.044980e+03	6.044819e+03	
6.048185e+03	6.035690e+03	6.035529e+03	
6.019272e+03	6.005374e+03	6.005214e+03	
6.010297e+03	5.990339e+03	5.990178e+03	
6.042584e+03	6.029955e+03	6.029794e+03	
6.030694e+03	6.020851e+03	6.020690e+03	
6.037024e+03	6.024779e+03	6.024618e+03	
5.999135e+03	5.984312e+03	5.984151e+03	
6.018105e+03	6.003465e+03	6.003304e+03	
6.031114e+03	6.015268e+03	6.015108e+03	
6.022569e+03	6.005141e+03	6.004980e+03	
6.047393e+03	6.030821e+03	6.030661e+03	
6.029156e+03	6.005008e+03	6.004847e+03	
6.029953e+03	6.006010e+03	6.005849e+03	
6.070707e+03	6.057755e+03	6.057594e+03	
6.007064e+03	5.985753e+03	5.985592e+03	
6.044210e+03	6.035951e+03	6.035791e+03	
6.021958e+03	6.004932e+03	6.004772e+03	
6.033655e+03	6.023541e+03	6.023380e+03	
5.998035e+03	5.976312e+03	5.976151e+03	
6.067096e+03	6.047215e+03	6.047054e+03	
5.989020e+03	5.974651e+03	5.974491e+03	
5.996935e+03	5.973434e+03	5.973273e+03	
6.002768e+03	5.991198e+03	5.991038e+03	
6.057871e+03	6.051690e+03	6.051529e+03	
6.000864e+03	5.985816e+03	5.985655e+03	
6.034402e+03	6.014846e+03	6.014685e+03	
6.022339e+03	6.013378e+03	6.013217e+03	
6.001379e+03	5.988932e+03	5.988772e+03	
5.986613e+03	5.969000e+03	5.968840e+03	
6.067871e+03	6.049648e+03	6.049487e+03	
6.038885e+03	6.016686e+03	6.016525e+03	
6.016515e+03	6.003160e+03	6.003000e+03	
6.059624e+03	6.044216e+03	6.044055e+03	
6.040280e+03	6.030159e+03	6.029998e+03	
6.060028e+03	6.043937e+03	6.043776e+03	
6.067722e+03	6.051862e+03	6.051701e+03	
6.037381e+03	6.028022e+03	6.027862e+03	
6.059502e+03	6.042200e+03	6.042039e+03	
6.044001e+03	6.031000e+03	6.030840e+03	
6.038334e+03	6.029831e+03	6.029670e+03	
6.026299e+03	6.007243e+03	6.007082e+03	
6.036228e+03	6.027979e+03	6.027819e+03	
6.039202e+03	6.026095e+03	6.025935e+03	
6.018249e+03	6.011760e+03	6.011599e+03	
6.044952e+03	6.030932e+03	6.030771e+03	
6.038313e+03	6.022458e+03	6.022297e+03	
6.008098e+03	5.990354e+03	5.990193e+03	
6.007075e+03	5.980799e+03	5.980638e+03	
6.016882e+03	6.002571e+03	6.002410e+03	
6.032548e+03	6.018376e+03	6.018215e+03	
6.054937e+03	6.045765e+03	6.045604e+03	
6.013315e+03	5.999824e+03	5.999664e+03	
6.041047e+03	6.023397e+03	6.023236e+03	
6.039973e+03	6.028625e+03	6.028465e+03	
6.041672e+03	6.020683e+03	6.020522e+03	
6.034011e+03	6.012676e+03	6.012516e+03	
6.019955e+03	6.010976e+03	6.010815e+03	
6.026400e+03	6.018990e+03	6.018830e+03	
6.003085e+03	5.984647e+03	5.984487e+03	
6.064649e+03	6.052977e+03	6.052816e+03	
6.020998e+03	5.995510e+03	5.995349e+03	
6.010145e+03	6.000263e+03	6.000102e+03	
6.040491e+03	6.020945e+03	6.020785e+03	
6.022390e+03	6.007291e+03	6.007130e+03	
5.999665e+03	5.986257e+03	5.986097e+03	
6.015015e+03	6.005195e+03	6.005034e+03	
6.018075e+03	6.004554e+03	6.004394e+03	
6.045782e+03	6.022811e+03	6.022650e+03	
6.042177e+03	6.024424e+03	6.024263e+03	
6.057886e+03	6.041789e+03	6.041628e+03	
6.003225e+03	5.988908e+03	5.988747e+03	
6.038942e+03	6.018602e+03	6.018441e+03	
6.037559e+03	6.029734e+03	6.029574e+03	
6.010696e+03	5.995725e+03	5.995564e+03	
6.088210e+03	6.069350e+03	6.069189e+03	
6.055438e+03	6.042765e+03	6.042604e+03	
6.010730e+03	5.999013e+03	5.998853e+03	
6.045682e+03	6.033421e+03	6.033260e+03	
6.012425e+03	5.995410e+03	5.995250e+03	
6.025069e+03	6.012960e+03	6.012799e+03	
6.041629e+03	6.026560e+03	6.026399e+03	
6.052354e+03	6.036398e+03	6.036237e+03	
6.069060e+03	6.047160e+03	6.047000e+03	
6.031996e+03	6.018115e+03	6.017954e+03	
6.017662e+03	6.003361e+03	6.003200e+03	
6.055587e+03	6.037858e+03	6.037697e+03	
5.993713e+03	5.974378e+03	5.974218e+03	
6.002047e+03	5.985921e+03	5.985760e+03	
6.062336e+03	6.049965e+03	6.049804e+03	
6.054964e+03	6.038202e+03	6.038041e+03	
6.033949e+03	6.012664e+03	6.012504e+03	
6.073085e+03	6.061938e+03	6.061778e+03	
6.070358e+03	6.050536e+03	6.050375e+03	
6.012851e+03	5.997208e+03	5.997047e+03	
6.020563e+03	6.009144e+03	6.008983e+03	
6.014516e+03	6.004730e+03	6.004569e+03	
6.054146e+03	6.042833e+03	6.042673e+03	
6.015848e+03	6.003400e+03	6.003239e+03	
6.037847e+03	6.023820e+03	6.023659e+03	
6.034603e+03	6.016845e+03	6.016685e+03	
6.011008e+03	5.992853e+03	5.992692e+03	
5.990871e+03	5.974185e+03	5.974024e+03	
6.046874e+03	6.034322e+03	6.034161e+03	
6.048796e+03	6.023280e+03	6.023120e+03	
6.083369e+03	6.068507e+03	6.068347e+03	
6.039492e+03	6.026264e+03	6.026104e+03	
6.049055e+03	6.034413e+03	6.034253e+03	
6.019200e+03	6.002989e+03	6.002828e+03	
6.019242e+03	6.005390e+03	6.005229e+03	
6.032091e+03	6.017198e+03	6.017038e+03	
6.061078e+03	6.048431e+03	6.048270e+03	
6.003716e+03	5.983463e+03	5.983303e+03	
6.023062e+03	6.002483e+03	6.002322e+03	
6.024290e+03	6.004071e+03	6.003910e+03	
6.051657e+03	6.031844e+03	6.031683e+03	
6.008897e+03	6.001197e+03	6.001036e+03	
6.005496e+03	5.994970e+03	5.994810e+03	
6.047204e+03	6.035756e+03	6.035595e+03	
5.999745e+03	5.991337e+03	5.991176e+03	
6.068274e+03	6.061954e+03	6.061793e+03	
6.019746e+03	6.008488e+03	6.008327e+03	
6.024632e+03	6.010289e+03	6.010129e+03	
6.021163e+03	6.008906e+03	6.008745e+03	
6.001107e+03	5.987099e+03	5.986938e+03	
5.985913e+03	5.968264e+03	5.968103e+03	
6.044470e+03	6.024781e+03	6.024620e+03	
6.039751e+03	6.029798e+03	6.029637e+03	
5.983428e+03	5.953872e+03	5.953712e+03	
6.059459e+03	6.040713e+03	6.040552e+03	
6.018938e+03	5.998608e+03	5.998447e+03	
6.060591e+03	6.054314e+03	6.054154e+03	
6.065094e+03	6.050118e+03	6.049958e+03	
6.026152e+03	6.018152e+03	6.017992e+03	
6.056531e+03	6.033660e+03	6.033499e+03	
6.042724e+03	6.018772e+03	6.018611e+03	
6.040386e+03	6.026828e+03	6.026668e+03	
6.032454e+03	6.016383e+03	6.016222e+03	
6.072660e+03	6.054952e+03	6.054791e+03	
6.042927e+03	6.035146e+03	6.034985e+03	
6.026482e+03	6.020194e+03	6.020033e+03	
6.004384e+03	5.984199e+03	5.984038e+03	
6.056880e+03	6.040555e+03	6.040394e+03	
6.034112e+03	6.015878e+03	6.015717e+03	
5.999454e+03	5.981353e+03	5.981192e+03	
6.046380e+03	6.024710e+03	6.024550e+03	
6.051524e+03	6.040214e+03	6.040053e+03	
6.017348e+03	6.002580e+03	6.002419e+03	
6.014274e+03	5.995254e+03	5.995094e+03	
6.027849e+03	6.016824e+03	6.016663e+03	
5.990808e+03	5.975929e+03	5.975769e+03	
5.992929e+03	5.978096e+03	5.977935e+03	
6.014889e+03	6.001528e+03	6.001367e+03	
6.046578e+03	6.037684e+03	6.037523e+03	
5.993143e+03	5.977389e+03	5.977229e+03	
6.027570e+03	6.008394e+03	6.008233e+03	
6.020747e+03	5.999077e+03	5.998916e+03	
6.005937e+03	5.994685e+03	5.994524e+03	
6.011040e+03	5.997589e+03	5.997428e+03	
6.032643e+03	6.021576e+03	6.021415e+03	
6.001212e+03	5.982991e+03	5.982830e+03	
6.003446e+03	5.978276e+03	5.978115e+03	
6.032074e+03	6.015860e+03	6.015700e+03	
6.062874e+03	6.053869e+03	6.053709e+03	
6.019672e+03	5.999890e+03	5.999730e+03	
6.023174e+03	6.012195e+03	6.012035e+03	
6.043029e+03	6.035904e+03	6.035744e+03	
6.010115e+03	5.998558e+03	5.998398e+03	
6.008480e+03	5.999362e+03	5.999201e+03	
6.032989e+03	6.019680e+03	6.019519e+03	
6.013397e+03	5.999698e+03	5.999537e+03	
6.037091e+03	6.028041e+03	6.027880e+03	
6.014575e+03	5.996249e+03	5.996089e+03	
6.031941e+03	6.008353e+03	6.008192e+03	
6.020652e+03	6.006930e+03	6.006769e+03	
6.062874e+03	6.051580e+03	6.051419e+03	
6.057162e+03	6.042839e+03	6.042679e+03	
6.041617e+03	6.022972e+03	6.022812e+03	
6.026133e+03	6.016637e+03	6.016476e+03	
6.020221e+03	5.998815e+03	5.998655e+03	
6.062871e+03	6.042281e+03	6.042121e+03	
5.981554e+03	5.957858e+03	5.957698e+03	
6.060519e+03	6.053761e+03	6.053601e+03	
6.001670e+03	5.983463e+03	5.983302e+03	
6.025534e+03	6.011594e+03	6.011434e+03	
6.013823e+03	5.995761e+03	5.995600e+03	
6.007405e+03	5.994025e+03	5.993864e+03	
6.027260e+03	5.998686e+03	5.998525e+03	
6.070364e+03	6.053176e+03	6.053016e+03	
6.016160e+03	6.001847e+03	6.001686e+03	
5.989453e+03	5.964940e+03	5.964779e+03	
6.044432e+03	6.032862e+03	6.032701e+03	
6.035299e+03	6.023732e+03	6.023571e+03	
6.049016e+03	6.044083e+03	6.043922e+03	
6.064132e+03	6.047076e+03	6.046915e+03	
6.016661e+03	6.001002e+03	6.000842e+03	
6.020028e+03	6.007002e+03	6.006842e+03	
6.036057e+03	6.022726e+03	6.022565e+03	
5.998546e+03	5.982263e+03	5.982102e+03	
6.050659e+03	6.017205e+03	6.017044e+03	
6.064664e+03	6.052818e+03	6.052657e+03	
6.041745e+03	6.021313e+03	6.021153e+03	
6.093282e+03	6.080276e+03	6.080116e+03	
6.076789e+03	6.065425e+03	6.065264e+03	
6.030240e+03	6.008375e+03	6.008214e+03	
6.036783e+03	6.025103e+03	6.024942e+03	
6.034276e+03	6.019063e+03	6.018902e+03	
6.019662e+03	6.000427e+03	6.000266e+03	
6.019941e+03	6.011237e+03	6.011076e+03	
6.032303e+03	6.021641e+03	6.021480e+03	
6.044961e+03	6.023357e+03	6.023196e+03	
6.042510e+03	6.030853e+03	6.030692e+03	
6.020134e+03	6.007822e+03	6.007661e+03	
6.015599e+03	5.991673e+03	5.991512e+03	
6.017226e+03	6.007414e+03	6.007253e+03	
6.044596e+03	6.030970e+03	6.030809e+03	
5.985604e+03	5.968965e+03	5.968805e+03	
6.037347e+03	6.025987e+03	6.025826e+03	
6.004408e+03	5.992202e+03	5.992041e+03	
5.987465e+03	5.974934e+03	5.974773e+03	
6.017423e+03	5.998540e+03	5.998380e+03	
5.996205e+03	5.976043e+03	5.975882e+03	
6.006399e+03	5.986695e+03	5.986534e+03	
6.056816e+03	6.046760e+03	6.046599e+03	
6.036944e+03	6.016328e+03	6.016168e+03	
6.024653e+03	6.010725e+03	6.010564e+03	
6.058153e+03	6.043624e+03	6.043464e+03	
6.024040e+03	6.012244e+03	6.012084e+03	
6.016164e+03	6.003958e+03	6.003798e+03	
6.019940e+03	6.007549e+03	6.007389e+03	
6.017906e+03	6.002577e+03	6.002417e+03	
6.001045e+03	5.976904e+03	5.976743e+03	
6.020658e+03	6.011401e+03	6.011241e+03	
6.030183e+03	6.022561e+03	6.022400e+03	
6.029310e+03	6.018388e+03	6.018227e+03	
6.055581e+03	6.039687e+03	6.039526e+03	
6.011611e+03	5.993752e+03	5.993591e+03	
6.027929e+03	6.020005e+03	6.019845e+03	
6.023039e+03	6.007429e+03	6.007268e+03	
5.987988e+03	5.970995e+03	5.970834e+03	
6.066728e+03	6.049902e+03	6.049742e+03	
6.019386e+03	6.003424e+03	6.003263e+03	
6.065903e+03	6.050732e+03	6.050572e+03	
6.022985e+03	6.002525e+03	6.002364e+03	
6.051262e+03	6.042318e+03	6.042157e+03	
6.030245e+03	6.008711e+03	6.008550e+03	
6.030140e+03	6.016443e+03	6.016282e+03	
6.004306e+03	5.993018e+03	5.992857e+03	
6.018669e+03	6.001942e+03	6.001781e+03	
6.030209e+03	6.018784e+03	6.018624e+03	
6.034431e+03	6.032298e+03	6.032137e+03	
6.005822e+03	5.989253e+03	5.989092e+03	
6.040320e+03	6.016024e+03	6.015863e+03	
6.049712e+03	6.033362e+03	6.033201e+03	
5.989247e+03	5.978556e+03	5.978395e+03	
6.036609e+03	6.023171e+03	6.023010e+03	
6.069118e+03	6.040118e+03	6.039957e+03	
6.013458e+03	5.993082e+03	5.992922e+03	
6.071698e+03	6.060066e+03	6.059905e+03	
6.000764e+03	5.983198e+03	5.983037e+03	
6.061252e+03	6.051252e+03	6.051091e+03	
6.018577e+03	6.011728e+03	6.011568e+03	
6.041257e+03	6.029338e+03	6.029178e+03	
5.997148e+03	5.979118e+03	5.978957e+03	
6.048604e+03	6.036745e+03	6.036585e+03	
6.012863e+03	5.998335e+03	5.998174e+03	
6.061232e+03	6.044464e+03	6.044303e+03	
6.016904e+03	5.995639e+03	5.995478e+03	
6.014268e+03	5.999557e+03	5.999397e+03	
6.045375e+03	6.038212e+03	6.038051e+03	
6.045517e+03	6.029718e+03	6.029558e+03	
6.019822e+03	6.000392e+03	6.000231e+03	
6.023778e+03	6.005741e+03	6.005580e+03	
6.049483e+03	6.027616e+03	6.027456e+03	
6.034053e+03	6.019017e+03	6.018856e+03	
6.025516e+03	6.005630e+03	6.005470e+03	
6.013166e+03	5.996073e+03	5.995912e+03	
6.019127e+03	6.006089e+03	6.005929e+03	
6.047642e+03	6.029471e+03	6.029310e+03	
6.083029e+03	6.070546e+03	6.070385e+03	
6.034571e+03	6.020182e+03	6.020021e+03	
6.027762e+03	6.008395e+03	6.008234e+03	
6.043269e+03	6.029582e+03	6.029421e+03	
6.040465e+03	6.024041e+03	6.023880e+03	
6.068266e+03	6.048425e+03	6.048264e+03	
6.035045e+03	6.029170e+03	6.029009e+03	
6.024821e+03	6.009141e+03	6.008981e+03	
5.999520e+03	5.984654e+03	5.984493e+03	
6.027558e+03	6.015019e+03	6.014859e+03	
6.031009e+03	6.018386e+03	6.018226e+03	
6.010341e+03	5.985034e+03	5.984873e+03	
6.054175e+03	6.030154e+03	6.029993e+03	
6.041173e+03	6.011482e+03	6.011321e+03	
5.993847e+03	5.977094e+03	5.976933e+03	
6.007632e+03	5.989659e+03	5.989499e+03	
6.012366e+03	5.996470e+03	5.996309e+03	
6.035112e+03	6.019385e+03	6.019224e+03	
6.038804e+03	6.025367e+03	6.025207e+03	
6.067508e+03	6.048962e+03	6.048802e+03	
6.013105e+03	5.994343e+03	5.994182e+03	
6.057032e+03	6.047194e+03	6.047033e+03	
6.102495e+03	6.089222e+03	6.089061e+03	
6.027802e+03	6.009931e+03	6.009770e+03	
6.009206e+03	5.992945e+03	5.992784e+03	
6.039434e+03	6.013640e+03	6.013479e+03	
6.040953e+03	6.024905e+03	6.024744e+03	
6.011555e+03	5.994738e+03	5.994577e+03	
6.054759e+03	6.043170e+03	6.043009e+03	
6.053133e+03	6.044279e+03	6.044118e+03	
5.983439e+03	5.965769e+03	5.965608e+03	
6.029035e+03	6.017794e+03	6.017633e+03	
6.026832e+03	6.011205e+03	6.011044e+03	
6.042520e+03	6.032735e+03	6.032574e+03	
6.008733e+03	5.995780e+03	5.995620e+03	
6.034663e+03	6.022987e+03	6.022826e+03	
6.046916e+03	6.029220e+03	6.029059e+03	
6.047242e+03	6.030799e+03	6.030639e+03	
6.011850e+03	5.995489e+03	5.995328e+03	
6.017462e+03	5.997380e+03	5.997219e+03	
6.038853e+03	6.027544e+03	6.027384e+03	
6.014734e+03	6.005071e+03	6.004911e+03	
6.002109e+03	5.987061e+03	5.986901e+03	
6.050884e+03	6.033361e+03	6.033200e+03	
6.003353e+03	5.985020e+03	5.984860e+03	
6.046915e+03	6.029716e+03	6.029555e+03	
6.047412e+03	6.039854e+03	6.039693e+03	
6.009579e+03	5.996747e+03	5.996586e+03	
6.000967e+03	5.984365e+03	5.984204e+03	
6.020718e+03	6.001318e+03	6.001158e+03	
6.058119e+03	6.039947e+03	6.039787e+03	
6.037600e+03	6.027491e+03	6.027330e+03	
6.040116e+03	6.030730e+03	6.030569e+03	
6.018702e+03	6.000126e+03	5.999965e+03	
6.065502e+03	6.043093e+03	6.042932e+03	
6.078755e+03	6.067846e+03	6.067686e+03	
6.016048e+03	6.002180e+03	6.002019e+03	
6.029844e+03	6.008396e+03	6.008235e+03	
6.047171e+03	6.037609e+03	6.037449e+03	
6.002142e+03	5.990655e+03	5.990494e+03	
6.008400e+03	5.992850e+03	5.992689e+03	
6.016561e+03	6.005542e+03	6.005382e+03	
6.052598e+03	6.044460e+03	6.044299e+03	
5.994793e+03	5.975073e+03	5.974913e+03	
6.043966e+03	6.022938e+03	6.022777e+03	
6.038832e+03	6.023709e+03	6.023549e+03	
6.055587e+03	6.047002e+03	6.046841e+03	
5.980926e+03	5.958602e+03	5.958441e+03	
6.010360e+03	5.999225e+03	5.999064e+03	
6.049807e+03	6.037973e+03	6.037813e+03	
6.026585e+03	6.013265e+03	6.013104e+03	
6.029634e+03	6.010632e+03	6.010471e+03	
6.058777e+03	6.045297e+03	6.045136e+03	
5.985908e+03	5.963714e+03	5.963553e+03	
6.004620e+03	5.982974e+03	5.982813e+03	
6.019525e+03	6.000718e+03	6.000557e+03	
6.019849e+03	6.003292e+03	6.003131e+03	
6.050075e+03	6.035038e+03	6.034877e+03	
6.057977e+03	6.047505e+03	6.047345e+03	
5.994985e+03	5.980801e+03	5.980640e+03	
6.010430e+03	5.982877e+03	5.982716e+03	
6.043748e+03	6.034037e+03	6.033876e+03	
6.036801e+03	6.020825e+03	6.020664e+03	
6.041950e+03	6.020506e+03	6.020345e+03	
6.009055e+03	5.989264e+03	5.989104e+03	
6.007119e+03	5.989100e+03	5.988939e+03	
6.042105e+03	6.032681e+03	6.032521e+03	
6.067634e+03	6.046322e+03	6.046162e+03	
5.998977e+03	5.985785e+03	5.985625e+03	
6.073663e+03	6.065275e+03	6.065114e+03	
6.031929e+03	6.009369e+03	6.009208e+03	
6.019343e+03	6.007582e+03	6.007421e+03	
6.011830e+03	5.996646e+03	5.996486e+03	
6.105151e+03	6.081544e+03	6.081383e+03	
6.004267e+03	5.987909e+03	5.987748e+03	
6.050884e+03	6.036316e+03	6.036156e+03	
6.112024e+03	6.093295e+03	6.093134e+03	
6.038886e+03	6.027728e+03	6.027567e+03	
5.995140e+03	5.968600e+03	5.968439e+03	
6.047358e+03	6.030699e+03	6.030538e+03	
6.049488e+03	6.042684e+03	6.042523e+03	
6.044253e+03	6.012495e+03	6.012334e+03	
6.010602e+03	5.996380e+03	5.996220e+03	
6.041569e+03	6.033520e+03	6.033359e+03	
6.066783e+03	6.056765e+03	6.056604e+03	
6.020435e+03	6.010677e+03	6.010517e+03	
6.050450e+03	6.033991e+03	6.033830e+03	
6.029179e+03	6.009849e+03	6.009689e+03	
6.031355e+03	6.024573e+03	6.024412e+03	
6.037682e+03	6.019449e+03	6.019288e+03	
6.013119e+03	5.995917e+03	5.995756e+03	
6.044925e+03	6.033904e+03	6.033743e+03	
6.038455e+03	6.024548e+03	6.024387e+03	
6.024646e+03	6.009885e+03	6.009724e+03	
6.037260e+03	6.020116e+03	6.019955e+03	
6.074043e+03	6.055901e+03	6.055740e+03	
6.029223e+03	6.017396e+03	6.017236e+03	
6.010037e+03	5.993753e+03	5.993592e+03	
5.997764e+03	5.988464e+03	5.988304e+03	
6.021162e+03	6.003606e+03	6.003445e+03	
6.028100e+03	6.010887e+03	6.010727e+03	
6.029832e+03	6.021582e+03	6.021421e+03	
6.024573e+03	6.007393e+03	6.007232e+03	
6.033439e+03	6.016702e+03	6.016541e+03	
6.035531e+03	6.025271e+03	6.025111e+03	
6.019575e+03	6.011150e+03	6.010990e+03	
6.026008e+03	6.013040e+03	6.012880e+03	
6.013862e+03	5.997457e+03	5.997296e+03	
6.008560e+03	5.993845e+03	5.993685e+03	
6.046193e+03	6.027062e+03	6.026901e+03	
6.008512e+03	5.997632e+03	5.997471e+03	
6.044315e+03	6.029614e+03	6.029453e+03	
5.997048e+03	5.977728e+03	5.977567e+03	
6.026000e+03	6.011596e+03	6.011436e+03	
5.992380e+03	5.979611e+03	5.979450e+03	
6.053600e+03	6.041265e+03	6.041105e+03	
6.011577e+03	6.001396e+03	6.001235e+03	
6.027626e+03	6.010906e+03	6.010746e+03	
6.000250e+03	5.982103e+03	5.981943e+03	
6.032413e+03	6.018844e+03	6.018684e+03	
