1.005377e+03	9.985424e+02	9.987016e+02	
9.976047e+02	9.805231e+02	9.806822e+02	
1.025686e+03	1.008979e+03	1.009138e+03	
9.838707e+02	9.722040e+02	9.723631e+02	
1.014640e+03	1.002211e+03	1.002370e+03	
1.015207e+03	9.989120e+02	9.990711e+02	
1.023241e+03	1.006156e+03	1.006315e+03	
1.052888e+03	1.019858e+03	1.020017e+03	
1.059173e+03	1.039354e+03	1.039513e+03	
1.091948e+03	1.071690e+03	1.071849e+03	
1.016260e+03	9.941864e+02	9.943456e+02	
1.022477e+03	1.013888e+03	1.014047e+03	
1.026015e+03	1.011157e+03	1.011316e+03	
1.051562e+03	1.031014e+03	1.031173e+03	
1.055253e+03	1.039958e+03	1.040117e+03	
1.009808e+03	9.985241e+02	9.986832e+02	
1.060965e+03	1.050309e+03	1.050469e+03	
1.005020e+03	9.902716e+02	9.904307e+02	
1.031278e+03	1.021215e+03	1.021374e+03	
1.013562e+03	9.971950e+02	9.973542e+02	
1.031040e+03	1.018584e+03	1.018743e+03	
1.020564e+03	1.005980e+03	1.006139e+03	
9.661963e+02	9.417512e+02	9.419103e+02	
1.033078e+03	1.016684e+03	1.016843e+03	
1.059117e+03	1.044497e+03	1.044656e+03	
1.003868e+03	9.921950e+02	9.923541e+02	
1.056453e+03	1.043118e+03	1.043277e+03	
1.033312e+03	1.021313e+03	1.021472e+03	
1.013382e+03	1.006625e+03	1.006784e+03	
1.003451e+03	9.914765e+02	9.916356e+02	
1.018751e+03	1.002980e+03	1.003140e+03	
1.020153e+03	1.006268e+03	1.006427e+03	
1.041934e+03	1.019706e+03	1.019865e+03	
1.038313e+03	1.024309e+03	1.024468e+03	
1.051292e+03	1.036796e+03	1.036955e+03	
1.002174e+03	9.920928e+02	9.922519e+02	
1.014601e+03	1.000777e+03	1.000936e+03	
1.018138e+03	9.986041e+02	9.987632e+02	
1.023460e+03	1.009437e+03	1.009596e+03	
1.037349e+03	1.025446e+03	1.025606e+03	
1.070694e+03	1.054991e+03	1.055150e+03	
1.002214e+03	9.870296e+02	9.871888e+02	
1.013023e+03	9.972753e+02	9.974344e+02	
1.044372e+03	1.025257e+03	1.025416e+03	
1.006828e+03	9.971215e+02	9.972806e+02	
1.069311e+03	1.055552e+03	1.055711e+03	
9.960361e+02	9.770474e+02	9.772066e+02	
1.034710e+03	1.030113e+03	1.030272e+03	
1.017424e+03	1.004712e+03	1.004872e+03	
9.971575e+02	9.808672e+02	9.810263e+02	
1.034203e+03	1.021615e+03	1.021775e+03	
1.004270e+03	9.921235e+02	9.922826e+02	
1.013514e+03	1.002947e+03	1.003106e+03	
1.003556e+03	9.834029e+02	9.835620e+02	
9.677876e+02	9.463726e+02	9.465317e+02	
9.890382e+02	9.781368e+02	9.782959e+02	
1.020275e+03	1.008781e+03	1.008940e+03	
1.016969e+03	1.010107e+03	1.010266e+03	
1.049240e+03	1.028514e+03	1.028673e+03	
1.046844e+03	1.035584e+03	1.035743e+03	
1.019224e+03	1.014766e+03	1.014926e+03	
1.030963e+03	1.023491e+03	1.023650e+03	
9.915363e+02	9.728908e+02	9.730500e+02	
9.980276e+02	9.850523e+02	9.852114e+02	
9.731761e+02	9.438957e+02	9.440549e+02	
1.021829e+03	1.008750e+03	1.008909e+03	
1.034574e+03	1.016465e+03	1.016624e+03	
1.081076e+03	1.063329e+03	1.063489e+03	
1.038559e+03	1.029940e+03	1.030100e+03	
1.021413e+03	1.007431e+03	1.007590e+03	
1.042368e+03	1.026374e+03	1.026533e+03	
9.603344e+02	9.398050e+02	9.399642e+02	
1.016153e+03	9.973555e+02	9.975147e+02	
1.031103e+03	1.019554e+03	1.019713e+03	
1.015785e+03	9.953867e+02	9.955458e+02	
1.041811e+03	1.025828e+03	1.025987e+03	
1.027811e+03	1.016199e+03	1.016358e+03	
1.045598e+03	1.032485e+03	1.032644e+03	
1.037260e+03	1.023303e+03	1.023462e+03	
1.049850e+03	1.025134e+03	1.025293e+03	
1.053789e+03	1.040611e+03	1.040770e+03	
1.044209e+03	1.033348e+03	1.033507e+03	
1.034857e+03	1.018072e+03	1.018231e+03	
1.055355e+03	1.034065e+03	1.034224e+03	
1.015915e+03	9.975269e+02	9.976860e+02	
1.038605e+03	1.012482e+03	1.012642e+03	
1.046494e+03	1.035256e+03	1.035415e+03	
1.009703e+03	9.952794e+02	9.954385e+02	
1.022396e+03	1.006324e+03	1.006483e+03	
1.026639e+03	1.011781e+03	1.011941e+03	
1.022026e+03	1.008037e+03	1.008197e+03	
1.012174e+03	1.001492e+03	1.001651e+03	
9.901598e+02	9.788411e+02	9.790002e+02	
9.866192e+02	9.711733e+02	9.713324e+02	
1.004745e+03	9.949458e+02	9.951049e+02	
1.030189e+03	1.017178e+03	1.017337e+03	
1.049423e+03	1.037368e+03	1.037527e+03	
1.066044e+03	1.038411e+03	1.038570e+03	
1.017861e+03	1.009161e+03	1.009321e+03	
1.020908e+03	9.990824e+02	9.992416e+02	
1.103769e+03	1.081379e+03	1.081538e+03	
1.032784e+03	1.026822e+03	1.026981e+03	
1.084885e+03	1.060361e+03	1.060520e+03	
1.002294e+03	9.900695e+02	9.902286e+02	
1.084810e+03	1.066100e+03	1.066259e+03	
1.047203e+03	1.031208e+03	1.031367e+03	
1.017669e+03	1.000984e+03	1.001143e+03	
9.957201e+02	9.842242e+02	9.843833e+02	
1.009859e+03	9.965836e+02	9.967428e+02	
9.970796e+02	9.817196e+02	9.818787e+02	
1.010410e+03	9.921225e+02	9.922816e+02	
1.009101e+03	9.950771e+02	9.952362e+02	
1.012971e+03	1.000134e+03	1.000294e+03	
1.047840e+03	1.040447e+03	1.040606e+03	
1.024510e+03	1.007545e+03	1.007704e+03	
1.037253e+03	1.026386e+03	1.026545e+03	
9.876145e+02	9.705460e+02	9.707051e+02	
1.042667e+03	1.010451e+03	1.010610e+03	
1.032239e+03	1.017738e+03	1.017897e+03	
9.997678e+02	9.759909e+02	9.761500e+02	
1.002952e+03	9.859059e+02	9.860650e+02	
1.039119e+03	1.017636e+03	1.017796e+03	
1.023678e+03	1.012827e+03	1.012986e+03	
9.703042e+02	9.560835e+02	9.562427e+02	
1.000892e+03	9.877929e+02	9.879521e+02	
1.007183e+03	9.937588e+02	9.939179e+02	
1.017763e+03	1.007932e+03	1.008091e+03	
1.031239e+03	1.013880e+03	1.014039e+03	
1.047342e+03	1.027153e+03	1.027312e+03	
1.004482e+03	9.894033e+02	9.895624e+02	
1.026232e+03	1.000954e+03	1.001113e+03	
1.017698e+03	9.997747e+02	9.999339e+02	
9.861274e+02	9.575046e+02	9.576638e+02	
9.945658e+02	9.853740e+02	9.855332e+02	
9.850430e+02	9.641584e+02	9.643175e+02	
9.890063e+02	9.796659e+02	9.798250e+02	
9.811457e+02	9.649924e+02	9.651515e+02	
9.689984e+02	9.496924e+02	9.498515e+02	
1.008718e+03	9.911776e+02	9.913367e+02	
9.897607e+02	9.758883e+02	9.760474e+02	
1.062589e+03	1.040788e+03	1.040947e+03	
1.032587e+03	1.021190e+03	1.021349e+03	
1.014499e+03	1.001907e+03	1.002067e+03	
1.033773e+03	1.019983e+03	1.020142e+03	
1.019337e+03	1.008331e+03	1.008490e+03	
1.011224e+03	9.982710e+02	9.984302e+02	
1.019973e+03	1.009264e+03	1.009423e+03	
1.051934e+03	1.039820e+03	1.039979e+03	
1.021351e+03	1.007616e+03	1.007775e+03	
9.982893e+02	9.758090e+02	9.759682e+02	
1.019826e+03	1.004606e+03	1.004765e+03	
1.013743e+03	9.970653e+02	9.972245e+02	
1.027918e+03	1.013477e+03	1.013636e+03	
1.011845e+03	9.946551e+02	9.948142e+02	
9.851807e+02	9.727950e+02	9.729541e+02	
1.006206e+03	9.913929e+02	9.915520e+02	
1.003133e+03	9.883021e+02	9.884612e+02	
1.053718e+03	1.037483e+03	1.037642e+03	
9.842584e+02	9.639814e+02	9.641405e+02	
1.069616e+03	1.052245e+03	1.052404e+03	
1.037275e+03	1.018715e+03	1.018874e+03	
1.029245e+03	1.020903e+03	1.021062e+03	
1.002037e+03	9.901579e+02	9.903170e+02	
9.976578e+02	9.849422e+02	9.851013e+02	
1.030302e+03	1.013850e+03	1.014009e+03	
1.080539e+03	1.061214e+03	1.061373e+03	
1.008208e+03	9.908029e+02	9.909620e+02	
1.002244e+03	9.927584e+02	9.929175e+02	
1.016591e+03	1.005735e+03	1.005894e+03	
1.034690e+03	1.022390e+03	1.022549e+03	
1.029966e+03	1.018819e+03	1.018978e+03	
9.976126e+02	9.867729e+02	9.869320e+02	
1.054789e+03	1.043471e+03	1.043631e+03	
1.042578e+03	1.024205e+03	1.024365e+03	
1.028950e+03	1.012280e+03	1.012439e+03	
1.008889e+03	9.959249e+02	9.960840e+02	
1.037726e+03	1.022876e+03	1.023035e+03	
1.014750e+03	9.956391e+02	9.957982e+02	
1.043522e+03	1.034980e+03	1.035139e+03	
1.019163e+03	1.002585e+03	1.002744e+03	
1.013472e+03	9.924967e+02	9.926558e+02	
1.029099e+03	1.017771e+03	1.017930e+03	
9.995710e+02	9.793603e+02	9.795194e+02	
1.005213e+03	9.943540e+02	9.945132e+02	
1.032190e+03	1.012975e+03	1.013134e+03	
1.037110e+03	1.030106e+03	1.030265e+03	
1.038883e+03	1.026818e+03	1.026977e+03	
1.053115e+03	1.023487e+03	1.023646e+03	
1.009976e+03	1.001235e+03	1.001394e+03	
1.011564e+03	9.950756e+02	9.952348e+02	
1.026898e+03	1.010385e+03	1.010544e+03	
1.005629e+03	9.898504e+02	9.900095e+02	
1.028574e+03	1.020090e+03	1.020249e+03	
1.008214e+03	1.000737e+03	1.000896e+03	
1.044937e+03	1.029360e+03	1.029519e+03	
1.016874e+03	9.974120e+02	9.975712e+02	
1.002508e+03	9.870892e+02	9.872483e+02	
9.752486e+02	9.531258e+02	9.532849e+02	
1.013051e+03	1.000811e+03	1.000970e+03	
1.067182e+03	1.042317e+03	1.042477e+03	
1.010351e+03	9.958105e+02	9.959696e+02	
9.928803e+02	9.788052e+02	9.789643e+02	
1.024512e+03	1.014783e+03	1.014942e+03	
9.747727e+02	9.454129e+02	9.455720e+02	
1.019413e+03	1.000126e+03	1.000286e+03	
1.026407e+03	1.007351e+03	1.007510e+03	
1.016394e+03	1.005150e+03	1.005310e+03	
1.047401e+03	1.039359e+03	1.039518e+03	
1.056637e+03	1.034880e+03	1.035039e+03	
1.049136e+03	1.030600e+03	1.030759e+03	
9.886895e+02	9.765727e+02	9.767318e+02	
1.000973e+03	9.834047e+02	9.835638e+02	
9.991726e+02	9.871569e+02	9.873160e+02	
1.030508e+03	1.017765e+03	1.017924e+03	
1.027369e+03	1.007695e+03	1.007854e+03	
1.013957e+03	1.008104e+03	1.008263e+03	
9.596512e+02	9.363425e+02	9.365017e+02	
1.027894e+03	1.017080e+03	1.017239e+03	
9.758225e+02	9.541392e+02	9.542984e+02	
1.004673e+03	9.735142e+02	9.736734e+02	
1.023717e+03	1.011103e+03	1.011262e+03	
1.032104e+03	1.014538e+03	1.014697e+03	
1.044758e+03	1.026404e+03	1.026563e+03	
9.532321e+02	9.286252e+02	9.287843e+02	
1.012551e+03	9.999976e+02	1.000157e+03	
1.038542e+03	1.026532e+03	1.026691e+03	
1.053784e+03	1.036755e+03	1.036914e+03	
1.034516e+03	1.023038e+03	1.023197e+03	
1.031753e+03	1.019698e+03	1.019857e+03	
1.023601e+03	1.011975e+03	1.012134e+03	
9.875177e+02	9.733898e+02	9.735489e+02	
1.021590e+03	1.003943e+03	1.004102e+03	
1.032748e+03	1.021730e+03	1.021889e+03	
1.015461e+03	1.001576e+03	1.001735e+03	
1.015406e+03	1.005086e+03	1.005245e+03	
1.006988e+03	9.881191e+02	9.882783e+02	
1.025373e+03	1.007119e+03	1.007278e+03	
1.069756e+03	1.047952e+03	1.048111e+03	
1.055296e+03	1.035084e+03	1.035243e+03	
1.006972e+03	9.927947e+02	9.929539e+02	
1.028786e+03	1.014746e+03	1.014905e+03	
1.045821e+03	1.031286e+03	1.031445e+03	
1.036561e+03	1.027409e+03	1.027569e+03	
1.050527e+03	1.032941e+03	1.033100e+03	
1.041920e+03	1.020363e+03	1.020522e+03	
9.851920e+02	9.740552e+02	9.742144e+02	
9.742210e+02	9.546979e+02	9.548570e+02	
1.056751e+03	1.045246e+03	1.045406e+03	
1.017363e+03	1.006899e+03	1.007058e+03	
1.000990e+03	9.643672e+02	9.645263e+02	
1.006031e+03	1.001766e+03	1.001925e+03	
1.037917e+03	1.020259e+03	1.020418e+03	
1.020532e+03	1.004230e+03	1.004389e+03	
1.037660e+03	1.019897e+03	1.020056e+03	
1.031973e+03	1.007873e+03	1.008032e+03	
9.897347e+02	9.707394e+02	9.708985e+02	
1.019461e+03	1.004697e+03	1.004856e+03	
1.048726e+03	1.039386e+03	1.039545e+03	
1.001356e+03	9.760525e+02	9.762116e+02	
1.054526e+03	1.046492e+03	1.046651e+03	
1.020742e+03	1.000799e+03	1.000958e+03	
1.025023e+03	1.006870e+03	1.007029e+03	
1.032089e+03	1.025730e+03	1.025889e+03	
1.035531e+03	1.018208e+03	1.018367e+03	
1.037050e+03	1.023419e+03	1.023578e+03	
1.000603e+03	9.870310e+02	9.871901e+02	
1.073941e+03	1.058935e+03	1.059094e+03	
9.958243e+02	9.848527e+02	9.850119e+02	
1.028965e+03	1.017869e+03	1.018028e+03	
1.027878e+03	1.015223e+03	1.015382e+03	
1.002612e+03	9.831624e+02	9.833215e+02	
9.860163e+02	9.636042e+02	9.637633e+02	
1.011763e+03	9.953266e+02	9.954858e+02	
1.033373e+03	1.018982e+03	1.019141e+03	
1.031851e+03	1.018396e+03	1.018555e+03	
1.025644e+03	1.014971e+03	1.015130e+03	
1.042036e+03	1.031358e+03	1.031517e+03	
9.714354e+02	9.502223e+02	9.503814e+02	
1.026206e+03	1.008466e+03	1.008625e+03	
1.043666e+03	1.033473e+03	1.033632e+03	
1.008186e+03	9.914049e+02	9.915640e+02	
1.008554e+03	9.934013e+02	9.935605e+02	
1.002416e+03	9.811831e+02	9.813423e+02	
1.067542e+03	1.052390e+03	1.052549e+03	
9.952617e+02	9.814019e+02	9.815610e+02	
1.036657e+03	1.015976e+03	1.016135e+03	
1.029095e+03	1.014352e+03	1.014511e+03	
1.067285e+03	1.050286e+03	1.050445e+03	
1.027751e+03	1.016170e+03	1.016329e+03	
1.033228e+03	1.015885e+03	1.016044e+03	
1.007119e+03	1.001141e+03	1.001300e+03	
1.008012e+03	9.910823e+02	9.912414e+02	
1.004735e+03	9.961938e+02	9.963529e+02	
1.028218e+03	1.011227e+03	1.011386e+03	
9.808966e+02	9.557984e+02	9.559575e+02	
1.033182e+03	1.024869e+03	1.025029e+03	
1.014058e+03	1.001410e+03	1.001569e+03	
1.022174e+03	1.011481e+03	1.011640e+03	
1.024493e+03	1.013837e+03	1.013996e+03	
1.027817e+03	1.010914e+03	1.011074e+03	
1.030685e+03	1.019969e+03	1.020129e+03	
9.855796e+02	9.674939e+02	9.676530e+02	
1.020145e+03	1.003803e+03	1.003963e+03	
9.957526e+02	9.862594e+02	9.864185e+02	
1.008996e+03	9.897899e+02	9.899490e+02	
1.064260e+03	1.045809e+03	1.045968e+03	
9.824259e+02	9.620948e+02	9.622540e+02	
9.848764e+02	9.632498e+02	9.634089e+02	
1.003734e+03	9.800671e+02	9.802262e+02	
1.041590e+03	1.033499e+03	1.033658e+03	
1.008422e+03	9.899844e+02	9.901435e+02	
1.021183e+03	1.013424e+03	1.013583e+03	
1.006143e+03	9.888855e+02	9.890446e+02	
1.038028e+03	1.019982e+03	1.020141e+03	
1.055680e+03	1.039041e+03	1.039200e+03	
1.026618e+03	1.016852e+03	1.017011e+03	
9.990442e+02	9.787754e+02	9.789346e+02	
1.093411e+03	1.078203e+03	1.078362e+03	
1.044846e+03	1.028148e+03	1.028307e+03	
1.030836e+03	1.018983e+03	1.019142e+03	
1.019430e+03	1.009851e+03	1.010010e+03	
1.065732e+03	1.055986e+03	1.056145e+03	
1.033025e+03	1.020864e+03	1.021023e+03	
1.022333e+03	1.010613e+03	1.010773e+03	
1.056448e+03	1.035733e+03	1.035892e+03	
1.043083e+03	1.021887e+03	1.022047e+03	
1.042200e+03	1.033102e+03	1.033261e+03	
1.009340e+03	9.822669e+02	9.824261e+02	
1.050596e+03	1.037635e+03	1.037794e+03	
1.009392e+03	9.986484e+02	9.988076e+02	
1.046064e+03	1.030390e+03	1.030550e+03	
1.018785e+03	1.009472e+03	1.009631e+03	
1.030150e+03	1.019205e+03	1.019364e+03	
1.016965e+03	1.005789e+03	1.005948e+03	
1.012779e+03	1.000456e+03	1.000615e+03	
1.030820e+03	1.013816e+03	1.013975e+03	
9.933282e+02	9.799402e+02	9.800994e+02	
1.011573e+03	9.933816e+02	9.935407e+02	
9.808794e+02	9.599001e+02	9.600592e+02	
1.012163e+03	9.818076e+02	9.819668e+02	
1.015684e+03	1.001721e+03	1.001880e+03	
1.059189e+03	1.039273e+03	1.039432e+03	
1.034188e+03	1.023574e+03	1.023733e+03	
1.003606e+03	9.883182e+02	9.884774e+02	
9.931708e+02	9.825479e+02	9.827071e+02	
1.000979e+03	9.847718e+02	9.849309e+02	
9.987486e+02	9.859465e+02	9.861057e+02	
1.046995e+03	1.039056e+03	1.039215e+03	
1.039372e+03	1.026937e+03	1.027096e+03	
1.015343e+03	1.004442e+03	1.004601e+03	
1.020176e+03	1.010201e+03	1.010360e+03	
9.871387e+02	9.680279e+02	9.681870e+02	
9.953972e+02	9.878269e+02	9.879860e+02	
1.002149e+03	9.861862e+02	9.863453e+02	
1.057437e+03	1.046435e+03	1.046595e+03	
1.041587e+03	1.013373e+03	1.013533e+03	
1.042129e+03	1.022557e+03	1.022716e+03	
9.900691e+02	9.723949e+02	9.725540e+02	
1.019242e+03	1.003906e+03	1.004065e+03	
1.028252e+03	1.018430e+03	1.018590e+03	
1.039558e+03	1.022107e+03	1.022266e+03	
1.017901e+03	1.006758e+03	1.006917e+03	
9.963558e+02	9.812341e+02	9.813933e+02	
9.854992e+02	9.737345e+02	9.738937e+02	
1.019775e+03	1.009299e+03	1.009458e+03	
9.895300e+02	9.791990e+02	9.793581e+02	
1.028682e+03	1.015522e+03	1.015681e+03	
1.038581e+03	1.022846e+03	1.023005e+03	
1.032461e+03	1.016406e+03	1.016565e+03	
1.015079e+03	1.006201e+03	1.006360e+03	
1.002498e+03	9.875559e+02	9.877150e+02	
1.010611e+03	9.963869e+02	9.965461e+02	
9.978807e+02	9.862101e+02	9.863692e+02	
1.019647e+03	1.002445e+03	1.002604e+03	
1.073147e+03	1.059486e+03	1.059645e+03	
1.057065e+03	1.038904e+03	1.039064e+03	
1.014030e+03	1.004493e+03	1.004652e+03	
1.033830e+03	1.022359e+03	1.022518e+03	
1.017595e+03	1.006425e+03	1.006584e+03	
1.031601e+03	1.022538e+03	1.022697e+03	
1.024176e+03	1.013414e+03	1.013573e+03	
1.054826e+03	1.038485e+03	1.038645e+03	
1.042718e+03	1.027639e+03	1.027798e+03	
1.041328e+03	1.026731e+03	1.026890e+03	
1.053616e+03	1.043330e+03	1.043489e+03	
1.036841e+03	1.022543e+03	1.022702e+03	
9.980652e+02	9.890871e+02	9.892463e+02	
1.031347e+03	1.018450e+03	1.018609e+03	
1.043811e+03	1.025838e+03	1.025998e+03	
1.019278e+03	1.003023e+03	1.003182e+03	
1.050197e+03	1.042907e+03	1.043066e+03	
1.005485e+03	9.960518e+02	9.962109e+02	
1.027047e+03	1.011107e+03	1.011266e+03	
1.014673e+03	9.974279e+02	9.975871e+02	
1.005685e+03	9.939431e+02	9.941022e+02	
9.962638e+02	9.776315e+02	9.777906e+02	
1.065684e+03	1.050055e+03	1.050214e+03	
1.015607e+03	1.005490e+03	1.005649e+03	
1.051984e+03	1.043737e+03	1.043896e+03	
9.782810e+02	9.617535e+02	9.619126e+02	
1.020634e+03	1.009151e+03	1.009310e+03	
9.959317e+02	9.852349e+02	9.853940e+02	
1.026894e+03	1.014286e+03	1.014446e+03	
1.013161e+03	9.974522e+02	9.976114e+02	
1.021340e+03	1.008777e+03	1.008936e+03	
1.047449e+03	1.033003e+03	1.033162e+03	
1.019676e+03	9.999109e+02	1.000070e+03	
1.009945e+03	9.939397e+02	9.940988e+02	
1.077471e+03	1.058422e+03	1.058582e+03	
9.865190e+02	9.765079e+02	9.766670e+02	
1.072397e+03	1.052332e+03	1.052491e+03	
9.902321e+02	9.764215e+02	9.765806e+02	
1.004163e+03	9.922685e+02	9.924277e+02	
1.063924e+03	1.042422e+03	1.042581e+03	
1.002556e+03	9.854697e+02	9.856288e+02	
1.089045e+03	1.061607e+03	1.061766e+03	
1.042985e+03	1.028118e+03	1.028277e+03	
1.021247e+03	1.006189e+03	1.006348e+03	
1.041353e+03	1.022781e+03	1.022941e+03	
1.018838e+03	1.005024e+03	1.005183e+03	
1.063528e+03	1.045592e+03	1.045751e+03	
1.035500e+03	1.019223e+03	1.019382e+03	
1.053588e+03	1.038526e+03	1.038685e+03	
9.896412e+02	9.757917e+02	9.759508e+02	
1.046350e+03	1.037540e+03	1.037699e+03	
9.755345e+02	9.618028e+02	9.619619e+02	
1.003456e+03	9.927907e+02	9.929498e+02	
9.997686e+02	9.852459e+02	9.854051e+02	
1.047874e+03	1.024340e+03	1.024499e+03	
1.048730e+03	1.033865e+03	1.034024e+03	
1.001309e+03	9.875712e+02	9.877303e+02	
1.048585e+03	1.035557e+03	1.035716e+03	
1.048615e+03	1.036239e+03	1.036398e+03	
1.042664e+03	1.024359e+03	1.024518e+03	
1.001455e+03	9.859364e+02	9.860956e+02	
1.037260e+03	1.024036e+03	1.024195e+03	
1.030137e+03	1.021784e+03	1.021943e+03	
1.019797e+03	1.002450e+03	1.002609e+03	
1.073564e+03	1.054063e+03	1.054222e+03	
1.023534e+03	1.006066e+03	1.006226e+03	
9.865183e+02	9.759119e+02	9.760710e+02	
1.035577e+03	1.024429e+03	1.024588e+03	
1.034741e+03	1.017047e+03	1.017206e+03	
1.040961e+03	1.026307e+03	1.026466e+03	
1.025961e+03	1.016056e+03	1.016215e+03	
9.925912e+02	9.833238e+02	9.834829e+02	
1.034696e+03	1.023072e+03	1.023231e+03	
1.034238e+03	1.024065e+03	1.024224e+03	
1.002029e+03	9.820751e+02	9.822342e+02	
1.027172e+03	1.015754e+03	1.015913e+03	
1.045981e+03	1.027685e+03	1.027844e+03	
1.011725e+03	9.946014e+02	9.947605e+02	
1.041166e+03	1.024361e+03	1.024520e+03	
1.048948e+03	1.036754e+03	1.036913e+03	
1.029139e+03	1.009653e+03	1.009812e+03	
9.804358e+02	9.669958e+02	9.671550e+02	
1.004036e+03	9.924126e+02	9.925718e+02	
1.004478e+03	9.947151e+02	9.948742e+02	
1.014942e+03	9.985147e+02	9.986738e+02	
1.036472e+03	1.019526e+03	1.019685e+03	
1.037125e+03	1.019139e+03	1.019298e+03	
1.062704e+03	1.042395e+03	1.042554e+03	
1.039777e+03	1.026418e+03	1.026577e+03	
9.740453e+02	9.631695e+02	9.633287e+02	
1.040865e+03	1.030348e+03	1.030507e+03	
1.010300e+03	9.950806e+02	9.952397e+02	
1.036735e+03	1.020188e+03	1.020347e+03	
1.023203e+03	1.009060e+03	1.009219e+03	
9.997343e+02	9.813635e+02	9.815226e+02	
1.012331e+03	9.899291e+02	9.900882e+02	
1.001968e+03	9.893379e+02	9.894971e+02	
9.920444e+02	9.787909e+02	9.789500e+02	
1.025469e+03	1.005252e+03	1.005411e+03	
1.004353e+03	9.913289e+02	9.914880e+02	
1.004982e+03	9.938316e+02	9.939907e+02	
1.009389e+03	9.904897e+02	9.906488e+02	
1.074296e+03	1.059147e+03	1.059306e+03	
1.034888e+03	1.023274e+03	1.023433e+03	
1.047603e+03	1.028732e+03	1.028891e+03	
1.032208e+03	1.015200e+03	1.015360e+03	
1.050314e+03	1.030121e+03	1.030280e+03	
1.029579e+03	1.011830e+03	1.011989e+03	
9.819767e+02	9.635500e+02	9.637092e+02	
1.061624e+03	1.044296e+03	1.044455e+03	
9.971030e+02	9.819824e+02	9.821415e+02	
1.058025e+03	1.038477e+03	1.038637e+03	
1.031434e+03	1.016318e+03	1.016477e+03	
1.032874e+03	1.018787e+03	1.018946e+03	
9.877252e+02	9.681666e+02	9.683257e+02	
1.031566e+03	1.019022e+03	1.019182e+03	
1.010010e+03	9.884065e+02	9.885656e+02	
9.820181e+02	9.715008e+02	9.716599e+02	
1.000385e+03	9.824236e+02	9.825828e+02	
1.008377e+03	9.952378e+02	9.953970e+02	
1.066192e+03	1.055378e+03	1.055537e+03	
9.984152e+02	9.866892e+02	9.868483e+02	
1.029907e+03	1.019205e+03	1.019364e+03	
1.024688e+03	1.007434e+03	1.007593e+03	
1.024116e+03	1.009457e+03	1.009616e+03	
1.045175e+03	1.032177e+03	1.032336e+03	
1.016443e+03	1.008397e+03	1.008556e+03	
1.012150e+03	1.005221e+03	1.005380e+03	
9.875666e+02	9.807261e+02	9.808852e+02	
1.002093e+03	9.805822e+02	9.807413e+02	
1.005534e+03	9.923577e+02	9.925168e+02	
1.001522e+03	9.856270e+02	9.857861e+02	
9.976789e+02	9.854930e+02	9.856521e+02	
9.995011e+02	9.890425e+02	9.892017e+02	
1.020219e+03	1.005106e+03	1.005265e+03	
9.934103e+02	9.807491e+02	9.809082e+02	
1.024893e+03	1.013348e+03	1.013508e+03	
1.010834e+03	9.902168e+02	9.903759e+02	
1.044226e+03	1.019708e+03	1.019868e+03	
9.998205e+02	9.902727e+02	9.904318e+02	
1.070824e+03	1.055711e+03	1.055870e+03	
1.065735e+03	1.050255e+03	1.050414e+03	
1.013371e+03	9.974921e+02	9.976513e+02	
1.008727e+03	9.925570e+02	9.927161e+02	
1.013212e+03	9.966533e+02	9.968124e+02	
1.025597e+03	1.008569e+03	1.008728e+03	
1.038824e+03	1.028625e+03	1.028784e+03	
1.025932e+03	1.010503e+03	1.010662e+03	
1.001050e+03	9.830051e+02	9.831642e+02	
1.016533e+03	9.946611e+02	9.948203e+02	
1.030922e+03	1.018264e+03	1.018423e+03	
1.022865e+03	1.010153e+03	1.010312e+03	
1.042462e+03	1.033934e+03	1.034093e+03	
1.004551e+03	9.922215e+02	9.923806e+02	
1.075630e+03	1.059235e+03	1.059394e+03	
1.017163e+03	1.003508e+03	1.003667e+03	
1.031041e+03	9.978793e+02	9.980385e+02	
1.014782e+03	9.837220e+02	9.838811e+02	
1.025581e+03	1.017623e+03	1.017782e+03	
1.001694e+03	9.895591e+02	9.897182e+02	
9.945831e+02	9.723035e+02	9.724626e+02	
1.013581e+03	1.000265e+03	1.000424e+03	
1.068910e+03	1.058337e+03	1.058496e+03	
9.819617e+02	9.564209e+02	9.565800e+02	
9.886066e+02	9.750725e+02	9.752317e+02	
1.008322e+03	9.896330e+02	9.897921e+02	
9.920145e+02	9.754466e+02	9.756058e+02	
1.056151e+03	1.042285e+03	1.042444e+03	
1.029135e+03	1.021653e+03	1.021813e+03	
1.018986e+03	1.008658e+03	1.008817e+03	
1.081041e+03	1.061196e+03	1.061355e+03	
1.064794e+03	1.049551e+03	1.049711e+03	
1.005998e+03	9.955026e+02	9.956618e+02	
1.047864e+03	1.034264e+03	1.034423e+03	
1.006024e+03	9.958825e+02	9.960417e+02	
1.015311e+03	1.004545e+03	1.004704e+03	
1.011118e+03	9.979490e+02	9.981081e+02	
1.074593e+03	1.060746e+03	1.060905e+03	
1.003171e+03	9.906071e+02	9.907662e+02	
1.051139e+03	1.030218e+03	1.030377e+03	
9.856199e+02	9.725382e+02	9.726973e+02	
1.020019e+03	9.997309e+02	9.998901e+02	
1.062599e+03	1.042752e+03	1.042911e+03	
1.010149e+03	9.892813e+02	9.894404e+02	
9.913152e+02	9.772189e+02	9.773781e+02	
1.006869e+03	9.846612e+02	9.848203e+02	
1.002501e+03	9.895773e+02	9.897364e+02	
1.025954e+03	1.017312e+03	1.017471e+03	
1.064206e+03	1.046722e+03	1.046881e+03	
1.047802e+03	1.021118e+03	1.021278e+03	
1.026038e+03	1.007815e+03	1.007974e+03	
1.053903e+03	1.039575e+03	1.039734e+03	
1.020053e+03	1.008136e+03	1.008295e+03	
1.011350e+03	9.895724e+02	9.897315e+02	
1.035516e+03	1.020089e+03	1.020248e+03	
1.026036e+03	1.011246e+03	1.011405e+03	
1.020084e+03	1.001076e+03	1.001235e+03	
1.029145e+03	1.006373e+03	1.006532e+03	
1.047815e+03	1.032091e+03	1.032250e+03	
1.013115e+03	1.007074e+03	1.007233e+03	
1.041413e+03	1.026546e+03	1.026705e+03	
1.039833e+03	1.020398e+03	1.020557e+03	
1.027988e+03	1.012470e+03	1.012629e+03	
1.044893e+03	1.032681e+03	1.032840e+03	
1.014201e+03	1.004329e+03	1.004488e+03	
9.902330e+02	9.758335e+02	9.759926e+02	
1.017925e+03	1.011774e+03	1.011933e+03	
1.054980e+03	1.037857e+03	1.038017e+03	
1.041493e+03	1.028838e+03	1.028997e+03	
1.012579e+03	9.994057e+02	9.995648e+02	
1.003605e+03	9.848084e+02	9.849675e+02	
1.035892e+03	1.023270e+03	1.023429e+03	
1.024002e+03	1.014431e+03	1.014591e+03	
1.030331e+03	1.018245e+03	1.018405e+03	
9.924423e+02	9.789570e+02	9.791162e+02	
1.011412e+03	9.975521e+02	9.977113e+02	
1.024421e+03	1.009012e+03	1.009171e+03	
1.015876e+03	9.991793e+02	9.993384e+02	
1.040701e+03	1.024112e+03	1.024271e+03	
1.022463e+03	9.990497e+02	9.992088e+02	
1.023260e+03	1.000023e+03	1.000182e+03	
1.064014e+03	1.050260e+03	1.050420e+03	
1.000371e+03	9.803560e+02	9.805151e+02	
1.037517e+03	1.029092e+03	1.029251e+03	
1.015265e+03	9.989766e+02	9.991357e+02	
1.026962e+03	1.017043e+03	1.017202e+03	
9.913418e+02	9.711895e+02	9.713487e+02	
1.060403e+03	1.040027e+03	1.040187e+03	
9.823270e+02	9.695776e+02	9.697367e+02	
9.902425e+02	9.683956e+02	9.685548e+02	
9.960749e+02	9.856427e+02	9.858018e+02	
1.051178e+03	1.044372e+03	1.044531e+03	
9.941710e+02	9.804167e+02	9.805759e+02	
1.027709e+03	1.008601e+03	1.008760e+03	
1.015646e+03	1.007176e+03	1.007335e+03	
9.946864e+02	9.834427e+02	9.836018e+02	
9.799202e+02	9.640914e+02	9.642505e+02	
1.061179e+03	1.042390e+03	1.042549e+03	
1.032192e+03	1.010388e+03	1.010547e+03	
1.009823e+03	9.972563e+02	9.974154e+02	
1.052932e+03	1.037116e+03	1.037275e+03	
1.033587e+03	1.023469e+03	1.023628e+03	
1.053336e+03	1.036845e+03	1.037004e+03	
1.061029e+03	1.044540e+03	1.044699e+03	
1.030688e+03	1.021394e+03	1.021553e+03	
1.052809e+03	1.035159e+03	1.035318e+03	
1.037308e+03	1.024285e+03	1.024445e+03	
1.031642e+03	1.023150e+03	1.023309e+03	
1.019606e+03	1.001220e+03	1.001379e+03	
1.029535e+03	1.021352e+03	1.021511e+03	
1.032510e+03	1.019523e+03	1.019682e+03	
1.011556e+03	1.005605e+03	1.005765e+03	
1.038259e+03	1.024219e+03	1.024378e+03	
1.031620e+03	1.015992e+03	1.016151e+03	
1.001405e+03	9.848229e+02	9.849820e+02	
1.000382e+03	9.755462e+02	9.757053e+02	
1.010189e+03	9.966839e+02	9.968431e+02	
1.025855e+03	1.012029e+03	1.012188e+03	
1.048244e+03	1.038620e+03	1.038779e+03	
1.006622e+03	9.940174e+02	9.941765e+02	
1.034354e+03	1.016904e+03	1.017063e+03	
1.033280e+03	1.021980e+03	1.022139e+03	
1.034979e+03	1.014268e+03	1.014427e+03	
1.027318e+03	1.006495e+03	1.006654e+03	
1.013262e+03	1.004844e+03	1.005003e+03	
1.019707e+03	1.012625e+03	1.012784e+03	
9.963926e+02	9.792824e+02	9.794415e+02	
1.057956e+03	1.045622e+03	1.045781e+03	
1.014305e+03	9.898288e+02	9.899879e+02	
1.003452e+03	9.944431e+02	9.946022e+02	
1.033798e+03	1.014523e+03	1.014682e+03	
1.015697e+03	1.001267e+03	1.001426e+03	
9.929720e+02	9.808455e+02	9.810047e+02	
1.008322e+03	9.992318e+02	9.993910e+02	
1.011382e+03	9.986096e+02	9.987688e+02	
1.039089e+03	1.016335e+03	1.016494e+03	
1.035484e+03	1.017900e+03	1.018059e+03	
1.051193e+03	1.034760e+03	1.034919e+03	
9.965326e+02	9.834192e+02	9.835783e+02	
1.032249e+03	1.012248e+03	1.012407e+03	
1.030866e+03	1.023056e+03	1.023215e+03	
1.004003e+03	9.900372e+02	9.901963e+02	
1.081517e+03	1.061518e+03	1.061677e+03	
1.048745e+03	1.035707e+03	1.035867e+03	
1.004037e+03	9.932301e+02	9.933892e+02	
1.038989e+03	1.026635e+03	1.026795e+03	
1.005732e+03	9.897320e+02	9.898911e+02	
1.018376e+03	1.006771e+03	1.006930e+03	
1.034936e+03	1.019974e+03	1.020133e+03	
1.045662e+03	1.029526e+03	1.029685e+03	
1.062367e+03	1.039975e+03	1.040134e+03	
1.025304e+03	1.011775e+03	1.011934e+03	
1.010969e+03	9.974511e+02	9.976102e+02	
1.048894e+03	1.030943e+03	1.031102e+03	
9.870203e+02	9.693125e+02	9.694716e+02	
9.953542e+02	9.805189e+02	9.806780e+02	
1.055643e+03	1.042698e+03	1.042857e+03	
1.048272e+03	1.031277e+03	1.031437e+03	
1.027256e+03	1.006483e+03	1.006642e+03	
1.066392e+03	1.054322e+03	1.054481e+03	
1.063666e+03	1.043252e+03	1.043411e+03	
1.006158e+03	9.914772e+02	9.916363e+02	
1.013870e+03	1.003065e+03	1.003224e+03	
1.007823e+03	9.987802e+02	9.989393e+02	
1.047453e+03	1.035774e+03	1.035933e+03	
1.009155e+03	9.974886e+02	9.976477e+02	
1.031154e+03	1.017314e+03	1.017473e+03	
1.027910e+03	1.010543e+03	1.010702e+03	
1.004315e+03	9.872488e+02	9.874080e+02	
9.841778e+02	9.691248e+02	9.692839e+02	
1.040181e+03	1.027510e+03	1.027669e+03	
1.042103e+03	1.016790e+03	1.016949e+03	
1.076676e+03	1.060700e+03	1.060859e+03	
1.032799e+03	1.019687e+03	1.019847e+03	
1.042362e+03	1.027599e+03	1.027758e+03	
1.012508e+03	9.970899e+02	9.972491e+02	
1.012549e+03	9.994208e+02	9.995799e+02	
1.025398e+03	1.010885e+03	1.011045e+03	
1.054385e+03	1.041208e+03	1.041367e+03	
9.970228e+02	9.781329e+02	9.782921e+02	
1.016369e+03	9.965986e+02	9.967577e+02	
1.017597e+03	9.981405e+02	9.982996e+02	
1.044964e+03	1.025105e+03	1.025264e+03	
1.002204e+03	9.953499e+02	9.955091e+02	
9.988037e+02	9.893048e+02	9.894640e+02	
1.040511e+03	1.028902e+03	1.029061e+03	
9.930520e+02	9.857772e+02	9.859363e+02	
1.061581e+03	1.054337e+03	1.054497e+03	
1.013053e+03	1.002429e+03	1.002588e+03	
1.017939e+03	1.004178e+03	1.004337e+03	
1.014470e+03	1.002834e+03	1.002993e+03	
9.944142e+02	9.816626e+02	9.818217e+02	
9.792198e+02	9.633764e+02	9.635356e+02	
1.037777e+03	1.018247e+03	1.018406e+03	
1.033058e+03	1.023118e+03	1.023277e+03	
9.767351e+02	9.494039e+02	9.495630e+02	
1.052767e+03	1.033715e+03	1.033874e+03	
1.012245e+03	9.928367e+02	9.929958e+02	
1.053898e+03	1.046920e+03	1.047080e+03	
1.058402e+03	1.042847e+03	1.043006e+03	
1.019459e+03	1.011812e+03	1.011971e+03	
1.049838e+03	1.026868e+03	1.027027e+03	
1.036031e+03	1.012413e+03	1.012572e+03	
1.033693e+03	1.020235e+03	1.020394e+03	
1.025761e+03	1.010094e+03	1.010253e+03	
1.065967e+03	1.047539e+03	1.047698e+03	
1.036234e+03	1.028310e+03	1.028469e+03	
1.019789e+03	1.013794e+03	1.013953e+03	
9.976916e+02	9.788471e+02	9.790062e+02	
1.050187e+03	1.033562e+03	1.033721e+03	
1.027419e+03	1.009603e+03	1.009763e+03	
9.927608e+02	9.760838e+02	9.762429e+02	
1.039687e+03	1.018179e+03	1.018338e+03	
1.044831e+03	1.033230e+03	1.033389e+03	
1.010656e+03	9.966928e+02	9.968520e+02	
1.007581e+03	9.895806e+02	9.897397e+02	
1.021157e+03	1.010522e+03	1.010681e+03	
9.841150e+02	9.708184e+02	9.709775e+02	
9.862363e+02	9.729218e+02	9.730810e+02	
1.008196e+03	9.956713e+02	9.958305e+02	
1.039885e+03	1.030774e+03	1.030933e+03	
9.864506e+02	9.722359e+02	9.723950e+02	
1.020878e+03	1.002337e+03	1.002496e+03	
1.014054e+03	9.932920e+02	9.934511e+02	
9.992439e+02	9.890279e+02	9.891870e+02	
1.004347e+03	9.918471e+02	9.920062e+02	
1.025950e+03	1.015135e+03	1.015294e+03	
9.945189e+02	9.776739e+02	9.778331e+02	
9.967536e+02	9.730965e+02	9.732556e+02	
1.025381e+03	1.009586e+03	1.009746e+03	
1.056181e+03	1.046488e+03	1.046647e+03	
1.012979e+03	9.940815e+02	9.942406e+02	
1.016481e+03	1.006028e+03	1.006187e+03	
1.036336e+03	1.029047e+03	1.029206e+03	
1.003423e+03	9.927883e+02	9.929474e+02	
1.001787e+03	9.935682e+02	9.937273e+02	
1.026296e+03	1.013294e+03	1.013454e+03	
1.006705e+03	9.938944e+02	9.940535e+02	
1.030398e+03	1.021412e+03	1.021571e+03	
1.007883e+03	9.905466e+02	9.907057e+02	
1.025249e+03	1.002298e+03	1.002457e+03	
1.013959e+03	1.000916e+03	1.001075e+03	
1.056181e+03	1.044265e+03	1.044424e+03	
1.050469e+03	1.035780e+03	1.035939e+03	
1.034924e+03	1.016491e+03	1.016650e+03	
1.019441e+03	1.010340e+03	1.010499e+03	
1.013528e+03	9.930378e+02	9.931970e+02	
1.056179e+03	1.035238e+03	1.035397e+03	
9.748607e+02	9.532739e+02	9.534330e+02	
1.053827e+03	1.046383e+03	1.046543e+03	
9.949770e+02	9.781324e+02	9.782916e+02	
1.018841e+03	1.005444e+03	1.005604e+03	
1.007130e+03	9.900725e+02	9.902317e+02	
1.000712e+03	9.883868e+02	9.885459e+02	
1.020567e+03	9.929123e+02	9.930715e+02	
1.063671e+03	1.045815e+03	1.045975e+03	
1.009467e+03	9.959807e+02	9.961398e+02	
9.827603e+02	9.601487e+02	9.603078e+02	
1.037739e+03	1.026093e+03	1.026252e+03	
1.028606e+03	1.017229e+03	1.017388e+03	
1.042323e+03	1.036987e+03	1.037146e+03	
1.057439e+03	1.039893e+03	1.040052e+03	
1.009968e+03	9.951611e+02	9.953203e+02	
1.013336e+03	1.000986e+03	1.001146e+03	
1.029364e+03	1.016252e+03	1.016411e+03	
9.918532e+02	9.769674e+02	9.771265e+02	
1.043966e+03	1.010892e+03	1.011051e+03	
1.057971e+03	1.045467e+03	1.045626e+03	
1.035052e+03	1.014881e+03	1.015040e+03	
1.086589e+03	1.072126e+03	1.072285e+03	
1.070096e+03	1.057707e+03	1.057866e+03	
1.023547e+03	1.002319e+03	1.002478e+03	
1.030090e+03	1.018560e+03	1.018719e+03	
1.027583e+03	1.012695e+03	1.012855e+03	
1.012969e+03	9.946025e+02	9.947617e+02	
1.013248e+03	1.005098e+03	1.005257e+03	
1.025610e+03	1.015199e+03	1.015358e+03	
1.038268e+03	1.016865e+03	1.017024e+03	
1.035817e+03	1.024142e+03	1.024301e+03	
1.013442e+03	1.001782e+03	1.001941e+03	
1.008906e+03	9.861035e+02	9.862626e+02	
1.010533e+03	1.001386e+03	1.001545e+03	
1.037903e+03	1.024256e+03	1.024415e+03	
9.789110e+02	9.640571e+02	9.642163e+02	
1.030654e+03	1.019418e+03	1.019577e+03	
9.977151e+02	9.866170e+02	9.867761e+02	
9.807727e+02	9.698519e+02	9.700110e+02	
1.010730e+03	9.927709e+02	9.929300e+02	
9.895119e+02	9.709286e+02	9.710877e+02	
9.997062e+02	9.812702e+02	9.814294e+02	
1.050123e+03	1.039586e+03	1.039745e+03	
1.030251e+03	1.010041e+03	1.010200e+03	
1.017960e+03	1.004600e+03	1.004760e+03	
1.051460e+03	1.036542e+03	1.036701e+03	
1.017347e+03	1.006076e+03	1.006235e+03	
1.009471e+03	9.980310e+02	9.981902e+02	
1.013247e+03	1.001518e+03	1.001677e+03	
1.011213e+03	9.966904e+02	9.968495e+02	
9.943521e+02	9.717642e+02	9.719233e+02	
1.013966e+03	1.005257e+03	1.005416e+03	
1.023490e+03	1.016092e+03	1.016251e+03	
1.022617e+03	1.012040e+03	1.012200e+03	
1.048888e+03	1.032719e+03	1.032878e+03	
1.004918e+03	9.881221e+02	9.882812e+02	
1.021236e+03	1.013611e+03	1.013770e+03	
1.016346e+03	1.001400e+03	1.001559e+03	
9.812952e+02	9.660280e+02	9.661871e+02	
1.060035e+03	1.042637e+03	1.042796e+03	
1.012693e+03	9.975120e+02	9.976712e+02	
1.059210e+03	1.043443e+03	1.043602e+03	
1.016292e+03	9.966396e+02	9.967987e+02	
1.044569e+03	1.035273e+03	1.035432e+03	
1.023553e+03	1.002645e+03	1.002805e+03	
1.023448e+03	1.010152e+03	1.010311e+03	
9.976130e+02	9.874090e+02	9.875682e+02	
1.011976e+03	9.960735e+02	9.962326e+02	
1.023516e+03	1.012425e+03	1.012584e+03	
1.027738e+03	1.025545e+03	1.025704e+03	
9.991294e+02	9.837540e+02	9.839131e+02	
1.033628e+03	1.009745e+03	1.009904e+03	
1.043019e+03	1.026578e+03	1.026737e+03	
9.825545e+02	9.733681e+02	9.735272e+02	
1.029916e+03	1.016684e+03	1.016843e+03	
1.062425e+03	1.033137e+03	1.033297e+03	
1.006765e+03	9.874718e+02	9.876309e+02	
1.065005e+03	1.052504e+03	1.052664e+03	
9.940708e+02	9.778750e+02	9.780341e+02	
1.054559e+03	1.043947e+03	1.044106e+03	
1.011884e+03	1.005575e+03	1.005734e+03	
1.034564e+03	1.022672e+03	1.022831e+03	
9.904551e+02	9.739143e+02	9.740734e+02	
1.041911e+03	1.029863e+03	1.030022e+03	
1.006170e+03	9.925710e+02	9.927301e+02	
1.054539e+03	1.037357e+03	1.037516e+03	
1.010211e+03	9.899537e+02	9.901128e+02	
1.007575e+03	9.937583e+02	9.939174e+02	
1.038682e+03	1.031287e+03	1.031446e+03	
1.038824e+03	1.023041e+03	1.023200e+03	
1.013129e+03	9.945684e+02	9.947275e+02	
1.017085e+03	9.997617e+02	9.999208e+02	
1.042790e+03	1.021000e+03	1.021159e+03	
1.027360e+03	1.012651e+03	1.012810e+03	
1.018823e+03	9.996543e+02	9.998134e+02	
1.006473e+03	9.903754e+02	9.905346e+02	
1.012435e+03	1.000100e+03	1.000259e+03	
1.040949e+03	1.022801e+03	1.022960e+03	
1.076336e+03	1.062679e+03	1.062838e+03	
1.027878e+03	1.013782e+03	1.013941e+03	
1.021069e+03	1.002338e+03	1.002497e+03	
1.036576e+03	1.022908e+03	1.023067e+03	
1.033772e+03	1.017529e+03	1.017688e+03	
1.061573e+03	1.041203e+03	1.041362e+03	
1.028352e+03	1.022508e+03	1.022668e+03	
1.018128e+03	1.003063e+03	1.003222e+03	
9.928274e+02	9.792887e+02	9.794479e+02	
1.020865e+03	1.008770e+03	1.008929e+03	
1.024316e+03	1.012039e+03	1.012198e+03	
1.003649e+03	9.796575e+02	9.798166e+02	
1.047483e+03	1.023464e+03	1.023623e+03	
1.034480e+03	1.005336e+03	1.005495e+03	
9.871537e+02	9.719488e+02	9.721079e+02	
1.000939e+03	9.841486e+02	9.843078e+02	
1.005673e+03	9.907604e+02	9.909195e+02	
1.028419e+03	1.013008e+03	1.013167e+03	
1.032111e+03	1.018816e+03	1.018976e+03	
1.060815e+03	1.041724e+03	1.041883e+03	
1.006412e+03	9.886959e+02	9.888550e+02	
1.050339e+03	1.040007e+03	1.040166e+03	
1.095802e+03	1.080811e+03	1.080970e+03	
1.021109e+03	1.003830e+03	1.003989e+03	
1.002513e+03	9.873381e+02	9.874972e+02	
1.032742e+03	1.007431e+03	1.007590e+03	
1.034260e+03	1.018367e+03	1.018527e+03	
1.004863e+03	9.890789e+02	9.892380e+02	
1.048066e+03	1.036100e+03	1.036259e+03	
1.046440e+03	1.037177e+03	1.037336e+03	
9.767465e+02	9.609539e+02	9.611130e+02	
1.022342e+03	1.011463e+03	1.011622e+03	
1.020139e+03	1.005067e+03	1.005226e+03	
1.035827e+03	1.025969e+03	1.026128e+03	
1.002040e+03	9.900911e+02	9.902503e+02	
1.027970e+03	1.016505e+03	1.016665e+03	
1.040223e+03	1.022556e+03	1.022716e+03	
1.040549e+03	1.024090e+03	1.024249e+03	
1.005157e+03	9.898086e+02	9.899677e+02	
1.010769e+03	9.916441e+02	9.918032e+02	
1.032160e+03	1.020930e+03	1.021089e+03	
1.008041e+03	9.991116e+02	9.992707e+02	
9.954166e+02	9.816262e+02	9.817854e+02	
1.044191e+03	1.026577e+03	1.026736e+03	
9.966601e+02	9.796447e+02	9.798038e+02	
1.040223e+03	1.023038e+03	1.023197e+03	
1.040719e+03	1.032881e+03	1.033040e+03	
1.002886e+03	9.910293e+02	9.911884e+02	
9.942746e+02	9.790081e+02	9.791672e+02	
1.014025e+03	9.954681e+02	9.956272e+02	
1.051426e+03	1.032972e+03	1.033131e+03	
1.030907e+03	1.020878e+03	1.021038e+03	
1.033423e+03	1.024023e+03	1.024182e+03	
1.012009e+03	9.943102e+02	9.944694e+02	
1.058809e+03	1.036026e+03	1.036185e+03	
1.072062e+03	1.060058e+03	1.060217e+03	
1.009355e+03	9.963041e+02	9.964632e+02	
1.023151e+03	1.002339e+03	1.002498e+03	
1.040478e+03	1.030702e+03	1.030861e+03	
9.954496e+02	9.851149e+02	9.852740e+02	
1.001707e+03	9.872460e+02	9.874052e+02	
1.009868e+03	9.995689e+02	9.997281e+02	
1.045905e+03	1.037353e+03	1.037512e+03	
9.880999e+02	9.699875e+02	9.701466e+02	
1.037273e+03	1.016458e+03	1.016617e+03	
1.032139e+03	1.017207e+03	1.017366e+03	
1.048894e+03	1.039821e+03	1.039980e+03	
9.742332e+02	9.539957e+02	9.541548e+02	
1.003667e+03	9.934354e+02	9.935945e+02	
1.043114e+03	1.031055e+03	1.031214e+03	
1.019892e+03	1.007067e+03	1.007226e+03	
1.022941e+03	1.004510e+03	1.004669e+03	
1.052084e+03	1.038165e+03	1.038325e+03	
9.792154e+02	9.589588e+02	9.591179e+02	
9.979268e+02	9.776576e+02	9.778167e+02	
1.012832e+03	9.948851e+02	9.950442e+02	
1.013156e+03	9.973842e+02	9.975433e+02	
1.043383e+03	1.028205e+03	1.028364e+03	
1.051284e+03	1.040310e+03	1.040469e+03	
9.882918e+02	9.755483e+02	9.757075e+02	
1.003737e+03	9.775637e+02	9.777229e+02	
1.037056e+03	1.027234e+03	1.027393e+03	
1.030109e+03	1.014406e+03	1.014565e+03	
1.035257e+03	1.014097e+03	1.014256e+03	
1.002362e+03	9.837651e+02	9.839243e+02	
1.000426e+03	9.836054e+02	9.837645e+02	
1.035412e+03	1.025917e+03	1.026077e+03	
1.060941e+03	1.039161e+03	1.039320e+03	
9.922843e+02	9.803874e+02	9.805465e+02	
1.066970e+03	1.057562e+03	1.057721e+03	
1.025236e+03	1.003284e+03	1.003443e+03	
1.012650e+03	1.001549e+03	1.001708e+03	
1.005138e+03	9.909319e+02	9.910910e+02	
1.098458e+03	1.073356e+03	1.073516e+03	
9.975743e+02	9.824491e+02	9.826082e+02	
1.044191e+03	1.029446e+03	1.029606e+03	
1.105331e+03	1.084766e+03	1.084925e+03	
1.032193e+03	1.021108e+03	1.021267e+03	
9.884471e+02	9.637023e+02	9.638614e+02	
1.040665e+03	1.023992e+03	1.024152e+03	
1.042796e+03	1.035629e+03	1.035788e+03	
1.037560e+03	1.006319e+03	1.006478e+03	
1.003909e+03	9.906738e+02	9.908329e+02	
1.034876e+03	1.026732e+03	1.026891e+03	
1.060090e+03	1.049300e+03	1.049459e+03	
1.013742e+03	1.004554e+03	1.004713e+03	
1.043757e+03	1.027189e+03	1.027348e+03	
1.022486e+03	1.003751e+03	1.003910e+03	
1.024662e+03	1.018045e+03	1.018204e+03	
1.030989e+03	1.013070e+03	1.013229e+03	
1.006426e+03	9.902236e+02	9.903828e+02	
1.038232e+03	1.027104e+03	1.027263e+03	
1.031762e+03	1.018021e+03	1.018180e+03	
1.017953e+03	1.003785e+03	1.003944e+03	
1.030567e+03	1.013718e+03	1.013877e+03	
1.067350e+03	1.048461e+03	1.048620e+03	
1.022530e+03	1.011078e+03	1.011237e+03	
1.003344e+03	9.881226e+02	9.882817e+02	
9.910708e+02	9.829883e+02	9.831474e+02	
1.014469e+03	9.976885e+02	9.978477e+02	
1.021407e+03	1.004758e+03	1.004917e+03	
1.023139e+03	1.015141e+03	1.015300e+03	
1.017880e+03	1.001365e+03	1.001525e+03	
1.026746e+03	1.010403e+03	1.010563e+03	
1.028838e+03	1.018723e+03	1.018883e+03	
1.012882e+03	1.005014e+03	1.005173e+03	
1.019315e+03	1.006848e+03	1.007008e+03	
1.007169e+03	9.917189e+02	9.918780e+02	
1.001867e+03	9.882127e+02	9.883719e+02	
1.039500e+03	1.020461e+03	1.020621e+03	
1.001819e+03	9.918889e+02	9.920480e+02	
1.037623e+03	1.022939e+03	1.023098e+03	
9.903556e+02	9.725645e+02	9.727237e+02	
1.019307e+03	1.005447e+03	1.005606e+03	
9.856873e+02	9.743928e+02	9.745519e+02	
1.046907e+03	1.034251e+03	1.034411e+03	
1.004884e+03	9.955429e+02	9.957020e+02	
1.020933e+03	1.004777e+03	1.004936e+03	
9.935569e+02	9.768125e+02	9.769716e+02	
1.025721e+03	1.012484e+03	1.012643e+03	
