1.480517e-03	1.475525e-03	
1.661634e-03	1.661491e-03	
6.014061e-04	5.899337e-04	
1.182827e-03	1.179575e-03	
2.005986e-03	2.008989e-03	
1.605374e-03	1.612490e-03	
1.676426e-03	1.683503e-03	
2.247806e-03	2.248507e-03	
1.334968e-03	1.348022e-03	
1.627609e-03	1.619045e-03	
1.272283e-03	1.281663e-03	
1.413236e-03	1.423202e-03	
1.380100e-03	1.380556e-03	
1.316503e-03	1.327943e-03	
2.459708e-03	2.478555e-03	
1.288556e-03	1.278314e-03	
9.472739e-04	9.426661e-04	
1.391990e-03	1.395329e-03	
1.626277e-03	1.635956e-03	
1.780990e-03	1.795433e-03	
1.071518e-03	1.069647e-03	
1.336995e-03	1.331280e-03	
1.933370e-03	1.910955e-03	
2.009147e-03	2.021697e-03	
1.954717e-03	1.961943e-03	
2.317405e-03	2.323717e-03	
1.005186e-03	1.008840e-03	
1.580096e-03	1.583921e-03	
9.743094e-04	9.699118e-04	
1.734458e-03	1.744119e-03	
7.826397e-04	7.837298e-04	
7.125133e-04	7.154008e-04	
1.623547e-03	1.624647e-03	
1.192001e-03	1.202427e-03	
2.126460e-03	2.128607e-03	
1.625518e-03	1.628729e-03	
1.905214e-03	1.914017e-03	
7.120798e-04	7.199972e-04	
1.008265e-03	9.962238e-04	
1.567671e-03	1.562364e-03	
1.807322e-03	1.807160e-03	
1.573434e-03	1.572385e-03	
1.637432e-03	1.636788e-03	
1.798119e-03	1.809892e-03	
2.091663e-03	2.099305e-03	
7.034787e-04	7.032488e-04	
1.782446e-03	1.780482e-03	
1.336033e-03	1.332867e-03	
1.567747e-03	1.573982e-03	
1.883314e-03	1.887619e-03	
1.621184e-03	1.625495e-03	
2.074217e-03	2.078199e-03	
1.198302e-03	1.201213e-03	
1.595571e-03	1.579407e-03	
9.472423e-04	9.478050e-04	
1.601147e-03	1.613131e-03	
9.404460e-04	9.376508e-04	
2.039072e-03	2.036930e-03	
8.122843e-04	8.137966e-04	
8.317819e-04	8.327968e-04	
7.057666e-04	7.075098e-04	
1.384981e-03	1.393843e-03	
1.656499e-03	1.657456e-03	
1.337461e-03	1.329454e-03	
1.248927e-03	1.242034e-03	
1.205351e-03	1.204806e-03	
1.674805e-03	1.666622e-03	
8.774219e-04	8.814648e-04	
1.470340e-03	1.465498e-03	
1.269676e-03	1.266842e-03	
1.895843e-03	1.904323e-03	
1.269446e-03	1.273949e-03	
1.409894e-03	1.418786e-03	
2.096240e-03	2.109784e-03	
9.842934e-04	9.842892e-04	
1.520560e-03	1.512207e-03	
1.714765e-03	1.714795e-03	
7.686030e-04	7.688716e-04	
2.336776e-03	2.324419e-03	
1.170273e-03	1.163372e-03	
9.859970e-04	9.800963e-04	
1.463973e-03	1.470128e-03	
1.004379e-03	1.007337e-03	
9.396465e-04	9.335221e-04	
1.568971e-03	1.558592e-03	
2.035857e-03	2.031997e-03	
1.972440e-03	1.971888e-03	
1.576242e-03	1.587161e-03	
2.406970e-03	2.410805e-03	
1.053243e-03	1.071909e-03	
1.391745e-03	1.386101e-03	
7.545104e-04	7.523379e-04	
1.071503e-03	1.062410e-03	
1.243543e-03	1.236059e-03	
1.788871e-03	1.798283e-03	
1.215328e-03	1.219435e-03	
2.018914e-03	2.022475e-03	
1.208550e-03	1.204253e-03	
1.416489e-03	1.420679e-03	
1.925097e-03	1.923117e-03	
