    -3.203     0.882    -6.394
     6.000     4.732     0.913
     5.117     3.541     0.143
     1.177     1.400    -4.630
    -9.599    -1.155    -8.979
    -2.353     1.551    -4.295
     1.006     2.791    -1.486
    -1.780     1.492    -5.384
     0.112     1.573    -3.923
    -4.588     1.089    -5.022
     0.574     0.923    -4.889
     2.110     1.954    -3.448
    -1.435     0.920    -4.108
    -3.938     0.329    -7.390
    -0.685     1.633    -3.713
    -0.416     1.822    -4.359
    -3.428    -0.026    -7.628
    -0.821     1.921    -3.712
     1.829     2.392    -3.390
    -1.206    -0.017    -5.018
     2.415     1.328    -5.286
     3.511     2.853    -1.624
    -2.481     0.965    -6.944
     0.447     1.078    -3.222
     3.064     3.324    -1.700
     1.242     2.233    -5.115
    -1.511     1.700    -3.683
     4.933     2.994    -0.170
     0.548     1.184    -3.446
     1.149     2.198    -3.360
    -2.762     0.822    -5.014
     3.950     2.115    -1.042
    -4.320    -0.008    -6.126
     2.965     2.473    -2.319
     5.589     3.551    -0.197
    -0.277     1.964    -3.154
     5.101     3.156    -1.130
     0.892     2.390    -2.590
     1.722     2.362    -2.466
     1.665     1.510    -1.613
     4.591     4.047     1.702
     3.595     2.607    -1.833
    -2.859     0.839    -5.759
     6.607     3.391     0.133
     1.258     0.763    -5.152
     2.766     2.753    -1.335
    -6.234    -1.393    -7.774
     1.920     1.769    -3.262
    -0.427     2.940    -2.735
     1.167     2.048    -2.935
    -1.444     1.456    -3.412
    -1.467     1.592    -4.004
    -3.552     1.239    -3.784
    -3.187     0.543    -6.041
     2.207     3.070    -2.139
    -2.961    -0.894    -6.942
     1.165     2.342    -1.917
     2.616     2.183    -1.278
     4.165     2.844    -1.176
    -0.812     2.200    -3.657
     0.634     1.645    -1.898
    -6.093    -0.332    -7.109
    -0.304     1.784    -4.495
    -0.812     0.597    -6.111
    -1.712     1.237    -4.989
     1.740     2.936    -2.888
     0.351     0.807    -5.553
     7.973     3.852     1.467
     1.106     2.090    -3.137
     1.925     3.189    -1.661
     5.205     3.239    -0.920
     0.603     2.089    -3.298
     5.553     3.184    -1.154
    -1.066     0.824    -4.432
    -0.693     1.743    -4.196
    -1.381     0.633    -5.498
     5.052     2.745    -2.126
    -4.021    -0.554    -8.744
    -0.628    -0.210    -4.760
    -0.851     0.267    -6.435
     0.285     2.083    -3.091
    -2.642     0.628    -6.580
     1.941     1.742    -3.314
    -2.162     0.937    -4.336
     1.499     1.874    -2.391
    -2.014     1.768    -5.369
    -7.140    -0.935    -8.496
    -3.771     0.454    -5.771
    -3.381     1.090    -5.396
     4.188     3.053    -0.790
     4.568     2.607    -2.440
     0.392     1.365    -5.095
     1.258     1.298    -3.538
    -2.537     0.473    -5.825
     4.226     2.077    -3.248
    -2.955     0.661    -5.203
     0.808     0.683    -3.777
     3.549     2.395    -1.672
     0.545     1.363    -3.963
     4.563     2.844    -1.590
     2.413     2.532    -3.594
     2.711     3.180    -2.503
     1.354     2.067    -4.144
     0.745     1.345    -4.323
     0.726     0.128    -3.741
    -0.972     2.358    -3.229
    -2.460     0.894    -5.817
    -0.473     1.650    -6.276
     1.145     2.941    -2.492
     2.032     2.974    -2.474
     1.541     2.339    -2.452
     2.577     2.582    -2.257
    -2.813     0.740    -5.156
    -2.304     0.923    -5.827
     1.316     1.865    -1.770
     5.665     2.867    -0.766
     2.518     1.639    -3.892
     0.031     1.812    -4.022
    -2.403     0.275    -6.656
    -2.935    -0.332    -6.730
     0.875     0.620    -3.912
    -3.066     0.933    -5.763
    -3.087     0.246    -6.492
     3.500     3.191    -0.050
     5.606     2.661     0.411
    -1.582     1.199    -3.581
     0.092     0.731    -4.576
    -2.480     0.860    -5.595
     0.031     2.071    -4.566
    -1.196     1.285    -5.469
     0.171     1.243    -3.487
     1.156     1.978    -2.839
     5.718     3.749    -0.945
     4.161     2.865    -0.376
     3.165     2.343    -2.049
     1.751     1.899    -3.103
     5.605     3.219     0.068
     0.982     1.695    -4.686
    -1.745     0.413    -5.465
    -0.409     1.396    -4.089
    -2.150     0.556    -4.452
    -0.188     0.750    -4.531
    -2.183     1.353    -4.936
     0.667     1.763    -2.802
     2.703     2.136    -3.244
     4.897     2.921    -0.639
    -4.008     1.125    -5.420
    -1.175     1.113    -4.301
    -0.650     1.401    -3.739
     7.647     3.212     0.413
     3.290     2.040    -3.303
     1.548     1.057    -5.069
     0.577     1.902    -2.132
    -3.628    -0.229    -7.263
    -1.241     1.741    -4.020
     3.276     1.877    -2.911
     1.431     1.332    -2.761
    -0.592     2.389    -3.070
    -2.287     1.754    -5.047
     0.160     2.294    -2.898
     4.211     2.300    -2.065
     0.190     1.240    -3.641
    -2.326     1.128    -5.258
     5.762     1.769    -0.827
    -2.650     1.099    -5.094
     3.234     2.101    -2.166
    -1.609     1.462    -4.817
    -2.222     0.733    -5.461
    -5.230    -0.645    -6.640
    -0.017     0.940    -4.061
    -1.066     0.700    -4.464
    -1.208    -0.267    -6.443
    -4.332     0.439    -5.482
    -3.221    -0.355    -7.379
    -5.018     0.965    -6.646
     4.642     3.727    -0.266
     3.060     2.964    -2.260
     1.152     2.031    -4.886
    -2.318     0.494    -5.591
     3.492     2.094    -2.988
    -1.557     1.006    -4.784
     1.875     2.305    -4.031
     1.450     2.858    -2.180
    -0.008     0.875    -6.339
    -0.585     2.015    -3.225
    -8.577    -1.804   -10.496
     4.411     3.169    -1.027
    -1.982     0.340    -5.746
     0.458     1.651    -4.172
     1.462     2.068    -3.950
    -1.693     1.248    -6.368
    -1.538     1.756    -4.587
     3.344     2.431    -2.443
    -3.629    -0.863    -6.823
     3.030     2.063    -2.402
    -3.951     0.865    -5.712
     2.619     2.185    -3.182
     5.080     3.108    -0.813
     1.318     1.341    -3.599
     1.440     2.030    -3.246
     3.647     2.516    -0.723
    -2.895     0.773    -5.945
    -4.218     0.183    -5.137
    -0.961     0.197    -5.575
    -6.516    -0.914    -7.655
    -6.035    -0.997    -9.120
     0.054     0.508    -5.716
     0.123     0.641    -5.454
    -5.277     0.610    -6.318
    -3.280     1.392    -3.689
    -1.722     0.938    -4.891
    -2.617     0.355    -5.823
     2.901     2.728    -2.154
     2.641     3.060    -3.058
     0.313     1.885    -3.453
     0.032     0.888    -4.268
    -0.400     1.862    -3.637
     0.773     1.925    -3.430
    -2.378     0.905    -5.838
    -6.916    -0.514    -8.950
     1.588     2.170    -2.232
    -0.932     1.373    -3.873
    -3.240     0.013    -5.805
     4.654     2.527    -2.820
     4.664     2.376    -1.978
    -0.802     1.240    -4.243
     2.265     1.372    -3.910
    -5.906     0.340    -5.917
     2.743     2.790    -3.116
     3.752     2.057    -2.634
    -2.466     0.978    -5.665
    -2.592     0.460    -5.312
     1.508     1.724    -3.790
    -5.664    -0.906    -8.385
     0.394     1.507    -5.180
    -1.800     0.794    -6.279
    -0.016     1.800    -4.028
     2.024     3.048    -1.586
    -3.254     0.008    -6.683
     0.444     1.972    -4.025
     4.957     3.276    -0.891
    -1.909     0.329    -6.196
     0.638     2.486    -2.263
     0.076     1.566    -4.556
    -2.993     0.472    -6.683
    -1.632     0.178    -5.880
     1.160     2.230    -3.420
     0.084     1.152    -5.025
     0.893     2.600    -2.124
    -1.068     0.772    -5.628
    -0.732     1.256    -5.764
     4.648     2.459    -0.983
    -0.263     1.495    -3.458
    -0.562     1.392    -4.934
     0.512     2.759    -1.752
    -6.745    -0.852    -9.198
     1.003     2.565    -2.332
     1.055     2.604    -1.762
    -3.827    -0.313    -7.726
    -0.392     0.397    -5.988
    -1.575     1.245    -5.088
    -1.198     1.233    -4.713
    -1.877     1.081    -3.807
    -2.986     0.367    -5.670
    -1.222     1.101    -4.938
    -0.928     0.792    -5.029
    -0.436     2.026    -3.857
     2.251     3.046    -0.895
    -2.035     0.322    -4.560
    -1.254     1.495    -3.990
    -2.447     1.594    -4.684
    -3.264     0.143    -7.571
    -3.515    -0.434    -6.211
     2.166     1.423    -3.085
     6.196     4.084    -0.079
     0.219     1.111    -5.113
     1.753     2.087    -2.598
    -4.158     0.586    -6.753
     1.482     2.539    -2.524
    -5.634     0.770    -7.028
     0.636     1.904    -4.175
     1.601     3.767    -1.327
    -0.455     0.680    -3.461
    -1.791     1.061    -3.737
     2.318     2.410    -1.357
     3.254     2.841    -2.691
     1.605     2.939    -2.408
     0.185     1.607    -4.085
     1.691     1.409    -3.908
    -0.828     1.882    -3.702
    -4.687     0.502    -6.177
     7.560     3.156    -0.784
     0.893     1.535    -4.359
     0.105     1.095    -4.698
    -2.646     1.279    -4.224
    -3.321     0.017    -5.731
    -0.353     0.459    -4.767
    -0.016     1.346    -4.680
     1.674     3.224    -1.818
     2.699     1.551    -2.785
    -4.638    -0.340    -7.911
    -1.521     1.105    -3.819
    -4.229     0.880    -4.835
    -5.344    -0.650    -9.007
     1.964     1.575    -3.780
    -1.281     2.150    -3.678
     0.101     2.003    -4.121
    -2.449     0.651    -5.966
     0.175     1.554    -2.392
    -1.224     0.430    -5.320
    -4.771    -0.189    -6.806
    -1.340     1.149    -5.824
     0.172     1.890    -3.066
     0.014     0.906    -5.848
    -2.046     0.413    -5.503
    -4.702    -0.357    -6.446
    -3.526     0.729    -3.790
     1.116     1.803    -2.410
     3.647     1.623    -3.644
    -5.718    -0.348    -8.326
    -2.136     1.101    -5.931
    -0.065     1.682    -4.301
    -0.994     0.097    -5.092
    -1.643     0.913    -5.433
    -2.635     0.437    -6.596
     3.600     1.779    -2.636
     0.930     2.220    -2.377
    -4.162     0.268    -6.624
     1.643     2.200    -0.707
     3.125     3.632    -1.105
     3.495     2.317    -2.624
     0.145     1.245    -4.799
     0.762     2.638    -2.095
     1.425     2.426    -2.511
     6.305     3.003    -1.321
    -1.753     0.592    -6.624
     0.766     1.903    -3.100
     1.960     1.820    -3.237
     0.768     2.092    -4.475
    -1.582     1.241    -2.898
     0.973     1.676    -2.749
    -2.224     0.262    -6.649
    -3.100     0.172    -6.484
     5.531     2.909     0.015
     1.159     1.297    -3.725
    -4.860     0.085    -6.985
    -0.938     1.294    -3.486
     5.607     3.541    -0.440
     3.396     1.873    -1.932
    -0.980     1.424    -4.055
     3.391     3.140    -2.133
    -1.845     1.483    -4.182
     1.095     1.305    -2.902
     1.913     1.708    -3.303
     1.041     2.625    -1.983
    -5.054     0.424    -6.281
     1.763     1.744    -2.971
     1.431     2.304    -3.615
     1.385     1.876    -2.793
    -2.768     0.863    -5.641
    -0.936     1.331    -5.974
    -2.762     0.212    -5.298
    -0.343     2.232    -3.360
    -1.255     1.635    -3.913
    -4.936    -0.182    -8.570
     0.792     1.996    -4.323
     0.338     2.108    -3.925
    -5.699     0.399    -7.368
     3.385     2.305    -2.397
    -1.282     1.035    -5.433
     0.061     1.224    -4.543
    -3.255     0.645    -6.729
    -2.829     1.293    -4.425
    -0.912     1.333    -5.038
     0.592     2.950    -2.811
     5.074     1.745    -3.256
     4.717     2.609    -1.330
    -1.153     0.523    -5.177
     1.972     2.986    -1.619
    -3.502     0.798    -5.223
    -0.553     0.800    -5.646
     0.162     1.616    -3.531
    -4.427     0.089    -8.027
     0.754     1.942    -2.520
    -6.832    -1.410   -10.333
    -1.103     1.864    -5.254
     4.410     3.105    -1.372
     1.317     1.924    -2.722
    -3.106     0.837    -5.933
     5.572     3.436     0.603
    -2.359     0.525    -6.788
     3.415     2.171    -0.818
     1.916     3.240    -2.767
    -3.336     0.307    -6.654
     1.925     2.258    -1.472
     1.306     1.664    -3.721
    -0.980     1.159    -5.341
    -1.239     1.492    -5.214
     5.107     3.744     1.428
    -7.254    -1.595   -10.132
    -1.314     1.706    -4.517
    -3.795     0.707    -5.190
     1.120     2.895    -3.082
    -2.248     1.007    -5.769
    -4.566     0.767    -6.234
     1.122     1.862    -4.018
    -3.501     0.955    -4.349
    -7.099    -2.175    -9.688
     2.655     1.593    -4.188
     7.211     4.288     0.768
    -1.447     0.046    -6.981
    -0.721     0.705    -4.841
    -3.646    -0.106    -8.008
    -0.726     1.912    -3.080
     4.808     3.448     0.396
     1.433     1.790    -2.798
     1.398     1.453    -2.034
     0.318     1.766    -3.964
    -5.347    -0.960    -8.692
    -1.790     0.625    -5.089
     1.711     1.214    -3.366
    -1.721     0.859    -5.378
     2.190     1.130    -2.653
    -2.909     0.569    -6.032
     1.385     1.702    -3.087
    -1.422     0.945    -5.370
     1.470     2.106    -2.954
    -2.827     0.687    -6.872
    -0.992     0.928    -4.901
     3.696     2.854    -2.069
    -2.321     0.364    -5.127
     0.240     1.550    -4.376
     5.748     2.551     0.257
     1.007     1.772    -1.670
    -0.592     1.233    -4.868
    -2.920     0.763    -6.360
     1.060     2.368    -2.706
    -6.793    -0.318    -8.262
    -1.081     0.919    -5.247
     1.805     1.934    -2.873
     3.170     2.986    -1.415
    -0.913     0.980    -6.113
    -4.868    -0.401    -6.706
    -1.028     0.556    -6.178
    -4.503     0.682    -6.109
     2.264     1.291    -3.828
     0.200     1.577    -5.034
     1.465     2.648    -2.931
     4.518     1.946    -2.569
     1.195     2.090    -2.400
    -1.531     0.656    -6.074
    -2.249     1.817    -4.751
    -1.231     1.103    -4.713
    -0.541     0.848    -4.635
    -2.464    -0.253    -7.385
    -4.348    -0.180    -7.289
     0.384     1.853    -3.349
     3.795     3.613    -0.219
    -3.830    -0.122    -6.829
    -0.311     3.068    -2.541
     4.771     3.089    -0.812
    -0.650     1.523    -4.590
    -4.549     0.277    -5.855
    -1.918     1.665    -5.115
    -1.502     0.926    -5.226
    -0.329     0.767    -4.832
    -5.817     0.107    -7.452
     3.205     1.940    -2.938
     0.003     0.950    -3.919
    -0.650     0.646    -5.018
    -1.230     1.651    -4.248
     0.486     0.819    -4.057
     3.515     3.192    -0.423
    -4.136     0.325    -7.988
    -4.206     0.001    -7.185
    -2.848     0.687    -6.038
     1.806     2.021    -2.043
     0.289     2.460    -3.037
    -2.258     1.478    -4.947
    -0.088     1.718    -4.739
    -2.007     0.418    -5.792
     1.489     1.965    -3.619
    -5.369    -0.806    -8.345
     3.781     3.205    -0.497
    -0.183     0.929    -5.023
    -8.802    -0.042    -8.278
     5.995     3.534     1.959
    -0.723     0.950    -4.152
     3.084     3.316    -0.834
     0.029     1.871    -4.338
     1.869     0.942    -4.252
    -2.710     2.129    -5.737
     0.625     1.609    -3.703
     1.114     0.686    -5.091
    -0.474     1.512    -4.756
     4.581     2.093    -1.755
     2.342     2.079    -4.200
     0.413     2.367    -3.561
    -0.464     0.776    -5.959
    -4.112     0.291    -5.499
    -0.735     0.603    -6.038
    -1.257     0.897    -4.554
     2.316     1.874    -2.810
     2.042     2.471    -2.909
    -0.158     1.311    -4.511
    -0.391     2.021    -3.492
    -5.419    -0.456    -9.462
     5.340     2.523    -1.307
    -0.722     1.372    -3.622
     2.839     2.171    -4.000
    -1.024     1.777    -3.661
     5.208     3.897    -0.738
     5.042     2.959    -0.682
     3.479     2.922    -1.422
     0.626     1.558    -4.292
     0.614     2.215    -3.773
    -1.163     1.095    -5.344
    -1.304     1.006    -5.574
     0.867     2.028    -2.769
     2.201     1.585    -2.506
    -2.776    -0.132    -5.942
    -4.121    -0.058    -5.811
     3.163     2.430    -1.161
     2.765     1.993    -2.113
    -1.256     2.328    -4.048
     1.694     2.038    -2.601
    -1.890     0.919    -6.860
    -4.281     0.856    -5.637
     3.357     2.647    -1.561
    -2.313     0.768    -5.093
     1.318     2.492    -3.209
     0.862     1.730    -4.244
    -5.158    -0.078    -7.912
    -0.535     0.178    -5.731
     0.224     1.161    -4.880
    -2.321     0.927    -4.084
    -1.916     1.171    -4.004
     5.629     3.876    -0.877
     1.748     2.732    -1.541
    -5.066    -0.381    -7.214
     0.715     2.589    -2.825
     2.260     2.506    -1.315
     3.979     2.373    -1.477
    -4.380     0.305    -7.457
    -3.522     0.782    -7.088
     1.454     2.375    -2.578
     0.011     2.271    -3.171
    -5.057     0.181    -7.857
    -0.807     1.449    -4.758
    -4.014     0.146    -7.883
    -1.454     0.884    -4.111
    -4.776    -1.046    -9.532
    -4.039     0.219    -6.543
     1.368     2.268    -3.002
    -3.897     0.025    -6.767
    -2.546     0.559    -5.330
    -1.749     0.605    -5.163
    -2.620     1.559    -4.827
    -0.837     1.374    -3.841
    -3.235     0.836    -6.724
     1.135     1.793    -3.101
    -1.771     0.473    -6.300
    -3.233     0.214    -7.031
     0.554     1.735    -3.342
    -1.024     0.523    -5.029
    -1.924     0.846    -5.656
     2.523     3.011    -1.373
    -0.305     1.323    -5.051
    -0.935     2.720    -2.988
     0.438     1.313    -4.971
    -3.312    -0.195    -7.156
    -2.532     0.939    -4.574
     6.259     3.472     0.208
    -1.920     0.731    -5.817
    -0.146     1.503    -2.708
     0.652     1.463    -3.546
     2.939     2.633    -1.372
     2.957     2.966    -1.532
     1.304     1.694    -4.434
    -6.052    -0.588    -8.198
     0.838     1.668    -2.103
     1.817     2.282    -3.279
    -1.773     0.208    -6.327
    -0.932     1.393    -4.583
    -1.912     1.221    -4.624
     0.794     2.569    -2.548
    -2.412     1.352    -5.842
     0.456     1.638    -3.191
     0.683     1.990    -1.873
     0.457     1.251    -5.886
     2.716     2.873    -0.658
    -0.806     0.333    -5.357
    -3.731     1.040    -4.990
    -1.916     1.458    -5.137
     4.129     2.558    -1.043
    -0.924     0.986    -3.711
     2.247     1.089    -4.239
    -1.010     0.674    -5.642
    -0.658     0.162    -6.238
    -1.794     0.815    -5.827
    -1.220     1.361    -4.662
    -2.273     1.998    -3.061
    -2.173     1.315    -4.592
     1.435     2.611    -3.657
     5.951     3.434    -0.465
     1.006     2.592    -1.755
    -3.887     1.096    -4.817
     2.352     2.580    -2.582
     1.141     1.582    -4.196
     1.859     1.754    -2.686
    -1.981     0.326    -6.093
     1.684     2.014    -3.668
    -0.875     1.340    -5.579
     1.824     2.608    -2.213
     0.297     1.857    -4.703
    -3.170     0.467    -5.167
    -0.469     1.559    -3.463
     1.197     1.448    -3.374
     0.024     2.123    -2.535
     4.184     2.995    -0.029
    -2.252     1.270    -4.459
     2.494     1.662    -2.141
    -2.833     0.626    -5.852
     6.126     3.271     0.119
     1.791     2.308    -2.704
    -5.579     0.610    -6.582
     0.283     1.132    -4.478
     4.423     2.470    -1.786
     1.290     2.655    -2.774
    -2.320    -0.096    -6.496
    -0.671     2.065    -2.971
    -3.233    -0.011    -7.272
     3.149     3.099    -1.842
     3.240     2.864    -2.024
     1.435     1.255    -4.388
     1.262     2.383    -1.265
    -4.480    -0.602   -10.148
     3.401     2.109    -2.690
    -0.685     0.617    -4.762
    -3.346     0.776    -6.944
     2.711     1.407    -3.792
    -3.640     0.065    -7.884
    -2.451     0.870    -5.553
    -0.007     0.583    -5.898
     2.224     3.014    -0.641
    -3.125     0.449    -6.095
    -0.587     1.494    -5.009
     3.243     2.301    -1.886
     0.742     2.463    -2.581
    -2.804     1.040    -4.667
     1.998     1.755    -2.308
     1.024     1.451    -3.003
     1.002     2.435    -2.091
     0.870     1.160    -2.588
    -5.562    -0.457    -6.917
     2.898     2.743    -1.784
    -1.125     2.057    -4.761
    -2.983     0.559    -6.274
    -5.089    -0.897    -7.885
     2.049     2.056    -3.499
     0.518     1.198    -3.465
     2.041     2.688    -1.172
     0.589     1.836    -2.235
    -3.360     0.054    -6.767
    -4.992     0.387    -7.122
    -4.208     0.144    -6.710
     2.562     3.614    -2.191
     2.891     2.400    -2.621
    -2.441     1.562    -4.735
     0.528     1.911    -2.532
     6.414     3.302     0.246
    -3.391     0.211    -5.914
    -1.510     1.725    -5.032
    -0.478     1.024    -3.734
     1.553     2.252    -2.708
    -0.022     1.794    -3.896
     5.250     3.683    -0.728
    -2.512     1.261    -5.298
    -3.037     1.009    -6.127
    -6.266     0.535    -7.238
     1.137     2.176    -2.624
    -0.459     2.083    -4.847
    -3.899     0.380    -6.057
     0.754     2.267    -2.934
    -3.961     0.224    -4.968
    -3.110    -0.144    -6.964
    -1.011     1.706    -4.851
    -6.416    -0.668    -7.555
     0.648     1.659    -3.173
    -0.821     1.060    -5.182
     1.575     0.828    -5.401
    -2.777    -0.087    -5.257
     0.974     1.733    -3.094
     4.388     3.600    -0.620
     1.993     2.196    -2.911
     2.657     2.295    -1.824
    -2.346     1.858    -4.781
     3.109     2.508    -1.237
     4.597     3.095     0.211
    -1.709     0.862    -4.211
    -1.641     0.953    -6.591
    -2.865     1.091    -5.292
     0.236     2.444    -2.760
    -2.605     0.074    -6.412
    -0.803     1.292    -5.172
    -1.996     0.910    -6.155
    -0.929     1.431    -4.572
     0.979     1.708    -2.658
     1.048     2.041    -2.745
    -0.949     1.406    -3.155
     0.050     1.379    -4.190
    -1.048     0.328    -4.911
    -4.803     0.701    -5.687
    -2.165     0.436    -6.215
     2.680     1.393    -2.483
    -0.992     0.495    -4.541
     0.547     2.457    -2.712
     1.588     1.225    -2.633
    -2.756     0.211    -5.876
    -0.102     0.650    -4.952
     0.618     1.941    -3.512
    -6.585    -1.064    -9.464
    -1.654     2.381    -3.204
     6.802     3.344    -0.376
     0.710     0.557    -3.191
    -4.657    -0.771    -8.408
    -3.935    -0.761    -7.370
     1.337     1.653    -3.320
     3.807     2.173    -4.633
    -4.681    -0.497    -6.755
     1.703     1.465    -3.182
     1.103     1.635    -1.562
    -1.806     1.675    -5.212
    -1.077     1.333    -4.108
     1.586     2.056    -3.273
    -5.246    -0.801    -7.741
    -1.413     1.104    -3.521
     0.189     1.576    -4.417
    -5.417    -0.129    -7.092
     1.666     1.903    -2.992
    -0.553     0.678    -5.477
     5.714     2.764    -1.305
     2.407     2.479    -3.005
     2.658     1.404    -3.547
     0.980     1.877    -3.116
    -2.036     1.212    -6.631
    -0.289     1.736    -4.511
    -2.653     1.112    -4.705
     3.235     2.061    -2.913
    -0.684     1.395    -3.459
    -2.808     1.324    -4.927
     1.465     1.873    -3.331
    -2.155     1.489    -4.839
    -4.508     0.787    -7.417
     4.686     3.398     0.248
    -1.093     0.971    -4.564
     0.716     0.716    -4.524
     1.678     2.526    -3.916
    -0.546     2.058    -2.920
    -4.541     0.284    -5.694
    -3.514     0.902    -7.417
     0.989     1.913    -3.755
     2.171     1.963    -1.665
     0.926     2.014    -2.928
     2.252     2.734    -1.660
    -2.879     1.025    -6.705
    -1.739     0.819    -5.383
    -1.174     1.185    -5.054
     1.439     2.246    -4.106
     1.835     2.397    -2.329
     6.087     4.088     0.805
    -4.418    -0.448    -6.100
     0.578     2.736    -3.149
    -2.132     1.724    -4.667
    -3.451     0.742    -5.806
    -3.551     0.663    -6.146
    -2.791     0.690    -6.000
     2.194     2.318    -3.348
    -0.822     1.250    -5.489
     3.392     2.093    -1.912
    -0.130     1.020    -3.337
     4.396     2.778    -1.301
     2.488     3.098    -1.736
    -6.435    -0.445    -8.819
     2.507     2.676    -1.508
     3.010     2.331    -2.282
    -0.173     1.988    -4.243
     0.718     1.266    -4.027
    -3.386     0.437    -5.983
     1.213     1.468    -2.854
    -0.202     2.936    -2.042
     2.203     2.446    -3.576
    -0.572     0.466    -4.786
     0.069     1.515    -3.470
     5.529     3.356    -0.244
    -3.352     0.975    -6.216
    -1.905     0.983    -4.172
    -2.688     1.277    -5.501
    -1.681     1.307    -4.307
    -5.200    -0.077    -7.473
    -1.977     2.349    -4.963
    -0.919     0.838    -5.752
    -1.496     1.120    -5.268
     0.662     1.827    -4.631
    -4.045    -0.121    -7.463
    -1.444     0.691    -4.934
     0.517     0.977    -4.861
     0.545     2.240    -2.274
    -2.065     1.358    -4.786
     6.648     2.777    -0.389
    -5.317    -0.399    -7.244
    -2.732    -0.121    -5.206
    -1.288     1.864    -3.364
    -3.358     0.442    -6.331
    -5.222     0.615    -6.711
     2.914     2.345    -2.684
     0.167     1.424    -4.318
     6.527     2.840    -0.826
     2.697     2.042    -3.036
    -5.189    -0.502    -8.339
    -2.999     0.413    -6.144
     3.027     3.322    -0.925
    -2.751     1.350    -4.679
    -0.950     1.304    -4.640
     0.450     1.267    -4.517
    -4.181     0.345    -7.621
    -4.979    -0.095    -6.971
    -0.579     1.882    -3.116
     0.880     1.662    -5.871
     2.054     1.570    -3.059
     3.735     1.514    -3.771
     2.908     2.651    -1.644
    -5.062    -0.873    -7.569
    -0.079     1.400    -3.325
    -1.140     1.290    -4.459
    -2.478     0.220    -6.628
    -0.844     0.980    -5.600
    -5.139    -0.292    -7.062
    -1.581     0.389    -5.463
     1.737     2.052    -2.533
    -0.391     2.198    -3.688
    -0.448     1.729    -4.788
    -1.859     1.158    -6.362
     1.442     1.614    -3.778
     0.219     1.820    -3.641
     1.600     2.453    -1.405
     0.211     2.964    -1.275
    -1.841     1.081    -5.135
    -3.391     0.619    -5.333
    -0.859     1.041    -5.086
    -2.373     0.938    -3.618
     1.292     1.741    -4.572
    -5.840    -0.619    -7.927
     2.672     0.423    -4.886
    -1.986     1.303    -4.750
     2.441     1.790    -1.151
     2.791     2.527    -2.583
    -6.378     0.662    -6.709
    -0.078     0.936    -5.190
     1.889     1.605    -3.975
    -0.297     0.765    -5.272
     5.188     3.306    -0.049
    -0.317     1.848    -3.690
     0.911     1.893    -3.622
    -3.925     0.570    -6.178
    -2.353     1.507    -5.530
    -0.351     0.560    -5.029
     1.652     2.931    -1.921
     0.137     1.007    -5.491
     1.231     2.273    -2.873
     0.008     1.074    -3.550
     1.269     1.426    -3.673
    -0.690     1.611    -4.002
     0.095     2.417    -5.049
    -5.675     0.613    -7.226
    -1.649     1.270    -4.688
    -0.863     1.279    -4.397
    -0.473     1.264    -5.840
    -0.913     1.318    -4.548
    -2.666     0.486    -5.176
    -3.662     0.516    -6.335
    -3.115     0.055    -6.175
     0.051     1.140    -4.762
    -2.296    -0.081    -5.377
     1.403     2.147    -3.289
     1.002     1.836    -3.766
     2.345     2.443    -1.922
    -3.135     0.491    -5.793
     5.039     1.855    -1.315
    -2.602     1.455    -4.182
     3.696     2.188    -3.264
     1.133     2.341    -4.346
    -3.656     0.865    -6.141
     4.222     2.434    -1.522
     6.706     4.377     0.584
    -3.269     0.139    -6.623
     2.745     2.093    -3.073
     3.740     1.886    -2.249
     1.295     1.275    -2.267
     4.531     2.636    -1.839
    -4.734     0.273    -7.038
    -0.645     1.909    -4.271
    -1.760     1.264    -3.514
     0.015     1.433    -3.849
    -3.464    -0.266    -7.332
    -1.617     0.748    -5.503
    -3.003     0.381    -5.128
    -4.573    -0.113    -8.220
     2.847     1.897    -3.504
    -2.433     1.170    -6.138
    -3.307     0.875    -5.748
    -3.436     0.582    -6.861
    -3.561     0.653    -6.505
    -0.284     1.853    -3.570
     2.287     2.228    -1.789
     0.496     1.368    -3.829
     4.778     1.932    -0.410
    -3.901     0.500    -8.101
    -1.604     1.539    -5.600
     2.165     1.679    -4.326
    -0.349     1.027    -3.183
    -4.504     0.220    -7.018
    -2.785     1.635    -5.542
    -1.622     1.073    -5.721
    -0.035     1.262    -4.030
     0.231     1.763    -3.744
    -2.775     0.697    -6.195
     1.317     1.437    -3.765
     2.581     1.584    -4.242
     4.130     1.340    -2.158
    -1.117     1.633    -5.065
     5.230     3.280    -0.792
    -1.892     1.752    -5.245
    -0.466     0.708    -4.796
    -1.170     1.243    -5.029
     0.496     2.032    -2.882
    -3.359     0.268    -6.725
    -2.740     0.322    -6.391
     1.859     2.414    -2.240
    -0.791     1.152    -4.497
    -2.034     0.319    -6.157
     3.931     2.500    -2.599
    -4.943     1.813    -5.638
    -2.320     0.535    -5.299
    -2.097     1.280    -4.521
     2.889     2.737    -2.755
     0.674     2.048    -3.134
    -6.278     0.470    -7.662
     1.039     2.666    -3.717
     0.560     1.671    -3.385
     5.002     2.420    -1.551
    -3.563     0.512    -5.822
     3.790     1.932    -3.170
    -0.529     0.783    -4.030
    -2.593     0.333    -6.542
    -2.793     0.421    -5.936
    -1.539     0.819    -5.007
    -4.223     0.453    -6.142
    -3.524     0.674    -5.719
     1.784     1.019    -4.188
     2.967     2.337    -3.167
    -1.578     1.072    -4.893
    -1.895     1.471    -5.775
     1.496     2.162    -2.829
    -0.083     1.848    -4.214
     1.466     1.429    -5.080
    -2.294     1.358    -4.797
     2.646     2.211    -2.935
    -2.106     1.296    -4.541
    -4.223     0.240    -7.890
     0.403     1.526    -4.295
    -3.304     0.090    -6.431
    -2.667     1.516    -3.945
     2.083     2.137    -2.227
    -4.896     0.271    -6.789
    10.002     4.448     0.678
    -0.202     1.614    -4.166
     1.791     1.193    -4.407
     6.406     4.128     2.112
    -1.019     1.949    -3.530
     1.803     2.474    -1.714
     1.238     2.415    -3.364
    -4.154     0.872    -6.728
     0.095     0.419    -4.864
     1.667     2.327    -3.841
    -0.164     1.167    -4.215
     1.069     0.597    -4.279
    -0.322     2.022    -3.078
     2.845     2.115    -1.753
    -1.969     0.580    -5.316
     0.614     1.432    -4.363
     0.497     1.136    -4.192
     1.842     1.691    -1.870
    -4.035     1.352    -5.746
     1.142     1.801    -3.464
    -0.823     1.283    -4.418
    -2.086     0.510    -4.844
    -0.237     2.532    -2.947
    -4.818    -0.354    -7.043
     1.729     2.645    -2.576
    -2.102     0.962    -5.185
     2.751     1.904    -1.182
     0.840     2.088    -4.060
     4.098     2.510    -1.247
     3.244     2.445    -1.317
    -3.545     0.929    -5.439
     2.099     2.422    -3.421
    -0.279     0.492    -3.333
    -0.811     1.772    -3.398
    -1.636     0.610    -5.397
     0.504     2.317    -3.787
     1.687     1.497    -3.567
     2.132     1.842    -3.081
     1.242     1.156    -3.681
     0.988     2.571    -1.992
     5.294     3.759     0.758
    -1.948     0.849    -5.692
    -1.032     1.500    -3.906
     0.196     0.820    -4.817
     2.464     1.778    -3.322
     4.164     3.470    -0.143
    -4.924    -1.249    -8.861
    -1.908     1.746    -4.356
     2.147     2.947    -0.711
    -5.366    -0.151    -7.127
    -2.067     0.332    -6.526
    -1.417     2.058    -2.387
    -2.050     0.600    -6.775
     1.503     2.786    -1.870
    -3.977     0.751    -5.574
    -0.615     2.993    -3.812
     1.386     1.435    -2.576
    -4.063     0.892    -6.031
    -1.066     1.080    -4.350
    -1.953     0.333    -6.788
    -3.357    -0.676    -8.134
    -0.917     1.294    -4.592
    -1.107     1.395    -5.128
    -0.018     2.101    -4.546
     4.080     3.388    -0.260
    -1.049     1.163    -4.265
     2.491     1.960    -2.028
    -2.826     1.286    -4.798
    -2.896     0.880    -6.346
    -0.557     0.418    -4.872
     0.725     1.158    -5.357
    -2.603     1.052    -5.131
     3.816     3.106    -2.669
    -2.060     0.236    -5.414
     1.903     2.091    -2.679
     2.578     3.527    -1.719
     1.440     1.615    -2.502
     2.021     2.503    -1.786
     2.228     2.074    -2.829
     1.526     1.391    -3.517
    -1.585     2.112    -4.650
     2.561     2.254    -3.057
    -6.580    -1.354    -9.304
     3.432     2.195    -2.100
     3.797     3.029    -0.756
    -0.652     2.092    -2.669
     6.754     3.594     1.318
     3.795     2.370    -1.346
     4.640     3.085    -1.205
    -2.243     1.120    -5.859
     2.256     1.870    -3.346
    -0.118     1.888    -4.223
    -5.909    -0.863    -8.127
     0.224     1.783    -2.879
    -1.025     1.396    -4.971
    -4.420    -0.234    -5.127
     1.139     1.389    -4.157
     0.006     2.248    -3.785
    -2.124     1.175    -4.557
     0.462     1.348    -3.704
    -0.386     1.100    -3.778
     4.092     2.582    -1.942
     4.346     2.798    -0.510
     3.179     2.671    -2.280
    -2.509     0.961    -6.259
     0.607     0.794    -4.953
     1.609     3.729    -1.329
    -0.215     1.053    -3.934
    -0.238     0.965    -4.091
     0.877     1.521    -3.271
     3.630     2.813    -1.489
     1.226     2.785    -1.173
    -3.913    -0.614    -6.011
     1.393     1.549    -3.769
    -1.263     1.044    -3.964
    -1.878     1.563    -5.541
    -4.026    -0.877    -8.545
     5.299     2.927    -0.652
     1.160     0.918    -4.477
    -0.708     1.106    -5.016
    -3.863     0.073    -5.687
     0.770     0.927    -2.731
    -0.264     0.294    -6.684
     2.996     2.690    -1.649
    -1.377     1.185    -4.738
    -2.656     0.142    -7.334
     5.736     3.344     0.264
     3.585     2.212    -1.222
     1.426     1.576    -2.564
     5.608     3.940     0.550
     1.912     2.114    -4.115
    -1.891     0.250    -6.395
     0.585     0.823    -5.079
     0.199     1.658    -4.066
    -1.553    -0.244    -6.059
    -1.229     1.048    -5.237
     0.689     1.898    -2.943
     4.865     3.496     0.241
    -1.599     0.814    -5.132
    -0.125     1.241    -4.136
     2.115     2.247    -2.484
    -2.164     0.854    -5.452
     3.320     3.172    -1.430
    -7.827    -1.457   -10.022
    -1.885     0.979    -5.460
    -1.659     0.301    -5.732
    -5.146    -0.180    -8.653
     0.086     0.840    -5.557
     0.267     0.999    -4.333
     0.781     1.757    -2.962
     2.877     2.624    -2.684
    -3.247     0.299    -7.310
    -0.945    -0.114    -5.999
     4.598     3.302     0.822
    -1.297     1.112    -3.262
    -5.952    -1.156    -8.485
     2.530     1.449    -4.345
    -3.172    -0.560    -6.750
     1.274     0.930    -4.722
     2.236     1.981    -3.355
     5.192     3.237    -3.003
     5.603     3.108     0.748
    -0.780     1.086    -4.948
    -1.854     1.009    -6.198
     2.516     1.891    -2.232
    -1.177     1.313    -3.771
    -0.812     1.414    -5.358
     1.161     0.641    -4.812
    -1.282     1.379    -4.282
     0.028     1.514    -4.312
    -1.210     0.886    -5.536
     3.833     3.152    -0.681
    -0.579     1.530    -4.526
     6.523     2.702    -1.050
    -1.842     1.849    -3.882
     2.652     1.298    -4.043
     0.119     2.004    -2.108
    -1.923     0.970    -6.099
     3.495     2.680    -2.192
    -1.282     1.602    -5.111
     1.273     2.694    -2.151
     1.975     2.336    -2.565
    -0.362     1.452    -4.797
     1.938     3.017    -2.037
     3.675     3.148    -1.413
     0.999     1.394    -3.038
    -0.622     0.349    -6.622
    -0.129     1.068    -5.012
    -2.228     1.095    -4.776
     0.565     1.129    -3.379
     1.233     1.071    -4.060
    -2.921     0.658    -6.000
     0.259     1.068    -3.386
     0.624     1.719    -3.007
     5.520     3.237    -1.632
    -1.008     1.377    -4.106
    -3.513     0.117    -5.652
     5.364     2.703    -1.588
     0.372     0.375    -4.300
    -3.212     0.927    -6.771
     3.519     2.740    -1.763
    -0.256     1.754    -2.832
     5.475     3.722     1.058
    -1.370     0.437    -5.976
    -5.534    -0.113    -7.675
    -1.707     1.445    -3.710
     4.937     2.748    -1.321
    -0.825     1.343    -4.163
    -2.420     0.362    -5.865
     2.840     1.835    -1.626
     1.244     2.054    -2.233
    -0.956     0.727    -4.331
    -1.472     0.665    -4.734
    -4.903     0.287    -8.386
     2.640     1.317    -5.236
     2.209     0.722    -4.031
    -0.235     1.821    -3.059
    -0.874     1.375    -4.397
     0.373     2.508    -3.985
     2.027     2.348    -3.521
    -2.959     0.515    -5.260
     1.598     1.541    -2.596
    -1.406     0.115    -6.764
     3.462     2.838    -2.124
     1.947     1.460    -1.355
    -3.025     0.296    -6.051
    -0.547     1.459    -3.548
    -2.728     0.118    -5.736
    -1.242     1.010    -5.684
     0.416     2.039    -3.879
    -0.563     0.879    -5.266
     0.935     0.997    -4.859
    -1.621     0.482    -4.903
     1.375     1.178    -3.510
     5.479     3.070    -0.845
     5.723     3.470    -0.333
    -6.040    -0.669    -8.067
    -0.206     2.156    -3.825
     1.764     2.460    -2.487
    -4.302     0.041    -5.818
    -2.118     1.570    -5.984
    -1.651     0.851    -6.059
    -0.995     1.676    -5.140
     0.326     0.691    -6.174
     1.763     3.076    -2.594
    -4.199    -0.231    -8.203
    -2.678     1.786    -5.125
    -4.063     0.026    -7.355
     5.203     2.930    -0.167
     1.361     0.574    -4.135
    -2.443     1.457    -4.518
     5.169     2.666    -1.948
     2.687     2.025    -3.012
     4.211     3.056    -0.813
    -2.935     0.016    -7.870
     3.757     2.924    -2.912
    -2.839     0.065    -6.333
     7.040     4.403     0.961
    -1.488     0.247    -6.792
     5.095     2.702    -1.659
    -2.552     1.153    -4.004
    -3.817    -1.592    -8.473
     3.135     3.057    -1.589
    -2.258     0.294    -6.474
     1.191     1.589    -4.120
     2.315     2.321    -3.328
    -8.947    -0.813   -10.153
    -0.845     1.324    -3.125
    -4.066     0.161    -7.628
     4.098     2.953     0.139
    -4.595    -0.098    -5.528
     1.756     1.781    -1.843
    -2.521    -0.110    -7.865
    -1.019     1.722    -4.162
     1.809     2.114    -2.816
    -1.492     0.812    -3.001
     2.227     2.112    -2.257
    -0.458     1.277    -3.978
     0.575     0.724    -6.159
     1.166     0.473    -5.001
     2.554     1.391    -2.418
    -2.857     0.889    -5.981
     0.545     1.940    -3.192
    -3.482    -0.521    -8.298
     4.629     2.258    -1.189
    -1.674    -1.006    -8.021
     2.385     1.911    -3.224
     3.572     2.731    -1.119
     2.155     1.974    -3.108
    -1.901     0.221    -6.008
     3.287     2.331    -2.684
     2.953     3.034    -0.202
     0.018     1.119    -3.263
    -3.336     0.917    -5.837
    -0.172     2.226    -3.337
    -0.002     1.379    -4.754
     0.813     1.957    -3.485
    -0.273     1.976    -2.198
    -1.268     2.070    -3.753
    -2.325     0.648    -4.933
    -0.754     1.728    -2.864
    -3.135     0.662    -5.592
     0.179     0.731    -4.870
    -2.264     0.650    -5.846
    -1.521     1.355    -4.996
     0.217     2.182    -3.354
    -3.457    -0.090    -7.890
    -0.418     0.510    -6.187
    -0.763     1.259    -5.058
    -2.684     0.324    -5.226
     2.898     2.454    -0.763
     0.187     2.104    -4.299
     1.972     2.639    -2.975
    -0.344     1.482    -4.677
     1.806     2.603    -2.799
     0.198     0.738    -4.834
     3.090     2.504    -3.103
    -0.809     1.449    -2.504
    -4.156     0.825    -5.579
    -1.245     1.447    -4.822
    -2.557     1.264    -4.912
    -0.186     1.679    -4.022
     9.105     4.591     2.457
     2.844     2.917    -0.292
    -0.086     1.128    -4.205
    -0.760     2.003    -4.535
     2.684     2.303    -2.767
     6.529     2.938    -1.482
     1.278     1.821    -3.523
    -5.547     0.126    -5.763
    -2.347     0.889    -4.677
    -4.370    -0.929    -7.154
    -2.662     0.817    -4.963
     2.140     1.211    -4.184
     2.258     2.257    -1.925
     0.676     1.772    -2.264
     0.370     2.019    -3.479
    -2.140     0.047    -6.531
     2.952     1.799    -2.923
     0.563     0.831    -5.007
    -1.433     0.177    -5.818
    -0.637     1.602    -3.822
    -1.212     1.338    -4.761
    -0.486     1.715    -3.511
    -0.966     0.633    -6.347
     2.836     2.334    -3.728
    -2.318    -0.200    -5.222
    -0.249     1.889    -4.507
     5.244     3.401    -0.177
    -0.318     1.348    -4.324
     0.624     1.996    -3.185
    -1.716     1.824    -3.982
    -2.130     0.548    -7.669
     0.175     1.773    -2.576
    -1.639     0.955    -5.529
     4.678     2.124    -1.829
    -8.997    -0.777    -9.369
    -5.413     0.532    -6.805
    -0.606     0.863    -6.198
    -2.958     0.265    -7.376
    -0.279     1.695    -5.647
     0.621     1.224    -4.382
     1.643     1.811    -2.661
     4.946     3.206    -1.414
     1.868     1.981    -3.254
    -1.742     1.140    -5.273
     2.669     2.645    -2.006
     2.126     1.769    -3.776
    -0.089     1.163    -3.659
     1.220     1.369    -3.469
    -1.756     1.068    -5.336
     2.280     2.276    -2.092
    -0.411     0.528    -6.016
     2.331     1.998    -3.306
     1.888     2.950    -2.690
    -3.898     0.571    -6.780
     1.597     1.980    -3.701
     2.857     2.051    -2.827
     3.246     2.586    -1.024
    -0.172     0.479    -5.242
     1.437     1.697    -2.823
     2.033     1.679    -3.804
    -4.772     0.028    -6.847
    -2.453     1.872    -3.871
     0.191     1.976    -2.804
     1.352     1.134    -4.510
     5.972     2.802    -1.167
    -2.080    -0.211    -8.319
     3.323     3.178    -1.370
    -7.439    -0.479    -8.190
    -2.261     0.762    -5.193
     2.053     3.004    -0.489
    -2.105     0.181    -7.022
    -3.520     0.643    -5.772
    -5.191    -0.907    -7.402
    -2.823     1.099    -5.547
     1.371     1.457    -3.726
     0.689     1.583    -3.843
     2.861     2.111    -2.539
     3.824     0.713    -4.282
     3.675     3.385    -1.069
    -0.583     1.312    -4.686
    -2.951     1.557    -4.310
     1.490     1.073    -4.423
    -2.760     0.815    -5.421
     1.979     2.504    -3.326
     4.544     2.240    -1.795
     0.261     2.290    -3.668
     1.179     1.226    -2.774
     2.780     2.785    -1.904
     7.800     4.495     0.987
     2.781     1.672    -3.037
    -4.711     0.633    -6.479
     1.568     1.651    -4.900
     1.659     2.551    -3.625
     2.969     2.334    -2.039
    -0.441     1.536    -3.581
     6.932     3.096     0.855
     2.394     2.069    -2.398
    -3.117     0.528    -5.285
     7.520     4.289    -0.823
    -6.643    -0.340    -8.735
     0.031     2.425    -3.391
     0.488     2.127    -3.192
     1.790     2.129    -2.452
    -2.829     1.204    -5.393
     2.211     2.123    -1.942
     0.314     2.678    -3.348
     0.057     1.450    -4.437
     2.372     2.476    -2.218
     1.501     1.895    -2.550
     5.022     3.483    -0.186
    -0.028     2.622    -2.035
    -3.523     0.570    -4.827
     1.048     1.774    -4.789
     2.228     1.967    -2.907
    -4.099    -0.662    -6.695
    -3.848     1.326    -5.371
    -3.338     0.359    -6.467
    -2.188     0.657    -4.167
    -0.125     1.290    -4.364
     1.385     1.637    -2.970
    -2.883     0.572    -5.829
    -0.983     1.324    -3.396
    -2.543     0.414    -5.497
     1.656     2.008    -1.832
    -2.046     0.909    -5.168
    -3.685    -0.258    -6.804
     0.431     1.528    -3.567
    -1.517     0.490    -5.250
    -0.412     2.086    -3.288
    -4.314    -0.201    -6.406
    -4.712    -0.378    -7.332
     1.675     2.475    -2.726
     2.147     1.861    -2.595
    -2.116     1.219    -5.468
     0.242     2.266    -1.781
    -1.023     1.094    -5.143
     0.481     1.310    -5.081
     5.092     3.718    -1.223
     4.938     2.754    -0.789
    -4.153     0.228    -5.957
     6.088     2.349    -1.077
    -0.417     1.257    -4.501
     1.812     2.772    -1.523
    -1.429     1.656    -4.770
    -2.695     1.383    -4.413
     7.098     4.659     1.507
    -2.094     0.694    -5.619
     2.724     1.853    -2.804
     1.099     1.879    -2.115
    -0.375     1.300    -3.477
     0.300     1.766    -1.934
    -3.386    -0.262    -7.000
    -0.055     1.751    -2.295
    -0.625     1.332    -4.840
    -1.379     0.473    -5.650
     5.295     3.221    -0.684
