     1.941     2.068    2.7487
    -0.489     0.765    0.6256
     4.587     2.720    7.6984
     4.562     1.408    5.2265
     3.824     2.231    8.7302
     4.658     2.043    8.5659
     5.781     3.339    5.2283
     2.724     0.527    4.1351
     7.540     3.479    2.2990
     5.288     2.111    6.6328
     6.638     5.095    0.2385
     3.162     1.461    8.5393
     2.526     0.631    4.9590
     3.843     1.216    6.3103
     6.697     3.649    3.5614
     4.416     2.579    8.2014
     3.683     2.138    8.7838
     4.234     2.509    8.2518
     2.948     2.000    7.0259
     4.241     2.311    9.0784
     4.845     1.088    2.3760
     6.001     4.007    2.2624
     4.555     1.842    8.0203
     9.058     5.509    0.1539
     1.729     1.036    5.2866
     1.351    -0.392    1.3516
     4.084     1.237    5.7055
     2.743     1.343    7.8494
     6.743     2.317    2.1417
     8.789     4.304    0.7035
     6.033     3.666    3.7652
    -0.367     0.389    1.0206
     4.641     1.700    6.8944
     2.118     0.924    6.0655
     5.699     1.628    2.5188
     4.493     2.979    5.8376
     2.509     0.796    5.8474
     2.771     0.324    2.9308
     3.863     3.962    0.3804
     5.051     1.360    3.1869
     6.904     4.649    0.8618
     1.861     1.079    5.6459
     2.733     1.226    7.6166
     4.474     3.189    4.3435
     5.935     2.908    6.1935
     7.678     2.156    0.3725
     5.941     3.252    5.4932
     4.133     2.754    6.4500
     2.049     1.707    4.7568
     4.002     1.885    9.3439
     2.199     2.433    1.9911
     4.076     2.224    9.1727
     1.613     1.084    4.9005
     4.505     3.682    1.7348
     5.781     1.777    2.9492
     2.274     1.754    5.4628
     2.697     1.695    7.3585
     3.383     1.673    9.0274
     5.425     2.667    7.5117
     6.527     2.020    1.7778
     2.747     0.859    6.0600
     0.190     0.399    1.8405
     1.789    -0.222    1.6362
     6.201     2.353    4.0341
     1.435     0.858    4.5145
     4.175     2.035    9.3961
     5.128     3.130    6.0019
     2.792     0.887    6.1778
     4.812     2.425    8.7405
     6.737     3.137    4.0538
     2.363     1.714    5.9990
     1.431     0.956    4.4696
     4.820     0.263    0.2738
     3.999     2.616    7.0090
     2.658     1.334    7.6859
     4.372     3.242    3.7489
     3.252     2.096    7.6792
     6.970     2.025    0.9422
     4.636     1.593    6.2166
     5.306     2.495    7.7544
     2.046     0.987    6.0513
     3.327     2.196    7.4031
     3.798     2.423    7.6489
     4.159     2.066    9.4150
     1.502     0.634    4.4544
     4.160     1.176    5.0197
     6.202     3.775    3.3310
     6.069     2.990    5.8199
     2.907     0.718    5.0256
     6.919     3.421    3.5863
     0.099     0.069    1.6617
     2.587     3.743    0.0919
     0.903    -0.826    0.6199
     4.443     2.561    8.3234
     4.310     1.637    7.6727
     1.120     1.150    3.2204
     6.662     3.451    4.0306
     4.053     0.403    1.2025
     2.895     2.807    2.1947
     8.251     4.533    0.8982
     3.821     1.439    7.8465
     0.374     1.585    0.7026
     1.693     1.731    3.3180
     2.104     1.768    4.7087
     2.848     2.792    2.1448
     3.223     0.961    6.0500
     4.804     3.449    3.4494
     2.716     1.460    7.8425
     3.022     0.727    4.8880
     4.346     1.963    9.0558
     1.882     1.706    4.1058
     7.487     3.330    2.3246
     1.346     0.923    4.2482
     4.630     2.887    6.7624
     3.795     1.076    5.4514
     5.251     2.848    7.4082
     6.249     2.593    4.7020
     2.302     0.111    2.4896
     6.039     1.486    1.2181
     4.162     1.717    8.5262
     6.785     3.329    3.9288
     6.014     2.159    3.9153
     1.996     1.077    6.0126
     2.085     0.992    6.1375
     0.520     0.882    2.1006
     3.984     1.843    9.2761
     5.328     1.189    1.6613
     5.997     2.074    3.5883
     4.366     2.848    6.4346
     1.553     2.458    0.7411
     4.690     2.698    7.9370
     6.302     2.258    3.2927
     4.956     2.603    8.3122
     0.133     0.641    1.5944
     3.858     1.787    9.2566
     3.192     3.110    1.6129
     0.779     0.731    2.8871
     1.105    -0.202    1.9119
     3.005     1.156    7.4433
     2.624     2.690    2.0227
     5.246     2.307    7.5614
     0.176    -0.262    1.4291
     1.818     1.582    4.3595
     3.796     1.721    9.1401
     4.838     2.532    8.5535
     4.913     2.633    8.2571
     3.128     2.173    6.7722
     2.856     1.257    7.8066
     0.808     1.655    1.2191
     6.902     2.944    3.3410
     7.124     2.068    0.8040
     4.192     1.823    8.9064
     2.970     2.279    5.4732
     3.829     1.651    8.8755
     4.015     1.096    4.9278
     4.977     3.424    3.9339
     1.494     1.090    4.5197
     4.609     0.841    1.8234
     3.959     1.327    6.7413
     2.286     1.046    6.5968
     5.994     3.524    4.3947
     0.454     0.376    2.2992
     6.508     2.864    4.4386
     0.429     0.490    2.2472
     1.960     0.923    5.7852
     0.410    -0.926    0.5548
     3.903     1.807    9.2675
     5.193     2.688    7.8929
     5.527     3.599    3.7389
     2.446     0.527    4.4582
     5.439     2.328    6.9341
     8.134     3.155    0.9634
     3.848     1.908    9.4131
     4.195     2.678    7.1438
     4.070     2.576    7.4731
     5.755     1.512    1.8938
     4.517     1.897    8.3996
     1.050     2.008    0.9087
     6.295     2.236    3.2278
     6.603     1.641    0.7279
     1.358     1.859    1.8662
     5.069     2.913    7.1446
     3.936     2.607    6.8774
     7.218     2.619    1.7639
     4.238     1.788    8.6681
     7.413     3.044    2.1438
     7.830     3.847    1.7914
     5.038     3.248    5.1501
     2.708     1.196    7.5133
     6.211     4.154    1.8607
     3.148     2.043    7.5715
     4.056     2.533    7.7112
     4.091     1.887    9.2604
     1.280     0.070    2.7393
    -0.136    -0.936    0.5386
     0.293     0.940    1.5409
     3.810     1.374    7.4725
     3.165     1.338    8.1727
     5.216     2.714    7.8127
     5.826     4.146    1.6071
     3.633     3.149    2.4112
     3.280     1.076    6.6934
     1.777     1.094    5.3939
     1.651     3.005    0.1890
     0.635     0.691    2.5787
     1.950     2.351    1.6887
    -1.208     1.837    0.0119
     1.320     1.170    3.8064
     5.513     2.808    7.1994
    12.097     5.120    0.0050
     3.560     2.403    6.9754
     5.655     2.815    6.9102
     2.706     1.156    7.3942
     5.000     1.121    2.1381
     2.988     1.891    7.6849
     3.310     1.793    8.8811
     5.138     2.754    7.7791
     3.425     1.302    7.8037
     3.803     3.154    2.8084
     2.697     1.256    7.6404
     2.311     1.376    6.7696
     3.358     1.266    7.6990
    -0.241    -1.052    0.4311
     3.983     0.816    3.1894
     4.161     2.235    9.2206
     0.538    -0.116    1.8952
     2.880     1.554    8.1848
     2.882     1.668    8.0342
     2.094     1.688    5.0187
     1.662     0.868    5.0787
     2.047     1.337    5.9575
     2.004     0.176    3.0329
     2.993     2.019    7.1051
     3.151     0.888    5.7028
     2.033     0.043    2.4384
     3.066     3.232    1.0188
     3.389     2.180    7.7161
     4.051     2.152    9.3157
     0.277     0.030    1.8447
     4.228     2.627    7.5566
     3.107     1.786    8.4091
     3.300     1.660    8.9314
     3.329     1.424    8.4514
     5.297     1.707    4.3213
     1.784    -0.007    2.3978
     0.087     0.441    1.6522
     8.575     4.094    0.8998
     3.567     1.028    5.7363
     5.118     3.570    3.3264
     7.501     3.343    2.3030
     5.557     2.941    6.8538
     2.683     1.228    7.5641
     3.801     1.315    7.1124
     0.415     0.723    2.0652
     3.643     1.550    8.7068
     3.089     1.905    7.9786
     5.283     1.654    4.0632
     2.544     0.307    3.1570
     3.280     0.940    5.7986
     2.812     1.110    7.2742
     5.015     2.927    7.0445
     1.369    -0.784    0.5624
     4.640     2.609    8.3024
     8.263     3.886    1.2288
     4.458     2.049    9.0509
     0.542     0.814    2.2413
     3.870     2.606    6.6694
     2.332     0.678    5.3052
     4.909     2.735    7.8960
     4.105     1.845    9.1334
     8.236     3.370    1.0257
     6.240     2.729    5.0849
     7.839     5.030    0.4569
     1.933     0.135    2.8976
     4.390     2.736    7.2411
     4.208     2.584    7.7767
     2.310     0.650    5.1735
     1.574     0.915    4.8773
     1.217     0.314    3.3813
     4.345     0.859    2.5058
    -1.614    -1.227    0.1808
     6.123     3.019    5.6707
     5.501     3.421    4.6974
     5.526     3.353    5.0874
     0.043     1.194    0.7993
    -0.575    -0.383    0.8198
     3.557     1.564    8.8311
     1.384     1.462    3.2291
     2.727     1.811    7.0421
     3.182     2.818    2.9291
     7.006     3.649    3.1718
     4.782     2.998    6.3264
     2.905     1.771    7.8333
     1.110     1.794    1.4856
     4.386     3.566    2.0218
     3.155     2.182    6.8274
     7.580     3.561    2.2402
     3.400     1.006    5.9911
     4.309     2.511    8.3708
     7.580     3.535    2.2366
     4.102     0.909    3.4248
     3.255     1.923    8.4356
     5.201     2.206    7.3799
     2.967     2.802    2.4083
     3.104     2.604    3.9270
     4.535     0.943    2.4547
     8.350     3.583    1.0260
     8.353     3.941    1.1272
     2.985     1.839    7.8742
     4.745     2.187    8.7285
     2.243     1.398    6.5131
     4.732     3.046    5.9165
     5.249     2.570    7.9247
     5.565     2.029    5.0607
     6.459     3.574    3.9945
    -2.135    -1.635    0.0725
     1.931     1.596    4.7423
     4.676     1.132    3.0766
    -0.915    -2.000    0.0474
     5.835     1.996    3.8229
     2.424     1.744    6.1199
     1.608     1.733    3.0231
     3.133     1.693    8.6358
     5.459     2.787    7.3245
     3.770     0.918    4.4236
     3.916     0.868    3.6872
     1.024     1.187    2.8525
     6.416     3.585    3.9959
     2.493     2.837    1.2326
     4.897     3.506    3.2958
     3.453     2.519    5.7929
     2.836     1.834    7.3640
     3.345     1.127    6.9002
     4.883     1.610    5.3483
     0.236     0.210    1.9055
     3.392     1.080    6.5067
     9.208     6.900    0.0024
     2.045     2.792    0.7075
     5.618     2.612    6.9773
     4.744     3.322    4.1061
    -0.686    -0.966    0.4357
     4.366     2.789    6.8380
     1.438     0.668    4.3914
     6.740     3.510    3.8037
     1.041     0.421    3.3468
     4.656     2.472    8.7701
     3.905     3.643    1.0167
     5.186     2.903    7.2168
     1.698     0.847    5.1412
    -0.309    -0.537    0.8683
     2.690     2.613    2.5388
     5.341     2.861    7.3020
     0.860    -1.660    0.0561
     4.014     3.027    4.1705
     7.838     3.357    1.6437
     3.047     1.257    7.8717
     4.860     2.175    8.4012
     4.569     2.035    8.7730
     1.851     0.953    5.5870
    -0.099    -1.606    0.1182
     6.826     5.091    0.2750
     1.746     0.290    3.6037
     3.361     0.702    4.0299
     2.531     1.466    7.3289
     4.283     1.787    8.5516
    -0.873    -0.159    0.6579
     4.393     2.245    9.2441
     2.319     1.077    6.7124
     2.722     1.255    7.6710
     3.043     1.364    8.2283
     7.896     2.680    0.7235
     3.764     2.978    3.7378
     4.923     1.480    4.3567
     2.413     1.191    7.0593
     4.902     1.496    4.5343
     3.531     2.874    3.6734
     3.451     0.955    5.5165
     6.392     3.584    4.0176
     1.541     1.318    4.1965
     4.222     0.635    1.7494
     3.479     1.224    7.2571
     5.013     2.774    7.7499
     0.472     1.291    1.3108
     3.193     0.104    1.3745
     0.898     1.591    1.5337
     6.486     3.680    3.6412
     3.699     2.745    5.1024
     1.522     0.823    4.7212
     4.800     1.736    6.5010
     6.592     2.374    2.7629
     3.297     2.053    8.0439
     4.620     2.745    7.6092
     7.063     4.074    2.2133
     3.248     0.266    1.9064
     4.635     2.736    7.6768
     1.727     1.227    5.0599
     6.756     3.069    3.9511
     7.276     4.012    2.2221
     6.877     1.382    0.2223
     2.104     0.066    2.4788
     2.625     0.154    2.3073
     6.914     4.076    2.2568
     1.502     0.562    4.3093
     4.763     2.305    8.8376
     4.476     3.123    4.7999
     4.128     2.506    8.0428
     1.188     0.588    3.8088
     7.066     3.372    3.2899
     6.063     2.636    5.5075
     2.705     1.818    6.9296
     3.856     1.905    9.4127
     4.001     0.322    1.0365
     6.851     3.648    3.3865
    -0.307     0.102    1.1784
     6.554     2.367    2.8592
     4.178     0.749    2.3470
     3.931     3.124    3.3141
     4.998     2.656    8.1508
     4.106     2.295    8.9873
     3.147     0.625    3.9993
     6.147     3.008    5.6167
     5.453     1.702    3.7036
     3.168     2.395    5.5227
     4.689     4.113    0.6915
     3.634     1.098    6.0624
     2.161     0.656    5.1973
     4.709     3.276    4.3233
     8.199     4.043    1.2749
     3.950     1.930    9.4226
     3.364     1.995    8.4926
     3.917     2.810    5.3789
     3.001     1.425    8.3294
     7.712     3.630    2.0115
     2.152     0.326    3.6383
     6.215     3.862    2.9769
     9.100     3.221    0.2165
     4.807     2.784    7.6145
     3.576     1.464    8.4195
     5.528     2.672    7.2664
     4.134     2.019    9.4105
     2.112     1.182    6.3266
     3.268     1.161    7.2314
     7.103     4.730    0.7665
     5.943     3.864    2.8222
     3.111     2.214    6.4600
     3.779     1.774    9.2709
     3.993     3.207    2.9923
     3.343     1.931    8.6515
     5.017     0.915    1.3186
     2.318     0.620    5.0225
     7.709     4.289    1.4619
     2.255     2.167    3.3449
     5.158     3.619    3.1200
     1.663     1.191    4.9077
     1.595     1.729    2.9969
     6.059     2.708    5.6728
     5.201     1.932    6.0460
     5.124     2.350    8.0521
     3.629     1.236    7.0195
     2.406     2.884    0.9711
     5.894     3.105    5.9789
     3.175     2.421    5.3742
    -0.566    -1.455    0.1848
    -0.000    -0.056    1.4761
     0.310     0.305    2.0452
     1.840     0.929    5.5400
     4.632     3.444    3.1233
     2.059     2.413    1.7282
     5.724     1.888    3.6954
     2.584     0.330    3.2269
     1.100     0.939    3.5270
     3.522     1.513    8.6751
     1.521     0.432    3.9942
     4.413     1.144    3.9674
     2.878     1.015    6.8126
     2.974     1.363    8.1776
     5.856     2.743    6.3809
     3.932     2.108    9.2956
     0.594    -0.596    1.0248
     3.448     0.190    1.3364
     5.564     2.523    7.0099
     2.810     0.342    2.9625
     2.414     1.378    7.0817
     3.655     1.679    9.1129
     4.769     2.776    7.6216
    10.313     4.366    0.0928
     3.863     2.371    8.1362
     5.320     2.032    6.1039
     2.900     0.381    3.0262
     7.020     3.944    2.5557
     9.015     3.285    0.2795
     6.755     2.700    3.2477
     2.316     2.142    3.6868
     5.504     2.992    6.7496
     5.980     4.460    0.8585
     4.507     2.004    8.8277
     5.825     2.874    6.4789
    -0.565    -0.161    0.8992
     0.982     0.493    3.3258
     7.176     1.845    0.4446
     2.483    -0.175    1.2468
     4.673     1.138    3.1206
     5.190     4.205    0.8903
     4.440     3.562    2.1341
     6.647     4.056    2.3440
     5.781     2.086    4.4762
     5.679     2.049    4.7010
     7.731     4.519    1.1073
     3.414     3.136    1.9696
     4.416     1.800    8.2419
     4.061     3.236    2.9991
     3.965     2.429    8.0864
     2.425     1.296    7.1478
     3.852     1.912    9.4150
     0.133     0.566    1.6546
     2.566     1.352    7.4967
     5.472     2.778    7.3165
     4.710     1.834    7.4388
     3.417     1.475    8.5997
     5.617     2.160    5.5120
     5.489     2.280    6.5648
     6.231     3.913    2.7745
     3.692     2.175    8.6543
     1.210     1.407    2.8403
     4.768     2.598    8.3940
     2.750     1.618    7.7388
     1.226    -1.319    0.1310
     3.745     0.324    1.3812
     1.590     1.923    2.2677
     5.097     1.970    6.6899
     7.171     2.717    2.1000
     3.873     1.784    9.2381
     1.489     1.104    4.4803
     3.568     2.096    8.6665
     1.849     0.523    4.5419
     3.285     1.477    8.6268
     0.162     1.006    1.2149
     3.747     2.666    5.8249
     6.625     4.192    1.9096
     5.288     3.578    3.5460
     5.547     3.728    3.0893
     0.474     2.029    0.3174
     1.447     1.070    4.3972
     9.375     4.430    0.3689
     2.720     0.828    5.9089
     5.128     2.522    8.1826
     3.452     3.680    0.5008
     7.533     4.722    0.8224
     7.369     2.901    1.9986
     2.063     1.989    3.5158
     4.034     1.973    9.4276
     6.657     2.948    4.0986
     3.071     3.323    0.8069
     2.755     2.173    5.2461
     4.697     1.247    3.6845
     5.566     2.540    7.0376
     6.014     2.117    3.7268
     2.829     0.861    5.9979
     3.431     2.544    5.5379
     4.389     2.412    8.8773
     6.797     3.518    3.6996
     4.561     3.134    4.9319
     2.822     1.368    8.0071
    -0.417     1.159    0.3937
     1.046     1.909    1.0988
     6.197     3.513    4.3843
     2.800     2.084    5.9580
     4.336     1.732    8.1357
     4.667     2.108    8.7345
     1.107     0.787    3.6761
     0.956    -0.865    0.5557
     0.881     0.890    2.9857
     3.847     1.019    4.8964
     6.227     2.785    5.2389
     0.344     1.742    0.4871
     6.621     3.396    4.1889
     1.625    -0.052    2.3032
     5.654     3.007    6.5570
     6.674     3.979    2.5940
     6.200     3.287    5.0898
     7.003     2.437    1.8242
     4.819     2.350    8.7561
     2.045     1.238    6.0932
     3.021     1.014    6.6843
     3.203     1.013    6.4241
     5.130     2.739    7.8290
    -0.994    -0.293    0.5727
     2.473     0.390    3.6792
     1.861     1.494    4.8370
     4.357     2.825    6.5693
    -0.443     1.661    0.1265
     2.368     1.110    6.8550
     0.970    -1.264    0.1885
     4.250     1.376    6.1366
     7.674     3.973    1.8970
     4.470     2.880    6.4702
     2.204     2.301    2.5507
     0.965     0.756    3.3308
     3.983     0.906    3.7426
     7.664     3.411    2.0168
     0.259    -1.725    0.0699
     5.869     2.315    5.1793
     5.172     1.061    1.5220
     3.429     1.507    8.7020
     2.617     1.552    7.4519
    -0.114     0.404    1.3559
     2.025     0.604    4.9375
     1.562     1.760    2.7746
     3.574     1.231    7.1107
     5.060     0.462    0.3516
     3.442     2.913    3.1651
     2.827     0.511    3.8795
     0.228    -0.066    1.6983
     5.274     3.210    5.6847
     4.439     2.357    9.0523
     6.105     3.913    2.7162
     4.633     2.506    8.6774
     3.982     1.625    8.4923
     1.989     0.964    5.9048
     2.704     0.290    2.8534
     4.062     1.411    7.0049
     4.092     2.048    9.4326
     0.588    -0.348    1.4880
     5.679     2.789    6.8714
     4.036     2.016    9.4405
     5.452     1.594    3.1352
     7.305     3.673    2.6840
     6.137     3.331    5.0466
     6.148     1.802    1.9848
     6.019     3.014    5.9145
     1.160    -0.277    1.7034
     3.347     3.107    1.9486
     2.764     1.548    7.8956
     0.724     1.475    1.4355
     5.338     1.167    1.5634
     6.300     4.092    2.1266
     1.846     1.904    3.1353
     0.432    -0.427    1.2997
     3.157     1.689    8.6902
     1.698     1.607    3.8156
     3.745     1.191    6.4129
     1.428     1.284    3.8952
     1.588     1.354    4.2649
     2.270     1.434    6.5330
     6.073     1.277    0.6993
     5.382     3.496    4.1415
     2.438     1.080    6.8990
     6.110     2.977    5.7221
     4.761     1.591    5.7130
     6.418     3.214    4.8252
     2.931     1.983    7.0455
     3.570     2.692    5.0190
     1.499     0.560    4.3010
     2.026     1.484    5.5019
     3.690     0.634    2.8602
     1.626     1.844    2.6617
     3.188     3.097    1.6552
     2.321     0.797    5.8430
     3.210     2.572    4.5136
     8.996     5.273    0.2408
     3.075     0.028    1.2687
     4.666     1.870    7.7908
     1.220     0.318    3.3939
     3.938     2.641    6.6447
     1.767     1.495    4.4802
     7.523     3.086    1.9594
     3.509     2.681    4.8743
     5.645     2.649    6.9322
     6.333     4.037    2.3394
     3.160     1.017    6.5151
     2.357     2.381    2.6466
     7.302     2.972    2.2921
     5.210     2.762    7.7037
     3.382     1.578    8.8931
     5.073     3.161    5.7510
     2.158     1.738    5.0612
     7.341     3.230    2.5644
     5.586     2.840    7.0205
     7.009     2.003    0.8454
     2.596     2.744    1.7430
     5.954     3.882    2.7470
     1.035     1.539    1.9793
     5.751     3.649    3.6946
     3.155     1.840    8.4031
     0.240     0.196    1.9070
     5.745     2.079    4.5875
     3.175     1.932    8.1556
     4.994     2.774    7.7506
     3.593     3.776    0.4589
     4.811     0.476    0.5412
     1.518     0.969    4.7113
     4.285     3.089    4.5262
     5.936     3.337    5.1899
     3.148     1.796    8.4993
     2.860     1.228    7.7210
     5.043     2.166    7.7945
     5.257     2.134    6.8627
     0.236    -0.473    1.1664
     6.412     3.104    4.9125
     6.205     4.361    1.2255
     2.172     1.915    4.2851
     1.081     0.604    3.6034
     4.235     1.352    6.0181
     4.517     2.894    6.4804
     3.267     1.931    8.4408
     6.306     2.324    3.5375
     4.022     1.919    9.3804
     4.006     2.613    7.0520
     4.025     2.638    6.9347
    -1.279    -1.656    0.1079
     1.053     0.243    3.0458
     2.908     1.883    7.4286
     2.226     2.481    1.8750
     7.383     3.600    2.5954
     6.924     2.752    2.8603
     5.157     3.118    6.1055
     3.766     2.188    8.7796
     6.454     3.379    4.5018
     2.500     1.751    6.3993
     3.996     1.505    7.8023
     4.247     2.056    9.3559
     1.992     0.609    4.9412
     2.782     1.189    7.5509
     0.991     1.545    1.8558
     2.024     2.041    3.1389
     3.409     1.074    6.4279
     3.573     2.436    6.8040
    -0.065     0.912    0.9872
     2.886     1.172    7.5321
     7.014     3.375    3.4034
     5.401     3.113    6.2724
     6.825     3.474    3.7156
     5.956     3.007    6.0559
     4.276     2.841    6.2445
     4.256     1.295    5.5433
     3.550     1.587    8.9065
     6.431     3.887    2.9197
    -0.049     0.048    1.4742
     4.256     2.989    5.1401
     4.842     3.181    5.2327
     6.952     2.534    2.2084
     4.666     0.699    1.2151
     3.726     3.010    3.4248
     4.814     4.429    0.3068
     4.583     2.220    9.0769
     3.018     0.891    5.9447
     5.531     2.170    5.9171
     5.263     0.604    0.3905
     1.173     0.481    3.6492
     5.563     3.603    3.7582
     1.792     1.637    4.0469
     4.551     2.690    7.8154
     5.789     3.157    5.9505
     4.874     1.899    7.1835
     3.363     1.705    9.0201
     3.690     1.647    9.0080
     7.267     2.859    2.1628
     1.143     0.549    3.6836
     7.739     2.860    1.1881
     3.696     2.280    8.1630
     2.652    -0.352    0.6913
     1.007    -0.701    0.7911
    -1.822    -1.349    0.1337
     5.135     3.292    5.0263
     4.755     1.543    5.4092
     7.175     3.332    3.0322
     2.038     2.494    1.4199
     7.250     3.658    2.7858
     5.229     2.851    7.4116
     3.932     2.211    9.0181
     8.236     3.443    1.0839
     2.214     0.665    5.2449
     4.018     1.663    8.6005
     3.669     1.239    6.9428
     0.613     0.157    2.3832
    11.129     3.449    0.0031
     1.499     2.670    0.3886
     6.552     1.703    0.9124
     1.647     1.101    4.9887
     4.234     0.999    3.6049
    10.087     3.049    0.0172
     3.865     2.321    8.4075
     1.292     1.061    3.9245
     0.840     0.253    2.8097
     3.120     1.097    7.0485
     6.074     2.488    5.0298
     2.570     0.414    3.6936
     3.162     0.594    3.7766
     6.653     2.956    4.1218
     4.572     1.556    6.2120
     5.231     3.003    6.7657
     3.491     2.249    7.6814
     2.615    -0.129    1.2642
     2.746     0.687    5.0579
     4.124     1.602    8.0244
     3.059     3.117    1.3458
     5.329     1.552    3.3218
     6.410     2.901    4.8097
     3.386     1.692    9.0419
     5.885     1.624    1.9961
     3.421     1.373    8.1716
     2.811     2.358    4.3496
     4.831     3.343    4.1582
     7.273     3.217    2.7155
     8.613     2.300    0.0784
     4.337     2.190    9.3105
     6.178     4.735    0.4784
     3.286     1.932    8.4928
     3.063     0.592    3.9547
     2.458     1.904    5.5056
     3.883     1.457    7.8040
     3.086     3.327    0.8153
     2.137     0.420    4.1052
     5.772     1.891    3.5362
     0.321     1.624    0.5966
     2.487     1.814    6.0667
     2.713     0.909    6.3457
     5.015     2.691    8.0396
     3.664     2.988    3.3795
     4.383     2.356    9.0390
     5.711     2.701    6.7785
     6.772     3.143    3.9634
     1.874     1.115    5.6693
     5.329     3.126    6.1841
     0.391    -0.226    1.6178
     6.475     3.056    4.7429
     6.112     2.572    5.1495
     2.113     0.224    3.1787
     4.261     2.891    5.8498
     4.791     2.136    8.4861
     0.402     0.229    2.1592
     4.873     2.295    8.6085
     7.354     4.656    0.9213
