     1.861     0.506    2.1381
    -1.180    -0.278    8.2120
    -0.743     1.726    5.3923
     0.380    -0.331   10.0569
    -0.772     0.047   13.7387
    -0.042     0.982   14.4250
    -0.517     1.191   11.7361
    -0.335    -0.985    4.9536
     0.148    -0.404   10.4578
     1.766     0.685    2.5195
    -0.465     1.444    9.0357
     2.515    -0.473    0.2562
     2.268     3.058    0.0149
    -0.845     0.375   14.3876
    -0.004    -0.543    9.3494
     0.065    -1.687    1.0028
     0.145    -0.534    9.0324
    -0.092     1.596    7.6330
    -0.334    -0.033   15.1461
    -0.667     0.195   15.2956
     0.651     1.487    6.3280
     1.436     0.187    4.3987
     0.564     1.201    9.2624
    -0.199     0.797   16.1850
     0.163     0.927   14.1813
    -0.029     2.666    0.8109
    -1.606    -0.647    3.4044
     0.307     0.948   13.1724
     0.942    -0.437    5.4916
    -3.468     1.910    0.0228
    -0.934     1.772    4.4194
     1.214     1.956    1.6556
     0.013     0.991   14.2005
     0.023     0.274   16.7183
     0.085     0.989   13.9732
    -0.216    -0.129   14.3118
    -1.071     1.971    2.7637
     3.139    -0.704    0.0288
     0.390     1.703    5.5836
    -1.212     1.743    3.6328
    -1.464     0.851    7.2501
     0.148     1.707    6.1652
    -0.741     0.507   15.2242
     0.159     0.898   14.4365
    -1.591     0.935    5.8481
    -1.881    -0.845    1.7164
     0.113     2.142    2.8103
    -1.163     0.656   10.8915
     0.318    -0.712    6.5785
    -1.728     0.361    5.7073
    -0.442     0.610   16.7455
     0.430    -1.220    2.5164
    -0.816    -1.006    4.1066
     0.070    -0.625    8.2499
    -2.402     1.903    0.4112
     0.396     0.213   14.0813
    -0.598     1.721    5.8277
     1.040     0.321    8.0101
    -0.032     1.653    6.9741
    -1.257     1.675    3.8699
    -0.741     2.026    3.1517
    -1.523     2.154    1.1564
    -1.058     1.113    9.1938
     0.138     0.842   14.9727
    -1.145     0.595   11.2475
     0.477     1.672    5.5495
     0.899    -0.513    5.2819
    -1.139     3.187    0.1007
    -1.115    -0.720    5.2602
     0.124     0.030   14.8548
     0.216     0.779   14.9597
     1.880     0.312    2.0167
    -2.134    -1.305    0.4810
    -1.404     1.768    2.8183
    -0.809     0.318   14.6118
    -0.285    -0.215   13.3950
    -0.114     0.666   16.8925
     0.745     1.369    6.7194
    -2.497     2.179    0.1892
    -1.358     1.511    4.3891
    -1.181    -0.133    9.1791
    -0.965    -0.281    9.7619
     2.141    -1.059    0.2623
     2.636    -0.227    0.2380
     1.661    -2.900    0.0026
    -1.765     0.466    5.3980
    -0.783    -1.148    3.2125
    -1.482    -0.596    4.2532
     0.049     0.327   16.7693
     0.234    -1.325    2.2514
    -0.685     1.566    7.0629
     0.840    -0.357    6.7011
     0.703     1.989    2.7407
     0.708     1.472    6.1386
    -2.476     0.561    1.4121
     0.199    -1.038    4.0879
    -1.695    -0.222    4.6923
     0.353     1.042   12.0728
     0.402     1.847    4.3817
     0.036     0.109   15.8176
    -0.069     0.237   16.8700
    -0.599     0.473   16.2650
    -0.448    -1.235    3.0258
    -2.038     1.772    1.0762
    -1.085     0.599   11.8517
    -0.704     0.620   15.2227
    -0.328    -0.347   11.8659
    -1.009    -0.452    7.9950
    -0.169     0.488   17.4627
    -0.964     1.000   10.8352
     1.484    -0.231    3.1339
    -0.512    -0.493    9.8395
    -0.733    -1.195    2.9955
    -1.272     1.156    7.2314
     0.518     1.049   10.8488
    -1.001     1.893    3.3975
     1.175     0.547    6.7958
    -0.700     1.405    8.6568
    -0.932    -0.624    6.8867
    -0.651     1.618    6.6625
    -1.563     0.049    6.6392
    -0.540    -0.475    9.9688
    -1.488    -0.513    4.6597
    -1.587    -1.018    1.9714
    -0.448     0.847   15.3444
     0.367    -0.554    7.9166
    -0.171     2.246    2.3307
    -0.223    -0.799    6.7562
    -2.059     0.015    3.0307
    -1.261     1.759    3.3612
     0.182    -0.498    9.2977
     0.318    -0.770    6.0353
     0.054    -0.866    5.8063
    -0.144     1.353   10.4483
    -0.622     0.314   16.0000
    -2.428     0.087    1.5094
     0.437     0.849   12.9248
     0.899     0.007    8.3917
    -0.311     0.726   16.5560
    -1.006    -1.030    3.4839
     1.196     1.339    4.1634
    -1.712     0.443    5.8493
    -0.190     0.489   17.4732
    -0.435     1.812    5.2910
    -0.365    -0.683    7.9483
    -0.372     0.333   17.1757
    -1.009     0.437   12.8574
    -0.192    -0.085   14.7365
     0.459     0.538   13.9706
    -0.479     0.115   15.8697
    -0.606     0.694   15.5621
    -0.195    -0.407   11.2089
     0.923    -0.526    5.0573
    -1.482    -0.036    7.0446
    -0.165     0.722   16.6556
    -0.603    -0.318   11.4748
    -1.070    -0.506    7.1844
     0.175     1.790    5.3470
    -0.016    -0.194   13.3323
    -1.260     2.638    0.4846
    -1.346     0.590    9.1906
    -0.288    -0.062   14.9417
     0.352     1.752    5.2684
    -1.031     0.388   12.6209
    -0.235     1.413    9.7469
     0.741     0.098   10.3232
    -1.322     0.782    8.8424
     1.128     1.448    4.0228
     0.071    -0.156   13.4258
    -1.829     1.904    1.2172
    -0.307    -0.105   14.5088
     1.204     0.283    6.4148
    -0.189     0.524   17.4236
    -1.860     2.286    0.5198
    -1.383     0.923    7.6501
    -0.334    -0.294   12.4668
     0.265     0.420   15.6366
    -1.442     0.238    8.2259
    -1.058    -0.179    9.8835
     0.752     1.613    4.8916
    -1.698     0.517    5.9241
     0.057     2.103    3.0929
    -0.570    -0.204   12.7943
     0.327    -1.175    2.9395
    -1.323    -0.153    7.8554
    -2.847     1.145    0.4131
     1.337     0.888    4.8658
     1.179    -1.265    1.0476
     0.058    -2.078    0.3255
     0.449    -0.242   10.4470
    -1.989     0.041    3.4701
    -1.345     0.300    9.2968
    -0.671     0.052   14.4659
    -0.059     0.333   17.1658
    -1.897    -0.122    3.7036
     1.499     1.286    2.7941
     0.292    -0.521    8.5968
    -1.536    -0.826    2.8876
    -0.457     0.970   14.2446
    -0.754     2.231    2.0339
    -0.379     1.434    9.3363
    -0.842    -0.520    8.2885
     1.913     0.500    1.9198
    -1.901     0.717    4.1014
    -0.763    -1.325    2.2527
     0.296    -1.076    3.6257
    -0.074    -0.343   11.8100
     0.853    -1.203    1.7934
     0.477     0.913   12.1878
     1.345     0.352    5.2946
     1.205    -0.453    3.8489
    -1.479     1.283    5.0139
     0.085    -0.369   11.0839
     0.118    -0.121   13.5704
     0.523    -0.231   10.0118
     0.520     0.212   12.9638
    -1.944     0.214    3.9689
     1.435    -0.361    2.9978
     1.560     0.081    3.4125
     1.173     0.846    6.2763
    -0.663    -0.196   12.4403
     0.009    -0.536    9.3998
    -1.367    -0.550    5.1356
    -0.208     1.256   11.6019
    -0.709    -0.304   11.1280
    -0.734     0.574   15.1425
    -1.316     0.676    9.2741
    -1.404     0.075    8.1636
     2.172     1.733    0.4201
    -0.391     1.319   10.6495
     0.054     0.557   16.7736
     1.293     0.390    5.7471
     1.335     0.770    5.1428
     0.811    -0.267    7.5246
    -0.903    -0.451    8.6228
     0.157    -0.209   12.5163
    -0.331     0.449   17.3848
     1.672     0.696    2.9945
    -0.219    -1.079    4.1888
    -1.680    -0.485    3.7391
    -1.718     2.030    1.1359
     1.720    -1.192    0.4935
    -0.393     2.180    2.6277
     0.331     0.960   12.9151
     1.360     0.578    5.1897
    -1.370    -0.484    5.5251
     0.767     0.204   10.4924
    -1.211    -0.628    5.4641
    -0.013     1.937    4.3303
     0.198     0.756   15.2001
     0.586    -1.528    1.1103
     0.663     0.374   11.9663
    -0.378    -0.694    7.8189
     0.397     0.524   14.5450
    -0.310     0.617   17.0857
     0.528     0.229   12.9499
    -0.796     0.421   14.8345
     0.260    -0.136   12.6645
     0.141     0.171   15.6893
    -2.924     0.280    0.4814
    -1.616     0.468    6.6927
    -0.546    -0.588    8.6908
     1.148     0.338    6.9980
     1.455     1.237    3.1438
    -0.167    -1.321    2.5517
    -0.760    -1.048    3.9252
    -1.293    -0.522    5.7416
    -0.785    -0.632    7.4458
    -0.522     0.296   16.5130
     0.662     0.038   10.7755
     0.475    -0.863    4.7255
    -0.803     0.272   14.5557
    -0.735     0.557   15.1724
     1.529     1.402    2.3449
    -0.307     0.422   17.4257
     0.160     1.037   13.1981
    -1.639    -1.013    1.8546
    -0.989    -0.534    7.3984
    -0.842    -0.377    9.6775
    -0.245     1.086   13.5167
     0.244     0.938   13.6430
    -1.653     0.663    6.1148
    -0.628     1.493    8.0138
     0.586    -0.723    5.3903
    -0.493     0.988   13.9390
     0.229    -0.484    9.2504
    -1.027     0.056   11.6595
    -0.298    -1.599    1.3331
    -0.933    -0.824    5.1786
     0.332    -0.369    9.9560
    -0.332    -0.581    9.1392
     0.930     0.553    9.1957
    -0.996    -0.739    5.6276
    -0.038    -0.875    5.8639
    -3.053     0.969    0.2752
     0.161    -1.416    1.8965
    -0.811     0.144   13.9953
    -1.870     0.506    4.5589
     0.341     0.417   15.0420
     0.290    -0.218   11.7052
    -0.550     1.308   10.3169
    -0.602     1.096   12.3803
     0.164    -1.141    3.4099
    -0.795     0.562   14.6785
     0.449    -0.276   10.1307
    -0.907     0.900   12.0389
     2.396    -1.471    0.0567
    -3.186    -1.206    0.0499
    -0.186    -0.316   12.2644
     0.997     0.325    8.4483
    -0.359     0.280   17.0582
    -0.073     1.902    4.6508
    -0.995     1.320    7.9017
    -0.898    -1.902    0.4855
    -1.068     0.115   11.5600
    -1.109    -0.686    5.5464
     0.908     1.992    2.2389
    -0.514    -0.268   12.3394
    -0.505     1.318   10.3619
    -2.570     0.637    1.1210
     0.212    -1.117    3.4985
    -1.598     2.739    0.2389
     0.898    -0.797    3.5629
    -0.598     1.054   12.8193
     1.125     0.343    7.2181
     0.163     0.428   16.3273
     1.116     1.466    3.9995
    -2.025     0.012    3.2159
    -0.969     0.836   11.9315
     1.846    -0.275    1.5389
    -1.225    -0.447    6.6825
     1.163    -1.473    0.6677
    -0.698     0.502   15.5583
    -0.619     0.418   16.1555
     1.554     0.807    3.5595
     1.939     1.286    1.2284
     0.756     1.180    8.0433
     0.402     1.440    7.9764
     0.095    -0.619    8.2571
    -1.666    -0.168    5.0909
     0.022    -0.452   10.3300
    -0.988     0.645   12.6736
    -1.977     0.772    3.5231
    -1.908     1.279    2.6812
     1.980     0.591    1.6563
    -0.041    -0.003   15.2353
     0.100    -0.490    9.6748
    -1.549    -0.337    5.1827
    -0.018     1.876    4.8349
    -0.747     0.019   13.7248
    -0.861    -1.412    1.7597
    -1.263     1.761    3.3431
     0.991    -0.960    2.4371
    -0.950     1.170    9.5192
    -0.237    -0.385   11.4753
    -1.382     0.299    8.9178
    -0.497     1.500    8.3352
    -0.018    -0.726    7.3435
    -1.146     1.049    8.9713
    -0.170     0.888   15.4569
     1.026    -0.617    3.9808
    -0.836    -0.541    8.1144
     1.135    -0.038    6.1252
    -0.864    -1.170    2.9404
    -0.524     0.653   16.2146
     0.858     0.949    8.6389
     1.847    -0.590    1.0730
    -0.367     0.904   15.1202
    -0.916     0.640   13.3689
     0.777     0.104   10.0021
    -1.167     1.308    6.8896
     0.069    -0.546    9.1360
     0.308    -0.021   13.3358
     0.427     1.737    5.1786
     0.056     0.595   16.6636
    -0.728     1.652    6.0946
     1.499     0.393    4.1589
     0.295     0.980   12.9801
     0.482     2.232    1.9641
     0.147     1.671    6.5194
    -1.759     0.715    5.1430
    -1.087     0.793   11.0738
    -1.398    -1.248    1.5942
     2.183     0.100    0.9611
    -2.268     1.041    1.7243
     0.696     0.790   10.9230
     0.654     0.140   11.3668
    -0.832     0.452   14.5234
     0.146     0.324   16.2683
     0.436     0.227   13.7899
    -0.070     1.335   10.6066
    -1.280     0.935    8.5142
     1.154     0.594    6.9568
    -0.276     0.444   17.4699
     0.627     2.155    2.0932
     0.068     1.152   12.3830
     0.576     0.147   12.1547
    -0.817    -0.451    9.0913
     0.005    -0.513    9.6717
    -0.964    -0.474    8.0697
    -0.937     0.429   13.5603
    -0.072     0.262   16.9788
    -0.571     1.256   10.8144
    -1.075     1.316    7.4260
     0.055    -0.642    8.1048
     0.606     1.416    7.1536
     0.110     0.155   15.7676
    -0.689    -0.971    4.6505
    -0.255     1.123   13.1072
    -2.732    -0.463    0.5078
    -0.161     0.408   17.4665
    -1.333     1.890    2.4708
     1.849     1.970    0.5612
    -1.107    -0.066   10.2356
    -0.752    -0.335   10.5897
     1.639     0.129    3.0304
     0.081     1.150   12.3607
    -0.505     1.918    4.2981
     1.240    -0.055    5.2418
    -0.536     0.412   16.6349
     0.572     0.447   12.9443
    -2.927    -0.008    0.4386
    -0.431    -0.192   13.3944
     0.744    -0.649    5.2058
     0.561     0.676   12.6823
    -0.171     1.032   14.0949
    -0.203     1.640    7.1904
     1.230     0.785    5.9535
    -2.375     0.912    1.5133
     0.116     0.194   15.9439
    -0.299     1.402    9.8232
    -0.396     2.119    2.9884
     0.980     1.345    5.4158
     0.109     0.248   16.2232
     0.873     1.136    7.4389
    -0.482    -0.493    9.9126
    -0.541     0.025   14.9829
    -0.507     2.021    3.5344
     0.616     0.237   12.1244
     0.587    -0.879    4.2188
     0.647     1.630    5.2241
    -0.966    -1.006    3.7425
    -0.350    -1.081    4.1579
     0.259     0.495   15.6714
    -1.173     1.111    8.3084
    -0.400    -0.051   14.8531
    -1.243     0.274   10.2986
     0.579     1.614    5.6338
     0.219     1.057   12.7221
    -2.760     1.379    0.4005
    -0.478     1.323   10.3770
    -1.068     0.928   10.4608
     1.302     1.111    4.4341
    -0.088    -0.388   11.3119
    -1.435    -0.415    5.5259
    -1.457     0.688    7.8581
     1.139     0.542    7.1357
     3.128     0.553    0.0749
    -1.422    -0.936    2.7794
     0.497     0.214   13.1844
    -0.527     3.003    0.2804
    -0.331     0.877   15.4294
    -1.446     0.264    8.2279
    -0.810     1.617    6.1287
     0.641     0.545   12.1981
    -0.910     0.260   13.5881
     1.455    -0.595    2.2017
    -1.883     0.486    4.4734
     1.399    -0.778    1.8514
    -2.314     0.759    1.8717
    -1.908     1.494    2.0611
    -1.584     1.098    5.2189
     0.774    -0.117    8.8242
    -1.871     0.171    4.4263
    -2.553    -0.946    0.4016
     0.733     0.834   10.3685
     1.415    -0.237    3.4924
    -2.208     0.265    2.4833
     0.116     0.573   16.4391
    -1.185    -0.419    7.1490
    -0.607    -0.607    8.3195
     0.622     1.093    9.7086
    -0.535     0.814   15.2227
    -0.969    -0.510    7.7236
     1.942     1.727    0.7004
     2.494    -0.165    0.3704
     0.078     1.186   11.9752
     0.391     0.788   13.6659
    -0.062     2.643    0.8677
    -0.715     0.423   15.4806
    -0.712     0.584   15.2752
    -0.908     1.185    9.6754
    -0.668     0.261   15.5452
    -0.578     2.972    0.3031
    -0.879    -0.721    6.2468
    -0.564     1.326   10.0654
     1.641     0.686    3.1780
    -0.236     1.748    6.0672
     0.285     0.327   15.3462
    -0.626     0.458   16.1061
    -2.478    -1.199    0.3000
     0.520     0.268   13.1585
    -0.322    -0.565    9.3250
     0.958     0.626    8.8080
    -0.874     0.390   14.1391
     0.550     2.485    1.0346
     1.188     0.899    5.9856
     0.205     0.448   16.0635
     0.328     1.877    4.3185
     0.187    -0.906    5.1834
    -1.503     0.516    7.7214
     0.655     0.863   10.9514
     0.834     2.031    2.2413
    -0.709    -1.418    1.8736
    -0.825     1.630    5.9576
    -0.349     1.394    9.8458
    -1.783    -0.398    3.5233
     0.706     1.307    7.4395
    -1.362     1.160    6.5231
    -2.694     0.529    0.8585
    -0.112    -0.012   15.3157
    -0.111     0.529   17.3334
    -1.082     0.682   11.6145
    -1.222     0.881    9.3322
    -2.608     0.249    1.0533
    -0.738     1.216   10.4402
     0.153    -0.017   14.3277
     0.390     1.025   11.9789
    -0.735     0.746   14.4058
    -0.231     1.853    5.0895
    -1.110    -0.531    6.7502
    -0.092    -0.851    6.1502
     1.005     0.844    7.7604
     1.086     0.801    7.1643
    -1.076     0.039   11.1206
    -1.465     0.072    7.5846
     0.049     0.483   16.9074
     1.289    -0.844    1.9787
     0.223     0.938   13.7615
    -1.821     1.391    2.7157
     0.494     0.988   11.5074
    -2.207     1.577    1.0609
     0.192     1.744    5.7220
    -0.738    -0.427    9.7166
    -0.898     0.632   13.5595
    -0.267    -0.432   10.9220
    -0.134     1.121   13.1257
    -0.347     1.873    4.8505
     2.036     1.071    1.2015
     0.378     1.247    9.9960
    -0.875     0.903   12.2835
    -1.786     0.046    4.8312
    -0.163     1.813    5.4598
     0.023    -0.894    5.6006
    -0.208    -0.458   10.6107
    -0.182     0.513   17.4389
     1.031     1.937    2.1620
     0.466     0.947   12.0352
    -0.870     1.472    7.2086
     0.113     2.270    2.1262
    -0.922    -0.002   12.2418
     1.284    -1.242    0.9438
     0.900     0.069    8.6579
    -0.888    -1.874    0.5296
    -1.435     0.109    7.9791
    -0.658     0.921   13.7040
    -0.651     1.426    8.6379
     1.541     2.181    0.6487
     1.438    -1.096    0.9955
    -3.551     1.775    0.0223
    -1.568    -0.522    4.1714
    -1.356     0.134    8.8182
     0.401     1.962    3.5613
    -0.672    -0.144   12.8750
    -0.099     0.380   17.3461
     1.088     3.140    0.0925
     0.363    -0.889    4.8744
    -2.083     0.010    2.8934
     1.753     1.469    1.4539
    -2.175    -0.438    1.7397
     0.865    -0.304    6.8669
     0.569    -1.742    0.6472
    -0.285     0.619   17.1150
    -0.987     0.880   11.4927
     0.788     0.311   10.5643
     0.286     1.184   11.1233
     0.110     0.734   15.8077
    -1.530     0.238    7.3795
    -0.225     2.366    1.7652
    -2.000     1.028    2.8893
    -0.965    -0.148   10.8533
     1.085     0.156    7.2250
    -0.737     0.916   13.2241
    -1.198     0.021    9.8888
     0.850    -0.521    5.5191
     1.485     0.609    4.2342
    -0.440    -0.429   10.7387
     0.037    -0.749    6.9998
    -2.562    -0.805    0.4912
     1.361    -0.046    4.3997
    -0.039     0.846   15.6047
    -1.868     0.711    4.3446
    -0.142     0.471   17.4495
    -1.504     0.506    7.7255
    -0.184     0.082   16.1474
     0.215     0.801   14.8247
    -1.741     2.407    0.4708
    -0.486     0.159   16.1033
    -1.839     1.060    3.6921
     0.624    -0.971    3.4986
     0.049    -0.234   12.6990
    -1.198    -0.077    9.3725
    -2.372     2.074    0.3126
     0.987     1.019    7.1689
     0.105     1.041   13.4003
    -0.243     0.074   16.1037
    -0.446     0.672   16.4723
     0.781    -0.199    8.2289
    -0.711     0.778   14.3878
     0.255     1.427    8.7172
     0.298     0.431   15.3974
    -1.101    -0.097   10.0937
    -1.618     0.484    6.6596
    -2.816    -0.104    0.5543
    -0.846     1.163   10.2920
    -0.934     0.626   13.2491
    -0.663     0.367   15.8220
    -1.399    -0.298    6.4364
    -0.481     1.602    7.2708
     0.322     1.529    7.4312
    -1.819     0.475    4.9629
     0.284     0.764   14.6009
    -0.806     0.253   14.4702
     0.480    -0.791    5.2758
     0.302     1.325    9.5957
    -0.586     1.452    8.5948
     1.463     0.277    4.3212
     0.472     0.932   12.0940
    -0.754     0.157   14.4968
    -1.511    -0.861    2.8200
    -0.869     1.515    6.8143
     1.273     0.166    5.6026
    -0.613    -1.289    2.5899
    -1.017     1.453    6.6269
    -0.831     0.040   13.2487
    -0.443     0.436   17.0598
     0.459    -0.941    4.1894
    -0.727     0.239   15.0499
    -0.625    -0.196   12.6275
    -1.246     1.287    6.5209
    -0.541    -0.048   14.3911
    -0.421     0.999   14.0906
     0.480     0.270   13.5350
    -1.327    -0.289    7.0233
     0.560    -2.033    0.2800
     0.220    -0.083   13.3853
     0.062    -0.279   12.1661
    -0.975    -0.887    4.5519
    -2.392     1.042    1.3277
     1.105     0.141    6.9985
    -0.403     0.501   17.1565
    -0.070     0.703   16.6216
    -0.489    -0.624    8.4238
    -0.573     0.882   14.5043
     0.403     0.668   14.1296
    -0.720     0.325   15.3404
    -0.258     0.200   16.8741
    -0.214     0.617   17.1702
     0.899    -0.647    4.4355
     0.876    -0.064    8.2420
    -0.214    -0.099   14.6106
     0.331     1.478    7.9002
    -1.248    -0.639    5.2009
    -0.017     0.241   16.7379
    -0.701     0.170   14.9509
    -0.658     0.794   14.6470
     0.152    -1.464    1.7006
     0.528     0.237   12.9806
    -0.791    -0.023   13.1115
    -1.325     1.154    6.8368
    -0.112     0.694   16.7513
    -0.611    -0.755    6.7781
     0.194     0.041   14.5446
     1.380     1.084    4.0288
    -0.016    -0.757    7.0128
    -1.341     0.577    9.2615
     0.257     1.610    6.8433
    -0.180    -1.232    3.0851
     1.439     0.242    4.4552
     0.057     0.058   15.3774
    -2.553     0.531    1.1956
    -0.074     0.965   14.6509
    -0.987     1.813    3.9573
    -1.180     1.529    5.1737
     0.628     1.008   10.2848
     0.696     1.433    6.5087
    -1.891    -0.138    3.6958
    -0.165     0.168   16.6890
     0.618     0.340   12.3692
    -0.135     0.159   16.6006
     0.849     1.780    3.4554
    -0.100     1.649    7.0675
     2.561    -0.235    0.2908
     1.625    -0.401    2.0717
    -0.884    -1.047    3.6723
     0.800     0.860    9.6156
    -0.194    -0.085   14.7357
    -0.135     0.717   16.6532
    -0.373     1.349   10.3396
    -0.130    -0.127   14.2642
     0.347     0.864   13.5243
    -1.551    -0.506    4.3428
    -0.008     0.451   17.1438
    -1.456     0.447    8.2348
     0.207     1.460    8.5416
    -0.194     0.049   15.9080
     0.772     0.911    9.6112
    -0.409     1.422    9.4183
     1.637     0.314    3.2304
    -0.455    -1.369    2.2647
     1.137    -0.208    5.3933
     0.633     0.417   12.3187
     0.508     0.297   13.3611
    -1.775     1.501    2.5364
    -1.385     1.754    2.9504
    -2.014     1.932    0.8418
    -1.733     1.647    2.1884
    -1.387     0.367    8.9302
     0.480     0.583   13.7009
    -1.120     0.279   11.5764
     1.829     1.123    1.7764
     0.003    -0.182   13.4017
    -0.600    -0.378   10.8389
    -0.939    -0.751    5.7498
    -0.443    -0.706    7.6140
     1.232     0.358    6.2527
    -1.038    -0.097   10.6324
    -0.928    -0.185   10.8361
     0.570    -0.805    4.8258
    -1.323    -0.934    3.1059
    -0.927     1.051   10.7147
     0.037     1.468    8.8960
     0.890     1.979    2.3380
     1.455    -0.309    3.0624
    -0.049    -0.336   11.8386
     0.777    -0.175    8.4220
     0.619     0.128   11.6575
     0.673     1.186    8.6077
    -0.005     0.700   16.4620
    -0.756     0.576   14.9643
    -0.892     1.317    8.5468
     1.033     1.550    3.9738
     0.964    -0.363    5.7999
     1.437     0.186    4.3849
    -0.967     0.338   13.2076
    -0.193     1.260   11.5581
     0.100     0.203   16.0748
     0.142     0.933   14.2324
    -1.350     1.418    5.0045
    -1.128     0.176   11.2115
     0.259     1.078   12.3070
     0.472     1.047   11.2084
    -1.428     0.365    8.5089
    -0.241    -0.551    9.5226
     0.940     0.430    9.1294
     0.215    -0.343   10.8329
    -0.459    -0.241   12.8063
     1.327    -0.884    1.7481
    -0.453    -0.614    8.6057
     0.860     0.646    9.7673
     0.848     1.483    5.3115
     0.370     0.190   14.1903
     1.947     1.427    1.0375
     1.559     1.652    1.6131
     1.424     1.113    3.6788
    -2.731    -0.389    0.5475
     0.194    -2.027    0.3614
    -1.782     2.503    0.3462
     0.634     2.611    0.7030
    -1.000    -0.130   10.7113
    -1.856     0.208    4.5818
    -1.108     0.949    9.9675
    -0.219    -0.967    5.1335
    -0.188     0.163   16.6749
     0.156     1.647    6.7370
     0.565     1.043   10.5376
     0.541     2.269    1.7376
    -0.768    -1.132    3.3338
     0.924     2.605    0.5484
    -0.180     1.205   12.1929
    -0.965     1.389    7.4679
     0.004     0.418   17.0945
     0.064     1.147   12.4444
    -0.797     0.650   14.3762
     1.205     1.007    5.4908
    -0.956    -0.196   10.5458
    -1.479    -0.137    6.6451
     1.175     1.019    5.6670
    -1.316     0.575    9.5273
    -0.977    -0.509    7.6838
    -0.622    -0.486    9.5753
     0.073    -0.005   14.8150
     0.867     0.980    8.3924
     0.044     0.991   14.1002
     1.373     0.772    4.8439
    -1.230     0.022    9.5921
     0.549    -0.161   10.3932
     0.286     1.694    5.9657
    -0.532     0.361   16.6069
     1.043     0.251    7.8548
     0.058     1.207   11.8077
     1.736     0.518    2.7338
    -0.222     1.052   13.8879
    -2.054     1.382    1.8422
     0.063    -0.128   13.7361
    -0.580     0.967   13.7412
     0.303    -1.666    0.9537
     0.233     1.067   12.5510
     0.829    -0.090    8.5095
    -1.057    -0.438    7.8259
    -0.520     1.860    4.7498
     0.048     0.495   16.9029
    -0.288     0.161   16.6393
    -1.120     1.320    7.1039
    -0.515     0.178   16.0780
    -0.325     0.126   16.3800
     1.038    -0.641    3.7947
     0.437     2.164    2.3361
    -0.743     0.374   15.2349
     0.547     0.262   12.8833
     0.975     0.883    7.8869
     0.320     0.056   13.8153
    -0.781     1.534    7.0166
    -0.165     0.634   17.0867
     0.308    -0.333   10.4549
    -0.317     2.174    2.6976
     0.166     1.600    7.1852
    -0.211     0.551   17.3718
     0.277    -0.097   12.9068
     0.115    -0.158   13.2238
     0.170    -1.019    4.2846
    -0.092    -0.816    6.5085
     1.495    -0.562    2.1482
    -0.859     0.131   13.5344
     0.646     0.751   11.5709
     0.073     1.889    4.6403
     0.058     1.267   11.1283
    -0.160     1.222   11.9979
     0.845     0.622    9.9736
     1.205    -0.642    3.0318
    -0.499    -0.669    7.9118
     0.689     0.283   11.5285
     0.294     0.352   15.3344
     1.373     0.193    4.8683
     0.527     0.887   11.9420
     0.747     2.564    0.7244
    -1.132     0.273   11.4409
    -0.487     1.166   12.1231
    -1.991    -0.940    1.2286
     0.216    -0.859    5.5284
    -0.855    -1.403    1.8006
     1.028     0.041    7.3588
     1.474    -1.322    0.5852
    -0.402     0.659   16.6863
     0.837     1.207    7.2515
     1.650     0.088    2.9152
    -1.101    -0.664    5.7476
     2.892    -0.363    0.0980
     0.620     1.506    6.3271
     1.682     2.168    0.5226
    -0.796    -0.246   11.1974
     0.346    -0.176   11.7544
    -0.968     1.156    9.5132
     1.973    -0.074    1.3900
    -0.481    -0.101   14.1466
    -0.101     1.082   13.5162
     1.462     1.311    2.8916
    -2.370    -0.223    1.4290
    -0.433    -0.400   11.0914
     0.980     1.129    6.6561
    -0.269    -0.281   12.6716
    -0.073     0.424   17.3295
     0.165     0.804   15.0983
     0.125     0.585   16.3573
     1.826     0.693    2.2343
    -1.304    -1.103    2.3464
     1.814     0.888    2.1276
     0.370     1.204   10.4603
     0.314     1.085   11.9264
     0.541     1.302    8.5180
     1.723     1.041    2.3137
     0.578    -0.350    8.5877
    -1.771     0.705    5.0685
     0.265     0.667   15.2016
    -0.012     0.307   16.9572
     0.307     0.757   14.4751
     1.007     0.517    8.4436
    -1.295     0.703    9.3979
    -0.257     1.444    9.3666
     0.118    -0.147   13.3172
     1.321     1.266    3.7620
    -0.454    -0.798    6.6363
    -0.347     2.097    3.1578
    -0.958    -0.780    5.4438
     0.727     0.440   11.3594
    -0.362     1.043   13.8012
    -0.030    -0.825    6.3434
    -0.685    -0.734    6.7780
    -0.160     1.591    7.7194
    -0.627     0.143   15.2963
    -1.801    -0.127    4.2922
     0.688     2.056    2.4337
    -1.386     0.283    8.8521
    -2.048    -0.537    1.9666
    -1.763    -1.099    1.3333
     0.814    -0.010    9.0942
     1.196    -0.927    1.9728
    -0.320     0.924   15.0451
     0.120     1.586    7.4402
    -0.467    -0.009   15.0074
    -0.492     0.112   15.7977
    -1.125    -0.439    7.3822
     2.227     1.995    0.2371
    -2.388     0.490    1.7313
    -1.176     0.204   10.8184
     0.623     0.361   12.3544
     0.537     1.085   10.4167
    -0.725     0.657   14.9199
    -1.387     1.659    3.4271
     0.203     1.373    9.4927
     0.111     0.770   15.5943
     0.884     0.413    9.6998
    -2.154    -1.969    0.0868
     0.248     1.019   12.9159
     0.576    -0.740    5.3022
    -0.954    -0.688    6.2273
    -0.162    -0.348   11.8780
     1.081     0.973    6.6046
    -1.191     0.780   10.1267
    -0.047     1.390    9.9324
     0.589    -0.169   10.0136
    -0.134     1.364   10.3121
    -0.440    -0.113   14.1711
     0.044     1.669    6.7152
    -1.821     0.760    4.5851
    -0.540     1.123   12.3831
     0.417     1.743    5.1587
    -0.897     0.148   13.2923
     1.308     1.099    4.4419
    -0.530     1.062   13.0587
    -0.649     1.696    5.9267
     0.647     0.105   11.2766
    -0.172    -0.190   13.6586
    -0.313     1.816    5.3850
     1.577    -0.836    1.2474
     1.084     2.009    1.7742
     0.210     0.957   13.6773
     1.138     1.779    2.4860
    -0.554     0.607   16.2355
    -2.576    -0.833    0.4562
    -0.998     0.654   12.5463
    -0.213     0.288   17.2505
    -0.110     1.872    4.9171
     1.055     0.903    7.0921
     1.597     1.442    1.9933
     1.101     0.950    6.5264
     0.508    -0.091   11.2652
     0.553     0.507   13.1181
    -1.905    -0.945    1.4067
     0.241     0.621   15.5417
     0.373    -0.260   10.7877
    -0.281    -0.515    9.9375
     1.259     0.634    5.9729
    -1.093    -0.337    8.4130
     0.870    -0.063    8.2971
    -0.727    -1.162    3.2057
     0.165     2.355    1.7235
    -1.450     0.445    8.2966
    -0.194     0.301   17.2879
    -1.165     1.150    8.0853
    -1.602     0.460    6.8170
    -0.776     0.709   14.2841
     0.647     1.650    5.0724
    -0.216     0.256   17.1361
    -0.507     2.151    2.7067
     1.518     0.144    3.7731
    -1.516     0.677    7.3226
    -0.195     0.484   17.4795
    -0.375    -0.400   11.1912
    -0.934     0.357   13.5468
    -0.588     1.503    8.0382
     0.332    -0.928    4.6406
     1.377    -0.809    1.8282
    -0.893     0.388   13.9616
    -0.811     0.238   14.3858
    -0.203     0.002   15.5298
    -0.847    -0.345    9.9503
    -0.838     0.603   14.1957
     0.213     1.260   10.6749
    -1.857    -1.096    1.1624
     1.772     0.823    2.3771
    -0.451     0.812   15.5982
     1.443     0.561    4.5619
     1.009     0.285    8.2554
    -0.682     0.622   15.3781
    -0.093     0.281   17.0963
    -2.288     0.755    1.9771
     0.950     1.541    4.4210
     0.554     1.844    3.9965
     1.118     0.379    7.3259
    -1.081    -0.454    7.5446
     0.623     1.735    4.5431
     0.876     0.989    8.2671
    -1.102     1.284    7.5060
     1.488    -0.152    3.3207
    -0.123    -0.146   14.0649
    -0.050    -0.095   14.4203
    -0.323     0.164   16.6091
     2.400     0.641    0.6144
    -1.088     0.895   10.4891
    -0.799     0.813   13.5119
    -1.137     1.355    6.7180
     0.548    -0.294    9.2865
    -1.219     0.240   10.4811
    -0.267     1.292   11.1430
    -1.216     1.271    6.8383
    -1.128    -0.284    8.5651
     0.470     0.907   12.2825
    -2.214    -0.277    1.8755
    -0.321     0.208   16.8400
    -0.206    -1.210    3.2380
    -2.310     1.598    0.8346
     0.257     1.873    4.4941
     3.183    -0.603    0.0287
    -0.176     1.282   11.2940
    -1.123     0.577   11.5116
     1.129     1.176    5.3293
     0.233     0.248   15.4795
    -0.268     0.946   14.9118
    -1.320     0.610    9.4142
    -0.549     0.439   16.5692
    -0.658     1.452    8.3353
     0.012     0.280   16.7811
    -1.220     0.412   10.6752
    -0.512    -0.300   12.0013
     0.976     0.377    8.7230
    -0.794    -0.074   12.7103
    -1.283     1.141    7.2451
    -0.196    -0.106   14.5331
     1.675     1.236    2.1591
    -1.127    -0.157    9.4828
    -1.198     0.565   10.7620
    -2.249     0.424    2.3143
    -0.893     0.617   13.6590
     0.321    -0.283   10.8835
     1.337     1.206    3.8847
     1.431    -0.057    3.9102
     0.928     0.264    9.0272
     0.184    -0.751    6.6359
     1.040     1.448    4.4889
     2.527     1.653    0.1968
     0.331     0.928   13.1735
    -0.568    -0.439   10.2817
    -0.765     0.717   14.3352
    -0.398     1.251   11.4249
     0.365    -1.543    1.2585
    -0.355    -0.455   10.5753
    -1.439     2.149    1.3017
    -0.134     0.046   15.8289
    -0.671     1.068   12.2951
     0.688     2.343    1.3136
    -0.175     0.820   16.0100
     1.024     0.462    8.2836
    -0.056    -0.352   11.6700
    -1.946     0.212    3.9528
     0.214     2.957    0.3277
     0.222    -0.318   11.0631
     0.545    -0.945    3.9076
    -1.237     0.023    9.5303
     1.851     1.038    1.8074
    -0.334    -0.315   12.2254
     0.064     1.446    9.0880
     0.581    -0.994    3.4819
    -1.380     0.025    8.2050
    -1.630    -1.256    1.1809
     0.687     2.417    1.1029
     0.958     0.587    8.8670
     0.289     0.198   14.8566
     1.774     0.995    2.1649
    -1.207     0.257   10.6369
    -0.801     0.568   14.6151
     0.936     2.271    1.2229
    -0.688     0.326   15.5785
     1.201     1.108    5.1318
    -1.430     0.018    7.7172
    -2.414     0.005    1.5026
    -0.246    -0.391   11.4040
     1.825     0.002    1.9886
    -0.338     0.570   17.1870
    -1.068    -0.161    9.9322
     1.412    -0.719    1.9817
    -2.651     0.816    0.8598
    -0.213     0.140   16.5486
     1.636     1.435    1.8770
    -0.650    -2.231    0.1981
    -0.447     1.630    7.0465
    -3.333    -0.733    0.0713
     0.003    -0.663    7.9835
    -1.390     0.384    8.9059
     0.175     1.620    6.9650
    -0.468     1.920    4.3329
     0.129    -1.099    3.7528
    -0.256     0.126   16.4525
     1.224     0.132    5.9328
    -0.091    -0.073   14.7288
    -0.015    -0.363   11.4482
    -0.760    -1.080    3.6956
     0.602     0.604   12.4840
     0.617    -0.453    7.4578
    -0.138     0.422   17.4493
    -0.275    -0.342   11.9637
     1.559     0.203    3.5926
    -0.910     1.348    8.1543
    -0.450    -1.791    0.7907
    -0.254     1.794    5.6255
     1.820     1.127    1.8011
    -0.602    -0.176   12.9301
    -0.779    -0.131   12.3353
    -1.086     1.330    7.2393
    -1.998     0.872    3.2220
    -1.175    -1.174    2.3160
     0.866     1.584    4.5596
    -1.475    -0.476    4.9378
    -0.888    -0.347    9.6893
    -0.961     0.017   12.0282
    -1.886     0.380    4.4687
     0.869    -0.044    8.4077
     0.625     2.068    2.5006
     0.633    -0.135    9.9039
    -2.035     0.569    3.4034
    -0.764     0.572   14.9100
    -0.288     0.895   15.3519
    -0.577    -0.349   11.2396
     0.571     2.491    1.0025
     0.585     0.803   11.9128
     0.685     1.027    9.6765
    -1.391     1.238    5.8519
     0.668     0.073   10.9064
     1.093     1.313    4.8993
     0.397     1.546    6.9811
    -1.083    -0.428    7.7402
     1.149     1.178    5.1875
     1.352     1.305    3.4525
    -0.474    -0.069   14.4648
    -1.141     0.710   10.9187
    -1.488     0.058    7.3357
    -0.731    -0.640    7.5676
     0.530     1.372    7.9566
     0.870     1.585    4.5371
    -0.069     0.094   16.0536
    -0.880     0.081   13.0929
    -0.474     1.985    3.8259
    -0.689    -0.007   13.9318
    -1.525    -0.836    2.8840
    -0.434    -0.291   12.3212
     2.800     1.392    0.1281
    -2.270     1.405    1.1805
     0.122    -0.524    9.2281
    -0.757     2.090    2.7447
     1.683     0.756    2.8860
     1.712    -0.141    2.2464
    -1.236    -1.294    1.7108
     0.250     0.060   14.3283
    -0.368     0.667   16.7493
    -1.994     0.978    3.0299
     0.572     0.135   12.1333
     0.686     2.360    1.2628
     0.479    -0.774    5.4238
    -0.042     0.833   15.7149
    -1.165    -0.430    7.1941
     0.635     0.649   12.0446
    -0.166    -0.425   10.9758
     0.875     0.118    9.1020
    -0.804     1.681    5.5823
     0.403     0.331   14.3977
     0.565    -0.355    8.6424
     0.832     0.237    9.9312
     1.395     1.140    3.7646
    -0.294     0.640   17.0170
     1.657     1.532    1.6025
     0.361     0.084   13.6826
    -0.798     2.724    0.5659
    -0.846     0.830   13.0209
    -0.297     1.673    6.7991
     0.741    -0.375    7.2629
    -0.410    -0.596    8.8718
     0.548    -0.449    7.9140
    -0.882    -0.339    9.7990
     1.286     0.360    5.7851
    -2.149     0.209    2.7526
    -0.128     0.796   16.1411
     0.750     0.998    9.3122
    -0.400     0.592   16.9556
    -0.070    -0.683    7.8862
     0.320    -0.238   11.3329
     1.112    -0.796    2.7460
     1.343     0.539    5.3446
     1.056     0.441    7.9549
    -1.580     2.117    1.1586
     1.604     0.324    3.4321
    -0.558    -0.267   12.1995
     1.282    -0.520    3.1816
    -1.375    -0.561    5.0270
    -0.314    -0.316   12.2406
    -0.364     0.204   16.7349
    -1.314     0.770    8.9683
    -0.726     1.711    5.5670
    -0.445    -0.658    8.1237
     0.673     2.391    1.1862
     0.500     1.924    3.6021
    -0.734     0.728   14.5178
    -0.083     0.214   16.7974
     0.064     0.633   16.4965
    -1.074    -1.035    3.2767
    -0.778    -0.212   11.6295
     0.029    -0.133   13.8168
    -1.018    -0.656    6.2085
    -0.408    -0.865    6.0187
     0.232     0.566   15.7508
    -0.721    -0.432    9.7449
    -0.483     0.430   16.8936
     0.650     0.668   11.8318
     0.140     0.857   14.8508
    -0.187     1.206   12.1888
    -2.048     0.252    3.3434
    -1.528     0.440    7.5290
    -0.697     0.109   14.6522
    -1.183    -0.979    3.2988
     0.610    -0.204    9.5627
    -1.476     1.487    3.9375
    -0.653     1.443    8.4520
    -1.894    -0.747    1.9439
    -1.322     1.716    3.3720
    -0.195     0.531   17.4125
    -2.225    -0.055    2.1415
    -1.923     0.772    3.8647
    -3.016     0.231    0.3741
     0.799     0.290   10.4080
     1.085     0.520    7.6684
    -0.338     1.747    6.0118
     1.315     0.929    4.9210
    -0.770    -0.151   12.2232
    -2.031     0.635    3.3744
     0.783    -0.097    8.8681
    -1.804    -0.345    3.5981
     0.941     1.493    4.7570
     0.596    -0.817    4.6342
    -1.249    -1.041    2.7770
    -1.048     0.119   11.7790
     1.118     1.433    4.1494
     0.279    -0.223   11.7209
     0.661     1.362    7.2828
     0.473    -0.260   10.1150
     1.682     0.471    3.0275
    -0.156     2.085    3.2857
    -0.148    -0.422   10.9963
     0.028    -0.045   14.6464
     0.142     1.240   11.1691
    -1.379    -0.758    3.8520
    -0.147     1.093   13.4386
     0.032     0.245   16.5708
    -0.017    -1.168    3.4277
     1.711    -1.026    0.6975
    -1.180     0.494   11.0634
    -0.533     0.834   15.0808
     0.757     0.291   10.8396
    -0.873     0.513   14.0882
    -0.679    -0.986    4.5474
     0.481     0.369   13.7630
    -0.001     1.315   10.7165
    -0.139     2.652    0.8507
     1.148     0.616    6.9868
     0.665     2.253    1.6421
     0.899     0.920    8.4183
     1.555    -0.266    2.6901
    -0.773     0.218   14.6202
    -1.404    -0.696    4.0847
     0.408     0.639   14.1911
    -1.514     1.016    6.1141
    -0.142    -0.623    8.6437
    -0.681    -0.174   12.5502
     1.009     0.853    7.6906
    -0.962     0.709   12.6693
    -0.060     1.167   12.5262
    -0.015     0.160   16.3236
    -0.505    -0.132   13.7735
    -0.606     0.142   15.4128
     2.199    -0.214    0.7468
     0.542     0.835   12.1235
    -0.590     0.625   15.9675
    -0.562    -0.147   13.3917
    -1.212    -0.453    6.7227
    -0.241    -0.723    7.5664
     0.394     2.477    1.1624
    -0.875     1.178    9.9674
    -0.038    -1.384    2.1713
    -0.024     1.394    9.8488
     1.025    -0.774    3.1787
    -0.771    -0.690    6.9344
    -1.241     0.716    9.8936
     1.658     0.622    3.1249
    -0.011     1.376   10.0369
     1.085     0.922    6.7645
    -0.348     0.212   16.8086
    -0.753     0.244   14.8705
    -0.377     2.054    3.4273
    -1.029     1.136    9.2331
     1.315     0.995    4.7265
     0.306     1.846    4.6067
     0.752     0.894    9.8888
     0.364     0.924   12.9708
     0.341     1.039   12.1758
    -0.686     1.351    9.2917
    -0.040     1.885    4.7755
    -1.288     1.009    8.0223
    -0.716    -1.731    0.8584
     1.187     0.025    5.9245
     2.392     0.953    0.5597
    -0.379     1.222   11.7935
     1.304     0.591    5.6354
    -0.448    -0.251   12.7290
    -0.952    -0.991    3.8799
     0.591     0.253   12.4258
    -0.554     0.485   16.5138
    -1.331    -0.052    8.3093
    -0.300     0.621   17.0862
     0.829     0.147    9.6655
     0.368    -0.910    4.6887
    -1.476     1.042    6.2941
     0.876     1.441    5.4322
    -0.289     0.089   16.1751
     0.491     1.143   10.2546
    -0.430     0.924   14.7621
     1.442     2.238    0.6749
     1.208     0.852    5.9667
    -0.224     0.652   17.0228
    -0.304    -0.732    7.4540
     1.054     0.458    7.9806
    -0.593     0.314   16.1757
     0.670     1.569    5.5864
    -1.861    -0.198    3.7185
    -1.747    -0.282    4.1437
    -1.473     0.077    7.5237
     0.032    -1.405    2.0338
     0.363     0.847   13.5204
     1.614     0.501    3.4240
    -1.731     0.873    4.9741
     0.107     0.903   14.6423
     0.850     0.900    8.9532
     0.340     0.281   14.7898
    -1.833     0.778    4.4613
     0.718     0.662   11.1753
    -2.554    -0.144    1.0137
    -0.647    -0.144   13.0146
     0.491     0.633   13.4740
    -0.852     0.907   12.4369
     0.028     0.385   16.9680
    -0.296    -0.503   10.0638
     0.396     0.058   13.2345
    -0.280     0.344   17.3675
     0.065     1.525    8.2087
    -0.722     0.938   13.1485
    -1.216    -0.614    5.5360
    -1.957     0.139    3.8047
     0.252     0.429   15.7357
    -1.195     0.021    9.9143
    -0.033     0.936   14.8384
    -1.267    -0.607    5.3195
     1.222    -0.193    4.8600
    -1.165     1.338    6.6772
    -0.882     0.496   14.0351
     0.839    -0.357    6.7036
     2.518     0.710    0.4454
     0.278     0.327   15.4034
    -0.266     0.741   16.5260
     1.158    -1.144    1.3856
     1.928     0.955    1.6295
     0.755     0.215   10.6578
    -0.883     1.041   11.1353
    -0.263     0.895   15.3776
    -0.051     0.363   17.2060
     0.843    -1.573    0.7762
     0.519     0.900   11.9237
    -0.473     0.683   16.3027
    -0.812    -0.896    4.9662
     1.455    -0.192    3.4001
     0.963     0.379    8.8573
    -0.781     1.629    6.1239
     0.279     0.388   15.5025
    -0.115     1.944    4.3180
     0.271     1.275   10.2611
    -0.361     1.165   12.4812
    -1.575     0.452    7.0733
    -0.585    -0.318   11.5492
    -0.565     0.112   15.4605
     0.079    -0.790    6.5039
     0.472     0.459   13.9081
    -0.406     0.627   16.8084
    -1.324    -1.482    1.0309
    -1.873     1.333    2.6759
     0.422     1.968    3.4853
    -0.016    -0.237   12.8723
    -0.642     0.952   13.5325
    -0.963     0.789   12.2525
     0.161     1.733    5.8899
    -1.271     0.693    9.6792
    -0.946     0.154   12.8735
    -1.166     2.487    0.7966
    -0.084     0.784   16.1621
     0.462     0.658   13.6551
    -0.072     1.742    6.1031
     1.250     1.528    3.0907
     1.824     1.175    1.7196
    -0.063     1.214   11.9950
     0.743     0.263   10.9189
     1.077    -1.335    1.0307
    -1.237    -1.088    2.5770
     0.238     0.753   14.9720
    -2.083     1.243    2.0474
    -0.785    -0.235   11.3634
    -1.106     0.612   11.5996
    -0.960     0.596   13.0964
    -1.016     0.494   12.7485
     0.837    -0.367    6.6495
     0.866    -0.176    7.6755
     0.221    -0.602    8.0311
    -0.263     0.646   17.0271
    -0.315    -0.169   13.8522
    -1.310     1.319    5.8788
    -1.998    -0.176    3.0113
    -0.143     0.212   16.8927
     2.239     1.138    0.7184
     0.437     0.449   14.2281
    -0.093     0.503   17.3397
    -0.382     0.026   15.5491
    -0.462     0.493   16.9506
     1.270     0.344    5.9103
    -0.623     1.619    6.7453
    -0.607     0.381   16.2049
     0.291     1.717    5.7413
     0.118     0.573   16.4279
    -0.620     1.894    4.2945
    -1.275    -0.120    8.4536
    -0.235     0.649   17.0323
    -0.080     0.524   17.2814
     0.478     0.779   12.9851
    -0.861    -1.058    3.6426
     1.211     1.100    5.0883
    -1.027     0.299   12.5570
    -0.288     0.017   15.6308
     0.905     0.524    9.4717
     1.787     0.283    2.4145
     0.352    -0.746    6.1427
     1.451     0.227    4.3437
    -0.405     0.122   16.1689
    -0.754     0.774   14.0981
    -0.764     1.257    9.8714
    -0.102     0.215   16.8419
    -2.808     0.066    0.6160
     1.111     1.010    6.2028
     1.656     1.494    1.6832
     1.388    -0.031    4.2614
    -0.359     0.569   17.1414
    -0.080     1.249   11.6188
    -0.445     1.293   10.8222
    -0.387     0.132   16.2820
    -2.510    -0.221    1.0582
     0.610    -0.308    8.7230
    -0.014     0.805   15.8450
     0.108     1.563    7.7102
    -1.594     1.361    3.9452
    -0.944    -0.558    7.4160
    -0.563     1.442    8.7847
     1.940     0.340    1.7913
    -0.345     1.235   11.7188
    -1.903    -0.110    3.6963
    -1.498     1.162    5.5257
    -2.344     1.064    1.4465
     1.849     1.225    1.5651
     0.272    -0.772    6.1713
    -0.364     0.114   16.2217
    -0.798    -0.367   10.0191
    -0.166    -0.164   13.9257
    -0.008     1.236   11.6454
    -1.435    -1.248    1.5303
     0.098     0.836   15.2028
     1.474    -0.439    2.5816
     0.044     0.778   15.8326
     0.583     3.552    0.0344
    -1.714     0.207    5.6888
    -1.701     0.226    5.8274
     2.214     0.671    0.9659
    -1.210     0.443   10.7825
    -1.281     1.130    7.3299
     1.023     1.498    4.2988
     0.370     0.780   13.8707
    -0.585     1.669    6.3531
    -0.003     1.080   13.3450
     0.775     0.430   10.8499
    -0.864     0.437   14.2346
    -0.292     0.276   17.1643
     0.514     2.320    1.5764
    -0.044    -1.096    3.9641
     0.245     0.680   15.2903
    -1.681     2.167    0.9015
     0.331     0.207   14.5872
     1.039    -0.118    6.5700
     0.125     1.008   13.6351
     0.410    -0.518    8.0493
     0.045    -0.155   13.5379
    -1.064     0.231   12.0285
     0.426     0.682   13.8811
    -0.695     0.407   15.6254
    -1.393     2.004    1.8574
    -0.319     0.667   16.8555
    -1.334    -0.868    3.4190
     1.409     0.659    4.7417
     1.945    -0.623    0.8362
    -1.003    -0.985    3.7830
     0.758     0.715   10.6096
     1.355    -1.098    1.1342
     1.345     0.403    5.3270
    -1.152     1.473    5.7328
    -1.320     0.386    9.6255
    -0.954    -0.026   11.8201
     0.211     1.450    8.6389
    -0.936     0.675   13.0524
     1.393     2.457    0.4383
     1.431    -0.677    2.0425
     0.734     1.275    7.4952
     0.622     1.450    6.7739
     0.517     1.744    4.8381
    -0.563    -1.294    2.5981
    -1.129    -0.031   10.2448
    -1.286    -0.958    3.0958
     1.415     1.662    2.0076
    -0.072     1.161   12.6110
     0.337     0.981   12.7045
    -0.171     0.055   15.9358
     0.900     1.951    2.4390
     1.135     0.576    7.1470
    -1.488    -0.410    5.2110
    -0.376    -0.578    9.1236
     1.018     1.906    2.3223
     0.850     0.471   10.0734
    -0.713     0.886   13.6228
     2.006     0.074    1.4152
    -0.511     0.202   16.2143
    -1.266    -0.243    7.7772
    -1.216     0.572   10.5615
    -1.613     0.155    6.4631
     0.907     1.148    7.1081
     0.176     0.229   15.7654
     0.552     0.230   12.7236
    -1.266     1.377    5.7653
     1.289     0.889    5.2233
    -1.853    -0.511    2.8058
    -0.578     0.386   16.3814
    -0.008     0.972   14.4358
     0.388     0.552   14.5816
    -0.763     1.970    3.4721
     1.049     0.918    7.0889
    -0.099     1.245   11.6853
    -2.013    -1.900    0.1361
     1.631     2.182    0.5550
     0.505    -1.041    3.3864
    -1.017     0.723   12.0815
    -2.111     0.701    2.8520
    -1.194    -0.490    6.5647
    -1.501     1.322    4.6706
    -0.730    -0.144   12.5345
     0.412     1.069   11.4410
     0.869    -0.016    8.5495
     0.007    -0.456   10.3245
    -1.602    -1.123    1.5955
    -1.306     1.170    6.8776
     2.125     0.591    1.2034
     1.044     0.431    8.0710
    -0.897     1.599    5.9478
     0.260    -0.298   11.0746
    -0.227    -0.112   14.4844
     0.239    -0.353   10.6097
    -0.024     2.822    0.5204
     1.227     1.154    4.7686
    -1.947     0.588    3.9500
    -0.210    -0.379   11.5379
    -0.084     0.626   17.0053
    -0.734     0.089   14.2768
    -0.048     1.017   14.0986
    -1.124     0.957    9.7725
     0.816     0.277   10.2000
    -0.251    -0.066   14.9237
    -0.278     0.404   17.4542
    -0.950     1.352    7.8803
     0.837     0.533   10.1768
    -0.290    -1.483    1.7707
    -0.062     0.390   17.2752
     0.237     0.645   15.4883
    -0.237     1.898    4.6975
    -1.171     0.478   11.1674
    -0.217     1.006   14.3626
    -0.404    -0.759    7.0950
     0.704     0.121   10.7931
     0.023    -1.668    1.0679
    -0.303     0.639   17.0084
    -1.802     2.395    0.4410
     0.162    -0.292   11.6213
    -1.007    -0.543    7.2258
    -0.987    -0.962    3.9859
     0.878    -0.205    7.4050
    -0.378    -0.987    4.9176
    -0.720     0.035   14.0262
     0.203     0.245   15.6640
    -0.196     0.789   16.2380
     0.400     0.198   13.9741
     0.370    -0.976    4.1748
    -0.107     0.212   16.8368
    -1.645     0.357    6.4314
    -1.500     0.286    7.7301
     0.246     0.546   15.6967
     1.482     0.504    4.2925
     1.417     1.135    3.6553
    -1.439     1.193    5.7718
    -1.426     1.397    4.6961
     0.365    -0.535    8.1099
    -0.471     0.888   14.9223
     0.895     0.533    9.5758
    -0.213     2.619    0.9275
     1.797     1.224    1.7352
    -0.145     0.563   17.3060
    -1.575     2.030    1.3973
    -1.126     0.118   11.0185
    -0.234     1.011   14.3102
    -0.378     0.846   15.5777
    -0.874     0.184   13.6437
    -0.040    -0.485   10.0916
    -1.014     0.056   11.7784
    -1.266    -0.582    5.4956
    -0.736     0.996   12.5609
    -2.209     0.681    2.3849
    -1.609    -0.247    5.1813
    -1.504     1.132    5.6346
    -0.047     0.142   16.3094
     0.036    -1.365    2.2262
    -2.409    -1.296    0.2856
     0.440     0.504   14.1856
     1.338     0.932    4.7484
    -1.068    -1.037    3.2818
     0.572     1.417    7.3293
     1.164     1.810    2.2852
    -0.325    -0.053   14.9772
     0.563     0.216   12.5632
     1.401     0.325    4.8248
     0.644     2.059    2.5074
    -0.400     1.417    9.4961
    -0.718    -1.470    1.6545
    -0.692    -0.299   11.2630
     0.408     0.041   13.0311
    -0.132    -0.350   11.8191
     0.590     0.179   12.1620
     1.374     0.946    4.4608
    -1.910     1.647    1.6486
    -1.526     0.727    7.1040
    -1.034     0.014   11.3661
     1.362    -0.099    4.2378
    -0.195     0.446   17.4994
     0.243    -0.055   13.4925
     0.853    -0.186    7.7258
     0.518    -1.591    1.0025
     0.251    -2.084    0.2937
     2.225     0.308    0.9376
    -0.511    -0.739    7.1439
    -0.673     0.529   15.6990
    -1.760     1.531    2.4907
     0.018     0.679   16.4827
    -1.722     0.987    4.6834
    -2.168    -2.051    0.0663
    -0.262     0.638   17.0648
    -0.278     1.907    4.6029
     0.348     0.859   13.5498
     0.147     0.781   15.3390
     1.383     0.053    4.5087
     1.011     1.211    5.9812
     0.454     2.439    1.2338
    -1.256     0.579   10.1310
    -1.361     0.739    8.6308
    -0.434    -2.034    0.3909
    -0.375    -1.193    3.3295
    -0.610     1.052   12.7822
     0.653     1.459    6.5393
    -1.849     0.194    4.6197
    -0.089    -1.547    1.4937
    -0.029     1.372   10.1151
    -0.032     0.054   15.6638
    -1.194    -0.170    8.8304
     0.626     0.616   12.2114
    -0.815    -0.252   11.0227
    -1.792     1.011    4.1337
     0.600     0.801   11.7847
     0.595     0.371   12.6594
     1.940     0.899    1.6355
     0.102     0.954   14.2257
    -0.914    -0.481    8.2900
     0.147     0.007   14.5531
    -0.388     1.917    4.4445
    -0.314     0.037   15.7645
     1.273     0.320    5.8595
     1.482     0.230    4.1331
     1.136     1.286    4.7621
     0.877     1.171    7.1931
    -2.749    -0.507    0.4646
     0.807     1.232    7.2996
    -1.405    -0.176    7.0609
    -1.494     0.710    7.4416
    -1.615     0.591    6.5791
    -0.284     0.770   16.3156
     0.583     0.366   12.7623
    -0.439    -0.311   12.0835
     1.262     0.367    6.0006
     1.049     0.532    8.0092
     1.311    -1.493    0.5102
    -0.596     0.127   15.3797
     0.499     0.668   13.2818
     0.172     1.311   10.2820
    -0.492     1.137   12.4208
    -0.972     0.559   13.0760
     0.040    -0.166   13.4403
     0.233    -0.313   11.0578
     0.103     0.031   14.9660
    -0.257    -0.913    5.6300
    -0.289     0.072   16.0550
    -0.502     0.513   16.7440
    -0.191     1.737    6.1939
    -0.673    -0.690    7.2545
     0.480     0.757   13.0846
     0.960    -0.378    5.7349
     1.304    -0.475    3.2467
    -2.147    -0.875    1.0361
    -0.015     0.191   16.4924
    -1.211    -0.024    9.5389
     1.935    -0.546    0.9464
     1.703     0.810    2.7237
    -0.319     0.501   17.3670
    -1.246     0.921    8.8968
     1.564     1.498    1.9703
    -0.258     0.643   17.0444
    -0.486     0.041   15.3373
    -0.567    -0.718    7.2537
     0.293    -0.947    4.5880
    -0.200    -0.964    5.1493
     0.230     0.141   14.9795
    -0.184    -0.796    6.7731
     3.133     1.185    0.0559
    -1.682     1.168    4.2739
     1.178     0.737    6.5065
    -1.444     0.636    8.1087
    -0.561    -0.111   13.7372
     0.143     0.229   15.9632
     1.078     0.692    7.5114
    -0.560     0.963   13.8752
    -2.223    -0.616    1.2950
    -0.821    -0.102   12.2968
    -0.564     0.599   16.2042
     0.868    -0.144    7.8539
    -1.009     1.661    4.9730
    -0.492     1.071   13.1224
    -0.754     0.055   13.9192
    -1.283     1.351    5.8335
     0.038    -0.565    9.0041
     1.008     0.402    8.4175
    -1.459    -1.234    1.5309
    -1.812     0.745    4.6828
    -1.435     0.189    8.1947
    -0.919     1.044   10.8335
     0.807    -0.985    2.8693
     1.745    -0.858    0.8794
     0.688     0.353   11.6777
     0.044     1.197   11.9632
     0.275    -0.114   12.7718
    -2.278     0.294    2.1740
     0.257     1.217   10.9279
     0.097     0.213   16.1351
    -0.388     1.039   13.7816
     0.616     0.566   12.4178
    -1.520     0.363    7.5959
    -1.597     0.024    6.2705
    -1.619     0.228    6.5398
     0.913     1.535    4.6383
     0.364     0.493   14.8547
    -1.159    -1.289    1.8555
     0.404     0.086   13.3544
    -0.132     1.423    9.6232
    -0.036     0.977   14.4595
    -1.048    -0.928    4.0320
     0.043     0.542   16.8527
    -0.212    -0.473   10.4331
    -0.424     1.009   13.9857
    -1.135     0.352   11.5324
    -0.771    -0.334   10.4929
    -1.336     1.359    5.4540
    -0.364    -0.180   13.6698
    -1.617     1.171    4.6753
     1.362     0.902    4.6553
     1.467     1.067    3.5543
     0.142    -0.531    9.0790
    -1.378    -0.010    8.0789
    -0.633     2.101    2.8590
     0.738     0.917    9.8965
     0.920    -0.313    6.4131
    -1.562     1.528    3.3274
    -2.300    -0.183    1.7026
    -1.359    -0.717    4.1717
     0.029    -0.253   12.5570
     1.663     1.428    1.8034
    -0.111     0.936   14.9851
    -0.257    -0.122   14.3795
     0.534     0.546   13.2579
    -0.017     0.494   17.1490
     0.189    -0.384   10.5114
    -0.019     0.306   16.9745
     1.026     0.294    8.1064
     0.682    -0.230    8.7992
    -0.107    -1.014    4.6694
    -0.905     0.604   13.5902
     0.575    -0.791    4.9119
     0.195     1.482    8.3434
    -0.538     0.488   16.5978
     0.472    -0.428    8.5683
     0.589     1.069   10.1462
    -0.485     1.713    6.1419
    -0.766     0.040   13.7373
     0.831     0.795    9.5924
    -0.429    -0.521    9.7057
    -0.046     0.664   16.7592
    -0.715     0.275   15.2516
    -1.828     0.933    4.1275
    -0.794     1.147   10.7820
     1.090     0.024    6.7389
    -1.875     0.956    3.7654
    -1.162    -0.551    6.2999
    -0.149     0.642   17.0427
    -0.582     0.073   15.1232
    -2.038    -1.466    0.3998
    -0.140    -1.365    2.3056
    -0.276     1.485    8.8774
    -0.882     0.193   13.6126
    -1.144     0.185   11.0862
    -0.183     0.438   17.4940
     0.933    -0.676    4.1020
    -1.181     0.218   10.8084
     1.565    -0.357    2.4158
    -0.152     0.979   14.6185
    -0.996     1.790    4.0848
     0.421     1.636    6.0674
    -0.810     1.272    9.4578
    -1.243     1.381    5.8737
     0.141    -1.064    3.9927
    -0.715     0.250   15.1776
     1.069    -0.035    6.6889
    -0.532     0.754   15.6335
     0.296     0.950   13.2192
    -0.385    -0.645    8.3512
     0.937     1.275    6.1119
     0.882     2.100    1.8633
    -1.191     2.105    1.8909
    -0.210     1.525    8.4577
     0.489    -1.834    0.5328
    -0.676     1.084   12.1057
     1.344     0.559    5.3300
    -1.270    -1.116    2.3659
    -0.640    -0.365   10.8115
     0.115     0.489   16.5840
    -0.536     0.791   15.3729
     1.739     1.099    2.1521
    -0.967     0.486   13.2426
    -1.248    -0.302    7.5359
    -1.496    -0.522    4.5692
     0.156    -0.383   10.6558
    -0.545     0.319   16.4559
    -1.806     1.339    2.9582
    -0.480     0.503   16.8615
     0.653     0.111   11.2413
     0.414     1.153   10.6792
    -0.654     0.820   14.4976
    -0.618     1.531    7.6509
    -0.329     0.803   16.0150
    -0.592     1.305   10.1849
     0.763     1.673    4.4332
     0.700     0.711   11.1966
    -1.183     0.796   10.1381
     0.927     0.371    9.2124
    -0.099    -0.862    6.0485
    -1.005     0.467   12.8776
    -0.537     0.740   15.6982
     0.724     0.929    9.9544
    -0.836     1.400    8.0584
    -0.416    -0.969    5.0465
     0.576     0.580   12.7873
    -0.467     0.781   15.7508
     0.415     0.798   13.4194
     0.156    -0.102   13.5643
    -0.883     0.121   13.2777
     1.154    -0.238    5.1395
     1.016     2.187    1.3442
     1.558     0.969    3.2597
     1.456    -0.239    3.2618
     0.853    -1.145    2.0182
    -1.380     0.376    9.0079
    -0.142     0.501   17.4210
    -1.283     2.023    2.0311
     1.243     0.411    6.1923
    -1.513     0.003    6.9191
    -0.857     1.088   10.9054
    -1.676     0.571    6.0635
    -0.880     1.358    8.2385
    -2.139     0.974    2.3313
     0.319    -0.110   12.5257
    -1.732    -0.160    4.6541
    -0.605     0.432   16.2415
     0.098     1.278   10.8897
    -0.608     0.310   16.0744
    -1.389    -0.376    6.0595
     0.468    -0.357    9.2618
    -0.276    -0.081   14.7722
     0.385    -1.339    2.0044
    -1.635     0.590    6.3961
    -0.090     2.380    1.7062
     0.800    -0.600    5.2538
    -0.232     1.463    9.1566
     0.874     0.954    8.4695
    -0.042     0.384   17.2130
     1.344     0.379    5.3226
    -1.080     1.017    9.7374
    -0.195     2.129    2.9982
     0.240    -0.150   12.6488
    -0.725     1.844    4.4644
    -1.000     0.577   12.7572
    -1.834     0.764    4.4846
    -1.976     1.001    3.0776
    -1.189    -0.754    4.6940
     1.149     0.684    6.8744
     1.048    -1.321    1.1049
     1.063     2.006    1.8313
    -2.661     1.268    0.5810
     0.175     1.553    7.6470
    -0.179     0.331   17.3589
    -0.327     0.643   16.9471
    -2.234    -1.643    0.1820
    -0.064     1.662    6.9158
     1.720     1.300    1.8674
     0.180     0.242   15.7967
     0.228     0.545   15.8230
    -1.737     0.555    5.5612
    -1.851     0.586    4.6335
     1.439    -0.534    2.4433
     0.304     0.733   14.6225
    -1.439    -0.451    5.2989
     0.977     1.664    3.6103
    -0.632    -0.149   13.0450
    -1.544     1.036    5.7919
    -0.093    -0.822    6.4389
     1.002     0.864    7.7192
    -1.044    -0.146   10.2407
    -1.037     1.181    8.8096
    -0.069    -0.026   15.1095
     1.622     1.230    2.3878
    -0.745     0.803   13.9836
    -0.398     0.068   15.8227
    -0.719    -0.412    9.9660
    -0.967     0.242   12.9995
     0.294     0.357   15.3406
     0.640     0.517   12.2332
    -1.724     0.125    5.4754
     1.267     2.785    0.2197
    -0.137     1.122   13.1197
    -0.097     0.684   16.7742
    -1.264     0.328   10.1699
    -1.780    -0.114    4.4736
    -1.845     1.709    1.6645
    -0.572    -1.259    2.7909
    -0.558     1.724    5.8851
    -0.807     0.297   14.5864
    -0.061     2.968    0.3355
    -0.169     1.410    9.7907
    -0.347     1.607    7.4497
    -0.073    -0.006   15.2888
    -0.606     1.045   12.8643
    -0.615     0.855   14.4790
     0.586     0.323   12.6589
    -1.317     0.252    9.4986
    -0.567     0.756   15.4390
    -0.353     2.526    1.1641
    -0.209     0.281   17.2255
     0.665    -0.982    3.3099
     1.556     0.454    3.7874
     0.320     0.621   14.9655
     0.279     0.457   15.5445
     1.539     0.079    3.5340
    -0.232     1.004   14.3795
    -1.936    -0.411    2.7308
    -1.078     2.109    2.0848
    -2.219    -1.031    0.6960
     1.460     1.216    3.1810
    -0.699     0.160   14.9109
     0.642    -0.153    9.6887
    -4.367    -0.332    0.0029
     0.752     1.061    8.8918
    -0.545    -0.621    8.3389
    -1.612     1.202    4.5694
    -0.932     1.931    3.3437
    -0.339     1.575    7.7976
     1.651    -0.492    1.7788
    -1.238    -0.111    8.8156
    -0.037    -0.503    9.8764
     1.446     0.171    4.2968
    -1.526     0.796    6.8918
     0.672    -0.156    9.4225
    -0.142     0.201   16.8387
     1.389     2.036    1.1071
    -0.011     0.606   16.8839
    -1.188     0.677   10.5729
     0.852    -0.677    4.4831
    -0.358     0.408   17.3176
    -0.023     0.255   16.8115
     0.317     0.015   13.5383
    -1.807     0.589    4.9634
     0.396    -0.208   11.1214
     0.655     0.008   10.6576
    -0.394     0.760   16.1483
    -1.580     1.834    2.0078
    -3.013    -0.694    0.1874
    -0.272     0.029   15.7400
    -2.501    -0.808    0.5603
     0.083     1.637    6.9847
    -0.164    -0.828    6.4389
    -0.289    -0.233   13.1912
    -0.340     0.039   15.7334
     0.895     0.340    9.5044
     1.244     0.972    5.3190
     2.644     0.598    0.3226
    -0.269    -0.181   13.7635
     1.150     1.091    5.5619
     1.478     1.215    3.0930
    -1.745     0.439    5.5682
     0.004    -0.722    7.3530
     0.931    -0.079    7.6727
     0.306     1.651    6.3033
    -0.697     1.633    6.3744
     2.032    -0.534    0.7764
     0.030     0.441   16.9999
    -0.258     0.497   17.4508
    -0.628    -0.330   11.2353
    -1.776     0.775    4.8890
     1.019     1.037    6.8184
     0.589     0.972   10.8503
     0.585     0.794   11.9530
    -0.201     0.143   16.5612
     2.098     0.367    1.2749
    -1.489     0.982    6.4745
    -1.553    -0.213    5.7348
    -0.135    -0.999    4.8183
     0.471    -0.751    5.6400
    -2.184     2.814    0.0706
    -2.900    -0.393    0.3561
    -1.516     0.911    6.5542
    -0.704    -0.298   11.2144
    -1.787     0.181    5.0650
    -0.257    -0.212   13.4439
     0.716     0.151   10.8066
    -0.569     1.268   10.6885
    -1.238     1.135    7.6266
    -1.664     1.613    2.5499
    -0.640     0.876   14.1769
    -2.857    -0.449    0.3767
    -1.517     0.968    6.3077
    -0.548    -0.557    9.0258
     0.835     0.511   10.2095
    -1.047    -0.392    8.2771
     0.308    -0.203   11.7453
     0.399     2.481    1.1469
    -0.277    -0.688    7.9551
    -1.009     0.231   12.5638
     0.278     0.674   15.0840
     0.312     1.129   11.5209
     0.962     1.767    3.1280
    -0.106     2.106    3.1408
     0.151     0.677   15.8808
     0.405    -0.192   11.1998
     0.225     0.584   15.7530
     2.007     0.427    1.5697
    -1.104     2.141    1.9056
    -0.008    -0.061   14.6254
    -0.177     1.028   14.1386
    -1.191     0.160   10.5385
     0.801    -0.257    7.6733
    -0.379     0.143   16.3733
    -0.833     0.103   13.6030
    -0.793    -0.287   10.8338
    -1.316     1.560    4.3068
     0.101     1.051   13.3112
    -0.108     0.705   16.6835
    -0.143     1.062   13.7686
     2.314     0.787    0.7335
    -1.349     1.067    7.1778
     0.406     0.510   14.4776
    -0.782    -1.190    2.9525
    -0.194     0.392   17.4730
    -0.256     0.945   14.9341
     0.250     0.396   15.7251
     0.182    -0.446    9.8618
    -0.195     2.463    1.3929
     1.725     0.132    2.5855
    -1.210     1.906    2.7397
    -0.294     0.042   15.8261
     0.695     0.461   11.6940
     0.011     1.072   13.4027
     0.344     1.840    4.5708
     0.289    -0.934    4.7024
     1.628    -0.812    1.1819
    -0.717    -0.343   10.6910
    -0.085     0.610   17.0673
     1.117     0.371    7.3255
    -0.490     0.620   16.5098
     2.100    -0.061    1.0590
     1.072    -1.272    1.1927
    -0.128     0.083   16.0944
    -0.304     1.219   11.9629
     1.193    -0.039    5.6609
     0.321     0.027   13.6036
    -0.671     0.130   14.9435
    -1.589     0.958    5.7707
    -0.203     0.762   16.4190
    -0.341    -0.022   15.2357
     0.110     2.378    1.6568
    -1.820     0.864    4.3630
     1.082     0.566    7.6596
     2.750     0.534    0.2400
     0.589    -0.687    5.6642
    -0.056    -1.657    1.1214
     0.338     0.661   14.6881
    -0.817     1.155   10.5583
    -1.823    -0.681    2.3823
    -1.204     0.077   10.0899
     1.292    -0.565    2.9587
    -1.730     0.505    5.6645
     2.327    -1.194    0.1273
    -0.662    -0.277   11.6331
    -0.962     1.541    6.1562
     0.925     0.369    9.2394
     1.309     0.257    5.4731
    -0.447     1.203   11.8420
    -1.550     1.346    4.2609
    -1.334    -1.484    1.0158
    -0.339     1.310   10.8465
    -0.698     0.044   14.2305
     0.310     1.440    8.3705
    -0.172     0.624   17.1306
     0.630     0.658   12.0591
    -1.133    -0.246    8.8056
     0.550     0.149   12.4045
    -0.299     0.029   15.7128
    -1.259     1.403    5.6320
    -0.871     0.495   14.1355
     0.137    -1.642    1.0989
    -0.324     2.240    2.3316
    -0.185     0.564   17.3333
    -2.808    -0.432    0.4341
    -0.818     0.006   13.1237
    -2.822    -0.238    0.4978
     0.504     0.262   13.2860
    -0.418     0.416   17.1453
     0.967    -0.106    7.2232
     0.522    -0.868    4.5283
    -0.798    -0.010   13.1592
    -0.647     2.013    3.3924
    -1.391     0.189    8.6232
    -0.401     1.225   11.7095
     0.208     1.132   12.0302
     0.125     1.107   12.6532
     0.392     0.705   14.0714
     0.423    -0.933    4.3530
     1.010     0.014    7.4112
     0.369     2.340    1.6381
     1.331     1.748    2.0043
     1.190     0.924    5.8936
     1.457     0.071    4.0391
    -0.697     0.872   13.8400
     1.089    -0.856    2.5707
    -0.981     0.570   12.9595
    -1.547     0.962    6.0873
     1.284     0.880    5.2879
     0.415     0.836   13.1936
    -0.540     0.063   15.2598
     1.049     1.579    3.7465
    -0.714     0.718   14.7132
    -1.361    -0.348    6.4209
    -1.850     1.008    3.7765
     0.186     1.975    3.8344
     0.318     0.198   14.6454
    -0.705    -0.770    6.3777
    -1.537     1.232    4.9067
    -0.962     2.229    1.7720
    -0.428     1.093   13.1001
    -1.214    -0.226    8.3008
    -0.964    -0.917    4.3642
    -1.262     1.216    6.8979
    -0.838     1.238    9.6315
    -1.641     0.946    5.4146
     1.451     0.962    3.9115
     0.670    -0.883    3.9079
    -0.204    -0.388   11.4350
    -0.573    -0.040   14.3088
    -1.323     0.999    7.7792
     0.313     0.653   14.9133
    -0.184     1.745    6.1155
    -1.665    -0.112    5.2960
    -0.302    -0.265   12.8263
    -0.502     0.106   15.7249
     0.082     0.746   15.8667
    -0.088    -0.273   12.6404
    -0.417     0.160   16.3598
    -1.088     1.527    5.6603
    -0.577    -0.391   10.7837
     1.786     0.433    2.4784
     0.164     0.973   13.7731
    -1.540     1.398    4.0614
     1.060     0.755    7.5389
     1.682     0.428    3.0184
    -0.668     1.292    9.9972
     0.196    -0.209   12.3174
     0.118    -0.700    7.3269
    -0.186    -0.146   14.1300
    -1.028     0.690   12.1162
     0.563    -0.714    5.5644
    -0.406    -0.087   14.5033
    -0.262    -0.406   11.2245
    -0.324     0.073   16.0190
    -0.262    -0.479   10.3591
    -1.439    -0.501    5.0157
     0.206     1.067   12.6890
    -0.522     0.285   16.4814
     0.350     0.944   12.9140
    -0.193     1.284   11.2787
     1.961    -0.967    0.4666
     0.430     0.037   12.8211
    -0.263     0.326   17.3422
    -2.584     1.466    0.5487
    -0.200     0.437   17.5007
    -0.742     0.267   15.0271
     1.217     0.562    6.4117
     1.415     1.199    3.4739
    -0.735     1.812    4.6921
    -0.385    -0.898    5.7248
     0.325     0.445   15.1851
    -1.528    -0.016    6.7286
    -2.564     1.460    0.5794
     0.121     0.335   16.4395
    -0.450    -0.264   12.5795
     0.288     0.319   15.3103
     0.447     0.210   13.6223
    -0.373     0.698   16.5743
    -0.928    -0.591    7.2007
    -0.788     0.247   14.6055
    -0.132     1.275   11.3641
    -0.043     0.348   17.1544
    -0.634     1.008   13.0665
    -2.681    -1.246    0.1725
     1.279     0.714    5.6878
     1.272     0.316    5.8587
    -0.051     0.564   17.1257
    -0.511    -0.077   14.2593
    -1.034     0.870   11.1302
    -0.395    -1.024    4.5912
    -1.964     1.333    2.2932
    -0.990    -1.502    1.3139
     0.263    -0.101   12.9616
    -2.532     0.430    1.2680
    -0.160    -0.438   10.8166
    -0.436    -0.556    9.2945
    -0.024     2.099    3.1627
     2.091    -0.666    0.5690
     0.740     1.213    7.9120
    -0.272     0.899   15.3376
    -1.452     0.784    7.6104
    -1.369     0.345    9.0959
     0.214     1.063   12.6924
    -0.854     2.137    2.3394
     0.579     1.329    8.0514
     0.076     0.336   16.6690
     0.240     0.131   14.8504
    -0.100     2.576    1.0403
     0.603     1.563    5.9435
    -1.222     2.850    0.2737
     0.873     1.325    6.2198
    -1.420     2.823    0.2363
    -1.298     1.339    5.8221
    -0.273     0.894   15.3803
     0.123    -0.155   13.2166
     0.742    -0.744    4.5478
     2.411     0.984    0.5239
    -2.014     0.366    3.5960
    -0.222     0.764   16.4033
    -0.256     0.176   16.7510
    -0.770     0.883   13.2423
    -0.387     1.315   10.7046
     1.093    -0.141    6.0288
    -0.291     0.614   17.1244
     1.837     0.201    2.1317
    -0.438    -1.548    1.4931
    -0.345     0.950   14.7528
    -0.173    -1.533    1.5642
     0.433     2.192    2.2071
     1.965     1.065    1.4028
    -0.068    -0.482   10.1764
    -0.930    -0.672    6.4716
    -0.562     0.491   16.4625
    -0.918    -0.859    4.9532
     0.546    -0.380    8.5450
    -1.978     1.150    2.7079
     0.932    -1.126    1.9135
    -0.999    -1.031    3.4991
    -0.790     2.033    3.0216
     1.052     1.567    3.7930
    -0.124     1.256   11.5820
     0.205     0.896   14.2090
     1.438     1.161    3.4575
     0.003    -0.334   11.7343
     0.191    -0.421   10.0970
     1.065     0.408    7.8559
     0.186    -0.002   14.2639
    -1.521     0.863    6.6968
    -0.382     1.272   11.2083
    -1.105     0.695   11.3364
    -1.875     1.092    3.3939
     1.010     0.974    7.1936
     0.234     1.998    3.6062
    -1.856     0.398    4.6930
     0.833     1.409    5.9000
    -0.105    -0.428   10.8703
     0.345     0.963   12.7972
     0.710     0.169   10.9351
     0.988    -0.338    5.7765
    -0.912    -0.373    9.2988
     2.508     0.437    0.4684
     2.123    -0.122    0.9609
    -0.070    -0.768    6.9754
     0.699     0.668   11.3502
     0.327     1.332    9.4082
    -0.033    -0.605    8.6972
     0.097    -0.720    7.1706
     0.616     0.068   11.3719
     0.996     0.021    7.5658
     0.431     1.029   11.6500
    -0.028    -0.684    7.8161
     0.680     1.139    8.9132
     0.200    -0.441    9.8379
    -1.071    -0.138   10.0724
    -0.208     0.415   17.4949
    -0.454     0.929   14.6339
     1.945     0.859    1.6530
    -3.287     1.866    0.0437
     0.529     1.150    9.9353
     0.285     1.701    5.8994
     0.172     0.695   15.6755
    -0.853    -0.095   12.1213
    -0.060    -1.076    4.1312
    -0.738     0.535   15.1984
    -0.412     1.404    9.6182
    -0.784    -0.555    8.2090
     0.241     1.085   12.3361
     0.795     0.015    9.3990
    -0.941     0.927   11.5632
     0.728     1.524    5.6475
    -0.505     1.400    9.4295
    -0.675    -1.058    3.9981
    -0.187     0.040   15.8294
     0.122    -1.414    1.9318
    -0.672     0.916   13.6506
    -2.614    -0.431    0.6941
    -2.581     1.417    0.5891
     0.059     0.063   15.4033
    -1.301     0.495    9.7951
     1.051     2.044    1.7276
     0.532     0.328   13.2010
    -0.731    -0.614    7.8253
    -0.120    -0.073   14.7793
    -1.894     0.734    4.1204
     1.679     0.415    3.0356
     0.673     0.721   11.4348
     0.901     0.449    9.5414
     0.710    -2.011    0.2614
    -0.235     0.331   17.3684
     0.105     0.679   16.1146
    -1.776     0.482    5.3014
     1.788     0.730    2.3850
    -0.707     0.365   15.5000
     0.532    -0.052   11.3565
    -3.444     0.803    0.0954
    -1.034     1.233    8.3928
    -0.431     2.141    2.8270
    -0.377    -0.849    6.2016
     0.186     0.372   16.1259
    -0.774    -0.275   11.0470
    -0.184     1.040   14.0168
     0.034     1.316   10.6340
    -0.954    -0.754    5.6672
     1.307     0.626    5.5805
    -1.506     1.398    4.2437
     0.254     1.120   11.9239
    -0.092    -0.344   11.8303
     0.300     0.624   15.1081
    -0.228    -0.793    6.8164
     1.130    -0.109    5.8803
     0.383     0.039   13.2107
    -0.176    -0.627    8.6247
    -0.295     0.119   16.3760
     0.119     2.280    2.0766
    -0.951    -0.494    7.9613
     0.705    -0.723    4.8620
     0.291     1.849    4.6174
    -1.274    -0.141    8.3358
    -0.181     1.142   12.9073
    -0.428    -0.510    9.8305
    -0.276     0.916   15.1816
    -0.693     0.277   15.4190
    -0.936     1.723    4.7767
    -2.085    -0.165    2.6018
     0.132     0.668   16.0215
    -0.017    -0.388   11.1728
     0.131     1.609    7.1789
     0.049     0.103   15.7241
    -0.940     1.830    3.9806
    -1.023    -0.564    6.9534
     1.668    -0.458    1.7927
     0.479    -0.725    5.8266
    -1.393    -0.278    6.5937
     0.313     0.201   14.6956
     1.309     1.334    3.5735
     0.344     0.323   14.8777
    -0.354     0.944   14.7924
     0.161     1.474    8.5281
     0.798     1.902    2.9482
    -0.009    -0.497    9.8876
    -0.571    -0.206   12.7716
     0.710     0.514   11.5118
     0.199     0.796   14.9546
     0.384     0.636   14.3996
    -0.252     1.538    8.2912
     0.552    -0.096   10.8661
     0.466     1.765    4.8367
     0.199     2.767    0.5800
    -0.171     0.343   17.3812
     0.211    -0.720    6.8619
     0.572     0.539   12.8919
    -1.663     2.280    0.7184
    -0.088     1.968    4.1220
     0.075    -0.239   12.5521
    -0.823     0.178   14.0539
     1.718     1.206    2.0486
    -0.419    -0.130   14.0611
    -0.311    -1.457    1.8812
    -0.512    -0.171   13.3536
    -1.460    -0.108    6.9334
     0.296     0.026   13.7734
    -1.661     0.786    5.7638
    -0.286     0.268   17.1435
    -0.086    -0.881    5.8609
     0.079     0.011   14.9160
    -0.597    -0.553    8.9363
    -0.333    -1.370    2.2922
    -0.924     0.591   13.4547
    -1.555     1.021    5.7728
     0.838    -0.317    6.9819
    -0.487     0.468   16.8634
    -1.203     1.751    3.6186
    -0.129     2.779    0.5943
    -1.039     0.794   11.5225
     0.366     1.069   11.7496
    -0.894     0.977   11.5703
     0.171    -0.217   12.3683
    -0.360     1.461    9.0525
     1.182     1.248    4.6569
    -0.411     0.694   16.4819
     1.158    -1.003    1.8159
    -1.781    -0.248    4.0484
    -0.146    -0.485   10.2517
    -0.330     1.323   10.7106
     0.160     0.182   15.6437
    -0.120     2.581    1.0283
     1.213     1.340    4.0650
    -0.352     0.945   14.7913
     0.966     1.253    6.0536
    -1.515     0.749    7.1399
     0.470     2.947    0.2995
     0.317    -1.026    3.9380
    -1.192    -0.618    5.6345
    -0.036    -0.313   12.0694
     0.415     1.124   10.9372
    -0.559     0.343   16.4317
    -2.080    -0.362    2.2336
    -0.417     0.634   16.7436
    -2.087    -1.071    0.8281
    -1.750    -0.420    3.6221
    -1.873     1.196    3.0943
     1.112     0.374    7.3782
     0.187    -0.316   11.2539
    -1.482    -0.191    6.3692
    -1.029     1.259    8.2039
     0.557    -0.072   11.0028
    -2.033     1.514    1.6135
    -0.947    -0.767    5.5866
    -0.510    -0.284   12.1867
     0.005     0.984   14.2869
     0.195     0.917   14.0957
    -1.180    -0.135    9.1810
     1.577     0.864    3.3395
     0.956     0.358    8.9016
     0.378    -1.290    2.2397
    -0.643     0.359   15.9478
    -0.754    -1.990    0.4052
    -1.256    -0.405    6.7742
    -0.179     0.912   15.2540
    -0.503     0.076   15.5155
    -1.522    -0.617    3.9423
    -0.246     0.954   14.8609
    -0.950     0.568   13.2666
    -0.268     0.678   16.8743
    -0.694    -1.698    0.9477
     1.390     0.295    4.8837
     1.512    -0.593    2.0047
    -0.556     0.498   16.4875
    -0.418     0.311   16.9840
    -0.348     0.439   17.3495
    -1.131     0.571   11.4520
     1.610    -0.060    2.8763
    -1.017     0.269   12.5908
     0.235     0.666   15.4131
    -0.632     0.294   15.8821
     0.045    -0.282   12.1945
    -0.700    -0.155   12.6168
     0.826     1.376    6.1655
     0.473     2.208    2.0811
     0.195    -0.215   12.2589
    -0.688     1.847    4.5274
    -0.511     0.574   16.5634
     0.241     0.348   15.7143
     0.934     0.029    8.1724
    -0.609     0.780   15.0475
     1.797     0.365    2.4050
     0.006     0.343   16.9820
     1.511     0.807    3.8329
     1.582    -0.098    2.9445
    -2.183     0.002    2.3955
    -1.635     1.277    4.0923
    -0.699     0.038   14.1840
    -1.339    -0.215    7.3732
    -2.116     1.584    1.2525
    -0.830     2.491    1.0406
    -1.176    -0.686    5.2272
     0.644     1.533    5.9887
    -1.058    -0.862    4.4560
     0.759    -0.092    9.1090
     0.651    -0.971    3.4178
    -0.372     0.414   17.2844
    -0.079     0.021   15.5238
     0.307     0.239   14.9011
    -1.754     0.951    4.5766
    -1.995     0.442    3.7159
    -0.733     0.286   15.1513
    -0.403     1.187   12.1370
    -1.039    -0.119   10.4701
     1.951     1.299    1.1822
    -0.506     0.767   15.6769
    -0.186     0.760   16.4304
     0.095     1.925    4.3269
    -0.182     0.205   16.8975
    -0.328    -0.202   13.4941
    -0.347     0.685   16.7105
    -0.219     0.644   17.0600
    -0.416     0.098   15.9829
    -0.485     0.983   14.0157
     0.044     1.287   10.9410
     0.102     1.150   12.2878
     0.530     0.789   12.4753
     0.456     2.175    2.2579
    -2.398    -0.259    1.3105
     1.630     0.643    3.2734
    -0.868     0.068   13.1184
    -2.383     1.437    0.8941
    -1.173     0.473   11.1542
    -0.913    -0.617    7.0334
     0.347     0.496   14.9949
     0.693     0.496   11.7081
     0.439     0.800   13.2040
     0.174    -0.634    7.8573
     0.054     0.233   16.4274
     1.020     0.633    8.1821
    -0.205     2.011    3.8076
    -0.761    -0.325   10.6385
    -0.974     0.839   11.8655
    -1.443     0.751    7.7986
    -0.257    -0.708    7.7363
     1.479     0.526    4.3102
     0.384    -0.803    5.5190
     0.983     2.232    1.2658
     0.508     1.346    8.3178
     0.414     0.945   12.4435
    -1.286    -0.936    3.2156
    -2.942    -1.461    0.0567
    -0.892     2.216    1.9221
     0.440     1.011   11.7364
     0.075    -0.993    4.6523
    -1.257     1.099    7.7142
    -0.868     1.396    7.9405
     0.038    -0.955    5.0287
    -0.328     1.198   12.1645
    -2.781    -1.902    0.0276
    -0.282     1.408    9.7659
     1.175     1.501    3.5462
    -0.479    -0.551    9.2605
    -0.036    -0.601    8.7549
     0.275    -0.486    9.0274
    -0.704    -0.018   13.7473
     0.357     0.370   14.8647
    -1.693     0.797    5.4796
     0.073     0.008   14.9191
    -1.113     0.122   11.1564
    -1.769     1.291    3.3105
    -0.280     0.346   17.3712
     0.211     0.518   15.9821
     2.019    -0.267    1.0736
     1.245     0.957    5.3598
    -0.607     2.058    3.1578
    -0.905    -0.116   11.5594
    -0.021     0.583   16.9864
    -0.494     0.581   16.6201
     0.242     0.269   15.4932
    -0.140     0.473   17.4454
     0.351    -1.440    1.6239
    -0.524     1.141   12.2578
     0.224     1.204   11.2224
    -0.271     0.308   17.2890
    -0.688    -0.089   13.2738
    -1.390    -1.504    0.9117
    -0.200     1.356   10.4208
    -0.956     0.985   11.0114
    -0.965     0.652   12.8713
    -0.529     0.397   16.6630
     0.515     1.214    9.4731
    -1.862    -0.046    4.0981
    -0.171     3.323    0.1023
    -1.658     0.241    6.2152
     0.263     1.934    4.0174
    -0.525     0.845   15.0408
    -0.858     0.110   13.4394
    -0.922     1.676    5.2025
    -3.019    -0.301    0.2820
     0.383     0.324   14.5525
    -2.041    -0.081    2.9700
    -0.361     0.073   15.9517
     2.197     0.252    0.9873
     1.168     0.698    6.6742
    -0.906     0.831   12.5087
     0.428     0.658   13.9474
    -0.407     0.665   16.6409
    -1.364     0.063    8.4958
    -2.180     0.133    2.5396
     0.289    -0.139   12.4501
    -0.870     0.437   14.1883
    -0.959    -0.615    6.8351
    -1.146     0.658   11.0582
    -1.775    -1.040    1.4614
    -0.599     0.261   15.9856
     0.563    -1.499    1.2156
    -0.246     2.084    3.2811
     0.265     0.176   14.9257
     0.281     0.077   14.2318
    -0.447    -0.951    5.1849
    -0.563     0.263   16.1984
    -0.293     0.150   16.5714
    -1.924    -0.674    2.0456
     0.337     0.912   13.2514
     0.722    -2.007    0.2623
    -1.544    -0.952    2.3374
     0.747    -0.129    8.9778
     0.587     0.259   12.4810
     0.122    -0.194   12.8210
    -0.055     0.143   16.3420
    -0.566     2.155    2.6275
    -0.723    -1.133    3.4020
    -0.084     1.415    9.6817
    -0.248    -0.450   10.7062
     0.087     1.612    7.2370
    -1.316    -0.622    4.9635
     0.383     0.837   13.4376
    -1.198     0.573   10.7548
     1.964     2.068    0.3688
     0.985    -0.907    2.6932
    -1.124     0.281   11.5435
     0.125    -0.091   13.8148
    -0.213     0.260   17.1529
     0.380     1.583    6.6965
     0.025     1.489    8.6875
     1.093     1.202    5.4602
    -1.417    -0.223    6.7149
     0.170    -0.530    8.9861
    -0.921     0.618   13.3994
    -0.703     1.340    9.3244
     2.491    -0.060    0.4039
    -1.356     0.818    8.3750
    -2.048    -0.534    1.9735
     1.113     0.078    6.7328
    -0.324    -0.135   14.1975
     0.072     0.505   16.7817
     2.429     0.176    0.5417
     0.361     0.957   12.7366
    -1.174     0.739   10.4748
    -0.313    -0.215   13.3646
    -0.741    -1.262    2.6003
    -2.118     0.814    2.6806
    -0.270    -0.706    7.7523
     1.252     1.432    3.4743
    -0.551    -0.787    6.5812
    -1.251     0.043    9.4873
     0.651     0.067   11.0359
     0.325     1.379    8.9369
    -0.184     0.192   16.8328
    -0.651     0.314   15.8107
    -0.177     0.973   14.6893
    -1.266     1.263    6.5457
    -0.325    -0.825    6.4737
    -1.268    -0.011    9.0799
     0.114     0.809   15.3206
     0.148    -0.550    8.8512
     0.527     0.816   12.3609
    -1.173    -0.142    9.1932
    -1.439     0.653    8.1209
    -0.812     0.120   13.8614
    -0.989     0.798   11.9680
    -0.265     0.520   17.4112
    -0.952    -0.473    8.1510
    -0.591     0.028   14.7543
     0.974     1.089    6.9223
    -0.667     1.611    6.6845
    -0.649    -0.102   13.3810
     1.727    -0.506    1.5144
    -2.088     0.950    2.6094
    -1.305     0.998    7.9358
    -1.119    -0.569    6.3959
    -0.093    -0.485   10.1836
     1.078    -0.425    4.7162
     0.515     0.267   13.2040
    -0.093     0.756   16.3633
     0.454     0.624   13.8326
    -1.787     0.493    5.2064
    -0.186     0.986   14.5655
     2.466     0.754    0.5047
    -0.754     0.003   13.5697
    -2.203    -0.017    2.2823
    -0.582     0.390   16.3671
    -0.427     0.245   16.7337
     0.566    -0.319    8.9400
     0.334    -0.120   12.3392
    -2.678    -0.031    0.8105
    -0.693     1.126   11.5930
    -0.476    -0.533    9.4780
    -1.096     0.555   11.8362
     0.188    -0.694    7.1911
     0.553    -0.394    8.3803
    -0.398    -0.213   13.2551
    -1.763    -1.415    0.6959
    -0.055     0.903   15.1767
    -0.271     0.897   15.3485
    -0.249    -0.943    5.3508
    -0.402     0.016   15.4172
     0.136     1.427    9.1143
     2.919    -0.695    0.0589
     2.038     2.020    0.3463
    -0.070     1.445    9.3244
    -2.042    -2.133    0.0644
     1.150     0.900    6.2934
     0.715    -0.338    7.7259
     1.799     0.011    2.1053
    -0.230    -0.641    8.4767
    -0.623    -0.870    5.6446
    -1.523     1.584    3.2373
     3.174     0.036    0.0559
    -1.265     0.265   10.0551
     0.231    -0.383   10.3251
    -0.438     0.284   16.8353
     0.039    -0.404   10.8357
    -1.918    -0.915    1.4449
     1.051     0.611    7.9095
    -1.094     0.769   11.1284
     0.334     0.050   13.6681
     0.400     0.912   12.7923
    -0.347    -0.760    7.1321
     0.343     0.783   14.0662
    -0.692    -0.343   10.8132
     0.274    -0.250   11.4766
    -0.926     0.489   13.6262
     0.389     1.614    6.3751
    -0.662     0.567   15.6856
     1.168     0.573    6.8407
    -0.236     2.158    2.8144
     0.625     1.388    7.2833
     0.070     0.247   16.4141
    -1.813     0.388    5.0234
     0.555     0.385   13.0685
    -0.047    -0.607    8.7042
     2.072     2.260    0.1971
    -0.923     0.921   11.7602
    -1.316     0.401    9.6733
    -1.670    -0.725    2.8059
     0.254     0.850   14.2507
    -0.307    -1.070    4.2551
    -0.540     1.465    8.6002
    -2.697     0.081    0.8144
    -0.887    -0.177   11.1974
     1.901    -0.038    1.6599
    -0.433    -0.350   11.6574
     0.313     0.516   15.2454
    -0.172     2.100    3.1862
    -0.161     0.410   17.4678
    -1.828     0.084    4.6048
     0.479     1.203    9.8066
     0.485    -0.215   10.4250
    -1.702     0.587    5.8205
    -1.800     0.060    4.7598
    -0.819     1.119   10.8898
    -1.543    -0.751    3.1975
    -1.122    -0.542    6.5874
    -0.990     0.917   11.2161
     1.369     0.330    5.0798
    -0.369    -1.290    2.7250
    -0.672     1.688    5.9341
     0.081     0.728   15.9777
    -0.733     1.098   11.6347
    -1.178     2.043    2.1756
    -0.472     0.600   16.6598
    -2.373     0.171    1.7444
     2.364     2.095    0.1407
     0.008    -0.160   13.6120
    -0.074     0.714   16.5679
     0.559     1.780    4.4285
    -1.427     1.538    3.9013
     0.435    -0.065   12.0531
     0.713     1.168    8.4504
     0.601    -0.187    9.7702
    -0.073     1.195   12.2270
    -0.873    -0.437    8.9225
    -2.134     1.447    1.4623
    -1.779    -0.204    4.2079
    -1.470     1.521    3.7848
    -1.649     1.452    3.2640
    -1.350     1.532    4.3077
     0.976    -1.028    2.1922
    -0.849     0.205   13.9467
    -1.392     1.140    6.4151
    -0.713     0.854   13.8664
     0.038     0.339   16.8464
     0.090     0.711   16.0293
     0.032     1.098   13.0650
     0.143    -0.350   11.0769
     0.486    -0.722    5.8326
     0.478     0.691   13.3908
     0.768    -1.123    2.3005
    -0.136     0.907   15.2677
    -0.397    -0.068   14.7032
     0.275     0.434   15.5725
     0.528     0.400   13.3488
     0.935    -0.127    7.3866
    -1.125    -0.081    9.9911
