    11.473    10.784    4.6286
     8.408     8.737    4.0366
    13.010    11.142    2.3051
    10.043    11.952    1.6928
    11.377    10.732    4.7616
     8.542     8.694    4.0354
    10.656    11.367    3.7788
     6.263     6.626    0.5208
     7.984     9.354    3.7812
     5.849     8.336    1.0143
     9.513     9.748    5.6583
     8.828     7.963    2.3452
    11.651     9.413    2.5113
    10.172     9.032    4.0413
    12.710    11.915    2.3162
     9.462     8.499    3.3200
    12.159    10.193    3.0136
    12.745    12.390    1.6969
    10.758    11.173    4.3303
    12.882    12.583    1.4057
     9.740     8.013    1.8123
     9.344     9.753    5.5494
     9.802     8.575    3.2030
    10.698    11.071    4.5498
    10.335     9.644    5.2754
     9.837     9.272    5.0179
    10.023    10.240    5.6976
    12.220    12.029    2.4358
     8.967     9.181    4.9794
    12.578    11.627    2.7295
    11.203    10.882    4.8039
     7.329     8.548    2.7487
    14.758    12.059    0.5923
     5.541     8.664    0.6926
    10.047     9.627    5.5077
     9.988    10.292    5.6315
    11.925    11.063    3.9261
    11.805    11.322    3.7996
    10.077     9.403    5.0841
    10.204     9.382    4.8984
     5.103     8.542    0.4450
     5.691     8.337    0.8791
    10.324    10.467    5.5396
     9.557    11.883    1.3754
    10.298    10.502    5.4899
     8.368     9.963    3.8183
     9.037     9.196    5.0300
     8.432     8.807    4.1544
    11.064    12.347    1.6096
     9.481     7.797    1.5596
    11.930    10.492    3.8269
    13.549    11.961    1.5393
     9.447     7.877    1.7523
    10.899    11.206    4.2957
    10.154    10.474    5.4769
    10.591    11.235    4.0864
     9.220    10.972    3.0934
    10.298     9.415    4.8566
     9.406     8.372    3.0188
    11.091    11.841    2.7842
    10.423    10.669    5.2705
    11.114    11.222    4.2795
    13.340     9.994    0.9322
    10.299    10.075    5.7404
    12.896    12.099    1.9770
     9.045    11.375    1.8399
    13.384    11.497    1.8285
     8.586     9.202    4.6883
     6.391     9.512    1.0595
    10.702    12.277    1.5352
     9.491     9.316    5.2647
    13.131    12.465    1.4493
     9.862     9.576    5.5398
    12.166    11.616    3.1150
     7.283     9.069    2.6983
     8.426    11.288    1.2527
    11.769     8.730    1.0732
    11.513     9.697    3.3939
    12.965    11.623    2.3056
     8.946     9.492    5.1800
     8.395     8.917    4.2615
     6.662     9.871    1.0573
    10.635    11.177    4.2625
    12.639     9.229    0.8529
    10.914    10.864    4.9633
    13.545    11.943    1.5507
    12.802    10.553    2.2696
    11.732     9.860    3.2926
     7.256     8.216    2.4228
    11.788    15.371    0.0041
    11.545     9.689    3.3138
     8.407     9.453    4.4575
     8.965     8.080    2.5582
    10.481    11.422    3.4916
     6.942     5.675    0.1184
     8.212     8.541    3.6076
    15.260    11.449    0.2823
    11.456    10.309    4.5226
     8.049    11.753    0.4246
    11.653    12.619    1.3438
     7.353     8.716    2.8460
     8.932     9.039    4.7672
     6.741     8.942    1.9039
     9.878     8.345    2.4884
    10.629     9.559    4.7072
    14.499    13.448    0.3639
     7.540     8.470    2.9406
     7.881     8.275    2.9840
    10.549    10.440    5.5504
     7.149     9.926    1.6311
    12.123    11.290    3.5234
     9.560    11.638    1.8881
    12.801    12.601    1.4039
     4.869     6.622    0.2657
    11.973    11.476    3.4562
    16.103    11.641    0.0966
     7.746     8.870    3.4503
    10.670    11.835    2.5298
     9.604     9.455    5.4528
    12.596    11.621    2.7172
     7.351     9.247    2.7107
     8.891    10.657    3.3394
    11.532    11.206    4.1605
     8.120     9.499    3.9274
    10.497     8.051    1.2078
     9.378    10.605    4.3308
     8.750     9.712    4.8468
    10.008     9.903    5.7787
     9.007     9.006    4.7322
     7.109     9.392    2.1709
    12.899    10.816    2.3263
     7.727     6.410    0.3722
     9.477     8.769    4.0507
    11.840    11.891    2.7884
     9.548     8.408    2.9922
     9.678    13.210    0.1424
    14.018    11.078    0.9813
    12.155     9.769    2.3138
    14.183    11.273    0.8998
    11.976     9.825    2.7481
    12.320    10.127    2.6057
    11.252     9.840    4.2011
     6.431     8.651    1.5842
    10.360     9.876    5.5764
    10.184    10.118    5.7756
     8.823    10.708    3.0854
     8.542    10.379    3.3354
    10.260     9.390    4.8483
    10.402     8.511    2.2928
    11.370    10.895    4.6609
     8.688     9.471    4.8710
    12.495    10.753    2.9848
     7.965    10.236    2.5219
    12.085    11.312    3.5465
    10.843     9.700    4.6599
     7.264     8.077    2.2875
    11.134     8.586    1.5363
    10.467    11.422    3.4787
    10.077    12.683    0.5742
     9.210    11.283    2.2761
    10.312     7.955    1.1994
     5.943     8.118    1.0994
     8.930    11.438    1.5671
    11.799    10.216    3.7622
     7.368     8.698    2.8616
     9.028    10.777    3.2800
    10.151     7.720    0.9451
    12.393     9.659    1.7332
     7.562     9.917    2.3225
     4.590     6.408    0.1839
    15.091    13.102    0.3292
     8.306     8.333    3.2684
     6.458     9.811    0.8945
     9.445     9.561    5.5496
     8.103     9.530    3.8690
     9.930     9.929    5.7922
     7.687     8.053    2.5294
    13.351    13.119    0.7555
     9.449     8.255    2.6685
    10.981    10.828    4.9921
     6.091    11.467    0.0454
     7.616     8.433    2.9823
    13.936    13.497    0.4279
    10.150     9.374    4.9426
    10.295     8.695    2.9208
    12.865    11.966    2.1401
    10.916    10.729    5.1405
     8.531     7.535    1.5581
     8.891     7.145    0.8041
     8.377     8.751    4.0359
    10.174     8.802    3.3888
     6.584     7.518    1.2924
     7.193     8.032    2.1825
     9.219    11.066    2.8439
     9.878    10.231    5.6376
    10.118     9.062    4.1952
    10.223    10.944    4.5567
     7.583     7.809    2.1017
     9.747    11.693    1.9745
     9.204     9.085    4.8909
    11.696     8.723    1.1378
    11.823    12.488    1.6141
    12.621    12.783    1.1960
     8.656     9.669    4.7319
     9.938    10.557    5.1808
    11.090    11.200    4.3255
    10.634    10.211    5.5601
    10.192     8.619    2.8510
    13.039    11.154    2.2637
     8.851     9.282    4.9968
     9.347     9.246    5.1663
     4.968     6.540    0.2663
    12.748    11.338    2.6912
    11.559    13.086    0.6743
     8.543    10.931    2.0894
    11.990    10.478    3.7013
     8.801     8.919    4.5259
     5.442     8.634    0.6294
     5.168     7.542    0.5292
     8.426     9.510    4.4599
     9.231    10.548    4.2266
    11.774    12.489    1.6022
    12.873    12.477    1.5399
     6.989     8.170    2.1287
     9.546    12.353    0.6665
     8.262     8.412    3.4074
    12.087     9.325    1.6350
    10.967    10.940    4.8289
    10.352    10.664    5.2549
     7.202     9.791    1.8820
     8.597     8.556    3.7840
     5.888     7.864    1.0143
    11.017     8.490    1.4875
     9.120    13.228    0.0732
     7.355     9.753    2.1865
    11.182    10.469    5.0331
     9.406     9.519    5.5052
     8.594    11.123    1.7614
    12.165    11.024    3.6069
    10.985    10.319    5.2371
    11.453    10.055    4.1985
     8.729    10.010    4.4375
     8.041     9.080    3.9330
     8.006     7.459    1.5469
     8.014     8.362    3.2020
    12.274     7.482    0.0598
    12.670    12.065    2.1638
    10.120    10.985    4.3486
     7.713    11.671    0.3286
    13.112    11.258    2.1771
     9.701    10.539    4.9592
    13.955    11.239    1.1091
    11.474     9.743    3.5680
     8.958    10.805    3.0845
    11.526    11.782    3.0410
     8.011     8.468    3.3635
     7.422     8.719    2.9439
    14.853    12.208    0.5384
    10.523    10.437    5.5600
    13.139    12.499    1.4099
    10.860    10.230    5.3446
    12.520    11.206    3.0456
     5.983     5.281    0.0627
     9.055    10.014    4.9921
    12.381     9.916    2.1639
     6.900     9.680    1.5510
    10.245    12.366    1.0747
    15.310    12.497    0.3345
     9.390    11.050    3.1570
     9.336     9.290    5.2327
     7.632     9.367    3.1264
     5.189     8.860    0.4163
    11.667    10.064    3.7913
    14.355    11.516    0.8168
     5.806     6.945    0.5997
    10.242     9.885    5.6720
    11.070    10.373    5.1514
    10.995     9.497    3.9300
     9.914     9.587    5.5312
    13.582    12.571    1.1367
     9.929    10.800    4.6175
     9.516    10.518    4.7528
    11.866    10.577    4.0075
    10.788     9.518    4.3505
     7.241     7.126    1.0728
    12.289    10.817    3.3824
     9.467    10.323    5.0914
    11.542    11.861    2.8637
    10.269     9.420    4.9034
    11.697     7.383    0.1063
    12.575    12.277    1.9155
     8.810     9.224    4.9193
     9.886     9.476    5.3767
     6.095     6.086    0.2489
     9.075     8.525    3.6443
    10.044    10.890    4.5162
    10.519    10.485    5.5195
     7.426     8.317    2.6812
     9.023    10.444    4.1070
     9.898     9.851    5.7711
    10.433     9.877    5.5109
     5.104     5.686    0.1083
     9.656     8.172    2.2661
     8.527    12.040    0.4364
     8.973    10.412    4.0865
    11.528     8.692    1.2705
     8.975     7.678    1.6398
    12.107    10.141    3.0371
     8.191     8.816    3.9603
    10.902    10.191    5.2703
    10.154     6.699    0.1382
     8.777     9.312    4.9470
     8.116    10.006    3.2352
    12.301    10.976    3.3993
    11.313    11.224    4.2382
     8.458    10.203    3.5465
    11.571    10.496    4.4680
     9.736    10.254    5.5056
    11.027    11.707    3.0923
    10.687    12.019    2.0890
     8.198     9.643    3.9352
     9.224     8.848    4.3886
    11.494     9.964    3.9632
    12.492    11.845    2.5646
     2.771     3.832    0.0015
    12.554    11.104    3.0051
     7.069     7.781    1.8221
    11.089    11.998    2.3962
    11.505     9.483    2.9342
    10.487     9.885    5.4647
     8.902     7.235    0.9190
     6.945     7.992    1.9462
    11.725     9.846    3.2786
     9.110     9.397    5.2722
    11.801     7.609    0.1510
    13.224    11.415    2.0332
     9.513     9.901    5.6371
     8.784    11.789    0.8505
    10.583    10.820    5.0414
    12.456     8.811    0.5877
    11.664    11.095    4.1936
    11.064     9.330    3.3876
    10.593    11.059    4.5316
     9.162    10.564    4.0662
     9.033    10.045    4.9121
     9.355     9.787    5.5516
     8.488     8.918    4.3417
     8.180    10.446    2.5061
     6.617     6.690    0.6036
    13.853    10.193    0.6274
    10.582     9.834    5.2883
    12.962    11.060    2.3525
     7.716     8.158    2.7071
    11.753    10.427    4.0986
     8.652    10.415    3.4686
    10.927    10.765    5.0944
    10.378     9.561    5.0677
    10.781     9.716    4.7949
    10.962     9.381    3.7054
    11.613     8.561    0.9847
     9.691    10.308    5.3842
     5.884     7.543    0.9096
     9.953     7.589    0.8835
     4.166     6.104    0.1027
     8.889     9.576    5.1140
    10.275    11.125    4.1258
    10.520    10.423    5.5709
     7.462    10.196    1.7340
    14.494    11.532    0.7133
     8.692     9.009    4.6035
     9.044    11.316    1.9683
     9.936    10.417    5.4300
    16.256    14.191    0.0554
    14.534    12.083    0.7275
     9.052    10.777    3.3239
     8.052     8.756    3.7565
     8.176     8.088    2.7501
     9.103    12.010    0.8020
     5.342     7.739    0.6396
     8.368     6.738    0.5205
    13.069    11.468    2.2310
     5.578     6.272    0.2777
    10.110    11.768    2.1873
     9.257    10.305    4.8139
    11.484    12.500    1.4993
    10.178     8.823    3.4424
     6.962     9.430    1.8963
     7.982     8.334    3.1382
    12.724     9.595    1.1909
     8.148    10.534    2.2708
     9.188     9.685    5.4223
     9.904    10.271    5.6087
     9.992    11.296    3.3246
     8.459     8.831    4.2072
    13.149     8.151    0.0701
     8.362     7.987    2.5384
    11.082    10.601    5.1245
     9.021     8.519    3.6509
     9.102     9.894    5.2042
    10.015    11.724    2.1965
    13.404    10.935    1.6326
    12.100    10.824    3.7074
    12.124    10.430    3.3944
     7.517     9.406    2.8801
     6.664     7.552    1.3642
    10.401    10.851    4.9067
    11.560    12.123    2.2857
    11.452    11.604    3.4360
    10.252    11.685    2.5451
     9.879    10.657    4.9051
    10.492     8.738    2.7606
     7.037     7.272    1.2129
     8.773     8.347    3.3001
     9.138     9.990    5.1480
     9.205    10.184    4.9579
     9.118     9.586    5.3592
    12.292    11.593    3.0402
     9.246    11.318    2.2415
     8.682    10.673    2.9145
    11.256    10.532    4.9453
     8.500     9.461    4.6016
     9.539     9.805    5.6753
     7.536     9.861    2.3577
    12.078    10.716    3.7087
     4.952     7.124    0.3824
     9.308     9.387    5.3509
    10.526     9.225    4.0453
     8.453     9.804    4.2256
    10.044     8.281    2.1436
    11.363    10.482    4.7888
     9.859    10.998    3.9972
    11.107     9.420    3.5356
    11.081     9.870    4.5760
     6.772    10.228    0.8419
     9.590    11.513    2.2211
    11.901    10.116    3.4093
    11.077     9.194    3.0201
    12.370    11.663    2.8888
    11.934    10.334    3.6514
     6.652     8.120    1.7670
     8.398     8.871    4.2115
    10.570    11.225    4.0994
    11.165    11.343    4.0196
    10.157    11.389    3.2568
    12.471    11.737    2.7141
     6.989     7.247    1.1742
     8.891    11.754    0.9858
    10.264    10.007    5.7353
     7.845    10.854    1.2604
    11.404     9.761    3.7455
    10.108     9.944    5.7708
     6.906     7.026    0.9261
     8.500     8.778    4.1558
    11.796    10.830    4.1856
     8.148     6.666    0.5013
    11.173    11.594    3.4317
    10.235    10.305    5.6883
    10.095     8.497    2.6418
     9.753    10.653    4.7649
    11.216    11.113    4.4666
     9.359     9.470    5.4488
     9.112    10.379    4.4135
     6.873     8.278    2.0744
    13.452    12.351    1.3784
     8.227     9.525    4.1018
     9.055     9.696    5.2785
     8.077     9.004    3.9612
     9.761    11.874    1.5894
    12.063    10.239    3.2706
    13.893    10.949    1.0471
    13.246    11.049    1.9178
     9.541    10.397    5.0466
     8.467     8.457    3.5562
    11.540    10.785    4.5455
    14.406    14.232    0.1411
     9.625     9.621    5.6296
    11.162    12.023    2.3735
     9.263     8.026    2.2340
     8.891    10.077    4.6205
    12.909    11.059    2.4357
     8.634     9.526    4.7808
    12.036    10.627    3.7331
    11.134    11.018    4.6539
    11.299     9.416    3.1649
    10.708    10.943    4.8281
    12.862    10.469    2.0813
    12.124    11.636    3.1162
    11.945     9.433    2.0488
     8.157     8.152    2.8745
     5.897     6.819    0.5610
    11.097    10.817    4.9452
     9.777     9.955    5.7640
     5.668     8.204    0.8721
    10.392    10.852    4.9008
    11.050    10.846    4.9372
    12.128    12.589    1.4802
    13.066    10.891    2.1064
     4.603    10.270    0.0320
    12.203    11.356    3.3770
     9.701     9.711    5.6989
     7.715     7.747    2.0366
     7.631     8.877    3.2843
     5.937     8.673    1.0297
    10.541     9.757    5.2205
     9.017     9.292    5.1270
    11.995    12.024    2.5023
     9.395     8.207    2.5871
    10.728    11.804    2.6557
     9.131     9.269    5.1587
    10.289     9.559    5.1715
     5.658     9.092    0.6302
    10.445    12.069    1.7858
    13.483    13.467    0.4891
    10.006     7.942    1.4325
     9.746    11.412    2.6850
    10.404    11.472    3.2807
     9.524    10.239    5.3072
    12.070    12.208    2.1472
     9.809     6.473    0.1165
     7.508     9.732    2.4868
    11.639    10.214    4.0738
    11.966    11.175    3.7990
     8.702    11.098    1.9669
     7.400     6.591    0.5333
    10.302    10.239    5.7233
     8.896     8.231    2.9711
     8.504    11.988    0.4666
    11.337     7.819    0.3920
    14.486    10.062    0.2344
    10.035    11.243    3.5299
    11.178    11.210    4.2979
     9.642     8.536    3.2588
    10.161    11.464    3.0496
     9.157    12.387    0.4438
    10.767     8.215    1.2461
    11.062     9.058    2.7029
    11.975    10.154    3.3204
    10.074     5.954    0.0243
     9.473     9.353    5.3242
     8.563     8.830    4.2728
     4.858     8.541    0.3301
     7.702     8.768    3.3456
     9.406    10.200    5.2201
     9.382    10.652    4.2198
     9.308     8.178    2.5802
     9.000     9.504    5.2357
    13.589    12.989    0.8116
    10.608     9.528    4.6716
    12.179    10.814    3.5705
     9.572     9.868    5.6867
     9.315    10.082    5.2721
     7.672     9.355    3.2106
    11.717     8.610    0.9561
     5.339     8.179    0.6401
    11.324    11.249    4.1886
     8.778    11.447    1.3730
     6.706     7.337    1.1825
     7.433     9.190    2.8925
    13.486    11.895    1.6262
    12.556     9.496    1.2678
     8.977     9.514    5.2147
    14.882    12.442    0.5079
    13.908    13.868    0.2661
     9.671     8.187    2.2908
    10.981     9.635    4.2801
    12.259    12.872    1.0723
    12.150    12.700    1.3072
    14.042    10.189    0.4950
    12.005     9.927    2.8773
    13.338    10.852    1.6734
    10.370     8.806    3.1250
    10.776    12.241    1.6577
     6.783     7.375    1.2492
     9.206     8.405    3.2547
    11.471    13.763    0.1884
    11.856    12.586    1.4479
     8.960     9.221    5.0204
    12.186    11.254    3.4769
     8.475    11.677    0.7540
     4.479     8.597    0.1927
    14.378    12.729    0.6730
     9.387     8.594    3.6435
    11.760    10.434    4.0908
    11.230    13.073    0.5978
    11.078    10.470    5.1576
    11.177     9.878    4.4149
     9.486     8.525    3.3724
     6.988     8.229    2.1685
    11.877    10.266    3.6759
     7.223    10.122    1.4857
     9.257     8.404    3.2182
     8.431    10.635    2.5523
    12.254    12.185    2.1583
    10.369    10.704    5.1888
     8.645     8.219    3.0229
     8.461    12.289    0.2551
     8.885     9.201    4.9521
     6.548     8.399    1.7394
    10.888    12.885    0.6864
     8.114     9.564    3.8570
    11.558    10.970    4.4158
    12.600     8.588    0.3478
     7.244     6.481    0.4598
    14.449    11.348    0.7031
    12.944     9.876    1.2607
     7.973     9.070    3.8288
     9.077     6.448    0.2032
    10.323    10.290    5.6958
    10.408     9.202    4.1675
     7.902    10.278    2.3302
    12.973    15.259    0.0135
     7.304     7.289    1.2817
     9.773     9.861    5.7649
     7.494    12.870    0.0175
     6.943     7.366    1.2935
    11.306    11.767    3.0456
     8.096     8.027    2.6167
     6.706     9.178    1.7157
    10.010     8.648    3.1649
     6.829    10.618    0.5641
     9.157     9.256    5.1510
    14.705    12.050    0.6225
    12.721    11.139    2.7465
     8.274    11.079    1.4237
     9.946     9.277    4.9336
    11.801    10.382    3.9640
     7.279     8.877    2.7464
    11.962    12.052    2.4545
    13.206    11.375    2.0580
     9.164     8.944    4.6166
     8.701     9.668    4.8034
    10.906    10.147    5.2309
     9.995     9.999    5.7981
     8.775    10.609    3.2427
    13.410    11.879    1.7067
    13.124    11.175    2.1430
    11.205    12.822    0.8825
     9.818     9.480    5.4209
     9.706    11.843    1.6001
    14.080    11.638    1.0761
     7.821     8.606    3.3667
     9.183    10.379    4.5376
     9.247     6.815    0.3730
    10.901    11.801    2.7810
     9.702    10.101    5.6471
     8.432    11.414    1.0632
    12.055    10.133    3.1282
     9.764     9.496    5.4677
     8.221    10.255    2.9727
    11.002     8.740    2.0313
     4.586     6.300    0.1673
     5.009     8.320    0.4344
    11.262    12.322    1.7569
     9.539     9.616    5.6128
     9.160    10.912    3.1538
     8.695     8.526    3.7278
    12.678    11.273    2.8033
     6.216     8.236    1.3638
     8.183     9.724    3.8091
    10.953    11.070    4.5946
     8.328     6.974    0.7694
    10.102    10.243    5.7176
    11.972    12.664    1.3417
     7.227     9.393    2.3710
     8.694     8.838    4.3493
    10.440     9.049    3.6981
    10.718    10.615    5.3415
     6.689     9.195    1.6790
    10.276    10.575    5.3750
    11.863    11.304    3.7738
     8.372     8.934    4.2573
     8.590     9.089    4.6103
    11.133    10.244    4.9914
    13.882    12.547    0.9982
    10.155    10.689    5.0940
    12.798    11.654    2.4758
     9.509     8.808    4.1313
     6.346    10.222    0.5110
     6.419     8.116    1.5380
    11.820    12.113    2.3401
     9.514     7.579    1.1344
     8.616    11.275    1.4954
    11.669     8.314    0.6433
     8.832    10.715    3.0852
    11.217    11.265    4.1816
    13.601    11.126    1.4708
    10.630    12.238    1.5658
     4.866     8.764    0.2924
     5.682     7.204    0.6723
    13.675    11.783    1.4699
     8.179     7.792    2.1484
     8.694     7.339    1.1559
    11.032    11.016    4.6861
     8.286    10.294    3.0186
     6.999     8.005    2.0030
    11.464    11.135    4.3070
    11.112     9.514    3.7549
     9.795    11.175    3.4110
    10.431     9.979    5.6099
    12.251    10.467    3.1897
    10.360    10.457    5.5559
    10.231    10.334    5.6646
     6.432     7.449    1.1594
    11.174    11.456    3.7630
     7.501    10.321    1.6050
     8.050     9.907    3.2734
    10.314     9.710    5.4069
    12.343    10.964    3.3314
     8.469     8.064    2.6940
    10.328    12.356    1.1432
    12.538    11.667    2.7315
     8.795    10.346    3.9019
    13.058    13.506    0.4773
    10.467    11.750    2.5822
     9.971     9.886    5.7779
    11.912     9.185    1.6407
    10.338     8.848    3.2892
    10.578    11.046    4.5544
    12.229     9.695    2.0545
     7.929     9.065    3.7611
     8.531     8.962    4.4275
    12.836    10.704    2.3480
     9.378    10.096    5.3333
     9.550    10.502    4.8394
    12.603    10.933    2.8895
    10.077     9.620    5.4771
    10.990    11.067    4.5979
     9.702    11.947    1.3885
     8.157     8.002    2.5735
    11.778    12.133    2.2973
     8.326     9.877    3.8735
    10.001    10.105    5.7772
    10.787    13.041    0.4959
     8.072    10.659    1.9018
    10.042    10.815    4.7043
     8.091     9.297    3.9934
     8.905     9.307    5.0601
    10.726     8.664    2.2378
    10.257    10.048    5.7520
     9.504    10.116    5.4541
    13.632    10.444    1.0011
     8.550    10.109    3.9155
    11.324    11.007    4.5721
    13.521    11.347    1.6424
    11.142    11.193    4.3352
    11.078    10.854    4.9128
     8.693    10.425    3.5245
    11.318     9.467    3.2499
    10.343    11.262    3.8131
     9.756    10.472    5.1635
     7.636     9.582    2.9176
    11.183    10.005    4.6223
     9.154    10.073    5.0582
    10.436    10.238    5.6836
     6.645     9.131    1.6613
    12.768    11.725    2.4523
    11.570    11.329    3.9450
     9.565    10.482    4.9046
     6.210     7.326    0.9663
    10.161    11.840    2.0616
    10.071    11.890    1.8582
     5.432     8.585    0.6345
    12.787    11.470    2.5937
    11.767    11.157    4.0293
     9.177    13.590    0.0320
    12.534    11.956    2.3911
    12.640    11.679    2.6194
     9.489    10.204    5.3200
     6.330     8.766    1.4279
     6.690     6.812    0.7050
    13.584    14.376    0.1171
    10.545     8.745    2.7030
    10.076     9.770    5.6646
    11.370    11.961    2.6017
    12.727    11.602    2.5904
    13.929    11.726    1.2233
     9.177     8.620    3.8410
    11.529    12.140    2.2420
    10.669    10.643    5.3215
    14.198    10.862    0.7214
    10.828    11.530    3.4493
     9.994    11.474    2.8290
     9.044     8.593    3.8285
     9.859    10.929    4.1894
     7.738     6.736    0.6266
     9.127     9.331    5.2243
     7.574     8.437    2.9453
     8.991    10.723    3.3532
    11.834     9.944    3.2465
     8.037     8.571    3.5280
    11.221    11.519    3.6198
     8.386    10.369    3.0538
    15.687    11.496    0.1620
    13.182    10.321    1.4381
     9.011     8.141    2.6858
    11.429    12.126    2.2423
    10.840    12.470    1.2576
    10.681     9.252    3.8627
    15.619    13.234    0.1964
     8.391     9.436    4.4384
    10.382    10.065    5.6939
    13.485    11.612    1.7000
     8.600     9.380    4.7587
    11.390    10.267    4.5961
    12.679    11.623    2.6269
     9.394     8.024    2.1284
     9.175    10.648    3.8759
    10.256    12.856    0.4825
     8.972     8.702    4.1100
    11.181    11.775    2.9850
     5.231     6.436    0.2832
    11.914    12.299    1.9775
    13.207    12.918    0.9602
     6.803     7.872    1.7325
    11.380    10.807    4.7193
     9.177     7.198    0.7586
     9.899    10.276    5.6002
    11.684     9.087    1.7837
    11.124     8.873    2.1590
     9.835    10.828    4.4294
    13.734    11.996    1.3603
    10.953     9.596    4.2418
    13.015    10.606    1.9664
     7.620    10.244    1.9083
    10.400    10.484    5.5286
    11.103    11.281    4.1540
     8.856     7.323    1.0657
    16.477    15.017    0.0173
    13.551     9.703    0.5309
    11.267     9.074    2.4018
     6.578     9.795    1.0331
     6.461     8.024    1.5422
     9.159    10.404    4.4410
    12.735    11.302    2.7167
     9.185     9.396    5.3128
     5.819     8.319    0.9896
    12.408    11.361    3.1299
    10.368    11.094    4.2922
     9.439     9.936    5.5567
    10.485     8.234    1.5622
    11.048    11.127    4.4767
    10.676     9.810    5.1246
     7.920    11.370    0.6805
    10.378     9.994    5.6602
    10.568    10.822    5.0342
    10.940    10.506    5.2881
     8.440    11.291    1.2626
     8.342     7.498    1.5495
    13.244    10.656    1.6617
    11.502    11.198    4.1914
    11.383     9.689    3.6335
     9.104    11.614    1.4252
     9.983     8.702    3.3515
    11.135     8.850    2.0887
    10.015    11.348    3.2050
    12.281    10.407    3.0633
     9.300    10.319    4.8537
    10.709    11.539    3.3502
     9.834    10.325    5.4892
     8.374     8.837    4.1501
    12.537     7.945    0.1130
    12.722    11.508    2.6556
     9.404     9.957    5.5083
     9.238    10.531    4.2797
     6.796     7.445    1.3241
     8.449     8.682    3.9728
    11.150    10.185    4.9104
    11.362    10.469    4.7850
    10.806    12.439    1.2930
    12.657    11.054    2.8370
     8.694     9.006    4.6009
    11.768     9.328    2.1313
    13.488    12.230    1.4413
     7.580     8.174    2.6416
    11.469    11.924    2.7118
     9.229     9.294    5.2207
    13.051    12.770    1.1459
    10.112    11.498    2.8992
     9.869     9.868    5.7773
     9.108     9.180    5.0328
     9.527     9.784    5.6686
     6.735    10.247    0.7908
    11.894     9.343    1.9604
     8.973     8.987    4.6933
     7.244     9.107    2.6145
     9.453     8.165    2.4296
     8.873     8.510    3.6731
     8.656     8.421    3.4937
     9.834    11.068    3.7685
    13.043    11.248    2.2754
    10.798    11.317    3.9915
    11.901     9.422    2.0996
    13.730    12.812    0.8974
    11.679     9.377    2.3853
    10.953     9.500    4.0165
    13.676    12.354    1.2332
    10.800     9.844    4.9989
     7.515    10.616    1.2036
     9.425    11.834    1.3411
     8.566     9.436    4.7068
     7.082     7.233    1.1767
    10.409     9.266    4.3356
    13.863    12.312    1.1316
     7.751    10.191    2.2168
     9.653    10.959    3.8178
    10.332     9.501    5.0026
     7.554    11.036    0.7406
     7.863    11.259    0.7543
    13.729    10.164    0.7075
    12.603    11.410    2.8565
    11.454    11.352    3.9532
     9.774    10.581    4.9549
     9.084     9.920    5.1525
    13.649    12.162    1.3605
     9.851    10.910    4.2297
     7.585     8.316    2.8251
     7.045     9.986    1.4091
     8.221     8.080    2.7385
     9.959     8.961    4.1138
     8.977    11.974    0.7588
    11.632    10.877    4.3931
    12.297    11.761    2.8169
    10.758    10.702    5.2292
    10.723     9.172    3.5765
    12.629     9.505    1.1908
     6.268     8.973    1.2656
    10.727     9.323    3.9709
     9.726    10.262    5.4857
    10.794    10.777    5.1184
    12.531     8.728    0.4748
     8.331    12.181    0.2707
     8.766     8.241    3.0440
     5.174     8.089    0.5477
    10.809     9.846    4.9883
     7.070    10.749    0.6322
    10.476     9.142    3.8995
    12.330    10.451    3.0205
     9.779     9.582    5.5766
    10.584     9.370    4.3291
     9.086     9.806    5.2574
     7.806     9.188    3.5452
     7.966     8.417    3.2574
     7.178     8.465    2.5195
    11.293    10.474    4.8866
     8.448     8.061    2.6903
    13.147    12.993    0.8993
     7.560     7.870    2.1877
    11.518    10.761    4.5812
    12.979    10.195    1.5886
    12.087     9.317    1.6223
    11.636    12.089    2.3728
    11.713    10.012    3.6118
    12.967    12.073    1.9540
    15.579     9.732    0.0229
     6.854     8.196    2.0106
    11.471    11.681    3.2652
     8.536     9.582    4.5980
    11.681     9.545    2.7413
     7.458     8.535    2.8990
    11.818    11.591    3.3683
    10.722     8.112    1.1136
    12.305    13.126    0.7714
    10.360    12.156    1.5359
     9.129    10.809    3.3725
    11.159    10.653    5.0271
     8.263     9.253    4.2777
    10.052     9.315    4.9147
    12.243     9.591    1.8548
     9.603     8.902    4.3052
     8.771     8.982    4.6127
     8.767     9.379    4.9627
     9.263    11.193    2.5814
     6.713     7.967    1.7329
     7.007     8.787    2.3441
     7.906     9.023    3.7221
    11.487    11.397    3.8568
    12.419     9.770    1.8688
    10.525    10.790    5.0839
    11.178     8.569    1.4519
     5.982     8.460    1.1224
     8.298     8.184    2.9619
    10.018    12.891    0.3759
     7.615     9.355    3.1048
    14.252    11.903    0.9365
    12.076    11.319    3.5491
    10.464    12.697    0.7310
     9.617     8.960    4.4442
     8.724     9.761    4.7609
     5.337    10.088    0.1476
    10.869    12.646    0.9885
     6.819     7.521    1.4115
     8.552    10.442    3.2127
    11.118    10.220    4.9937
    13.121    13.609    0.4111
     7.656     9.843    2.6055
    11.230     9.300    3.0095
     9.148    10.025    5.1164
    12.857    10.621    2.2397
     9.581    10.233    5.3814
    10.570     9.924    5.4198
    13.752    11.226    1.3276
    10.357     7.790    0.9073
    14.911    12.366    0.5016
     6.593     8.158    1.7255
    12.247    11.135    3.4578
     8.965    11.945    0.7868
    10.053     9.080    4.3255
     9.465    10.246    5.2222
    12.683     9.073    0.6602
    11.830     9.065    1.5400
     8.058     8.383    3.2613
     9.482    11.473    2.1837
     6.950     9.192    2.0762
     9.355    11.245    2.5818
     7.361    10.435    1.2567
    14.136    12.288    0.9566
     8.164     8.664    3.7552
     7.836     7.519    1.6606
    12.537    11.252    3.0099
     9.771     9.338    5.1977
    12.074    11.118    3.7022
    10.034    10.460    5.4317
    10.224    10.007    5.7534
    11.927    11.370    3.6361
    11.791    11.914    2.7488
     9.677     7.940    1.7074
     7.792    11.402    0.5628
    12.899    11.772    2.2825
     7.006     9.618    1.7752
     9.848     9.611    5.5893
     7.738     7.895    2.2918
    13.422    12.220    1.4959
    10.071    10.052    5.7943
     6.780     6.664    0.5965
    11.026     9.155    3.0113
     6.241     6.533    0.4638
     5.653    10.353    0.1636
    12.260     9.468    1.6242
     8.391     9.139    4.4293
     7.597    10.962    0.8574
     8.045     8.956    3.8969
    11.564    10.659    4.5310
    11.335    11.486    3.7021
    12.609    12.710    1.2928
     9.499    10.364    5.0558
    10.584    12.096    1.8342
    11.180     9.816    4.2910
    10.235    11.000    4.4213
     9.400    10.628    4.3087
    11.581     8.250    0.6361
     8.356    10.398    2.9329
     9.835    12.160    1.1225
    10.284    10.534    5.4415
    14.050    10.968    0.9008
     9.503    10.178    5.3721
    10.074     9.011    4.1094
    12.321    11.358    3.2385
    13.870    12.999    0.7267
     7.419     8.725    2.9403
    12.163    10.949    3.6189
     7.898     8.751    3.5806
     6.681     9.203    1.6627
    14.983    11.207    0.3498
    14.593    11.428    0.6208
    10.935     9.831    4.7596
     9.271     9.812    5.4651
    15.268    14.288    0.0957
     8.268     9.580    4.1304
     7.999     8.539    3.4553
     8.373     7.385    1.3436
    12.192    12.460    1.6947
    12.500    11.491    2.9279
     6.719     8.018    1.7728
     9.713    11.188    3.2608
    10.238     9.614    5.3283
    14.951    11.875    0.4776
    12.212    11.928    2.6081
     6.474     9.075    1.4637
     7.695     6.730    0.6270
    11.702     8.813    1.2726
    11.299    10.469    4.8768
    10.407    10.207    5.7004
    11.861    12.431    1.7234
    10.004    10.557    5.2391
    10.232     9.198    4.4083
     8.748    12.113    0.4834
     7.866     9.709    3.2042
     7.201     9.543    2.1738
    11.899    10.205    3.5477
     5.023     8.356    0.4361
    12.079    11.405    3.4557
     9.678     9.678    5.6759
     5.461     8.928    0.5546
    10.843    10.974    4.7809
    10.984    11.581    3.3978
    12.734     9.363    0.9079
    10.768    12.472    1.2143
     6.975     9.899    1.4166
    13.014    11.224    2.3154
     9.452    11.408    2.3027
    12.320    11.428    3.1826
    10.366     8.669    2.7529
     6.895     9.313    1.8960
    17.280    14.637    0.0137
    11.753    11.012    4.1684
    11.208    10.844    4.8412
     9.057     8.590    3.8162
     9.234     8.546    3.6161
    14.486    11.803    0.7569
    10.767    10.201    5.4325
     9.087    10.023    5.0296
     7.058     8.875    2.4041
    10.577    12.334    1.3449
     9.723    11.590    2.1946
    11.829    10.322    3.8414
     5.659     8.091    0.8679
     7.840     9.584    3.3093
     8.094     9.789    3.5419
     7.049     8.671    2.4084
    14.902    12.980    0.4072
     7.955     8.695    3.5949
    10.069     8.578    2.8936
    10.315    11.836    2.2206
     8.644     8.559    3.7973
     9.152    10.671    3.7744
    11.856    10.055    3.3989
     6.193     7.293    0.9376
     9.291     7.580    1.2709
    12.195    11.817    2.7968
     6.523     9.679    1.0725
     7.370     9.090    2.8343
    12.869    12.578    1.4160
     8.639     8.561    3.8004
    13.613    11.177    1.4765
     8.665     8.276    3.1533
     7.293    10.360    1.2702
     7.326     9.087    2.7615
     8.267     8.802    4.0156
     5.155     6.785    0.3643
    13.741    11.675    1.4142
    12.025    10.081    3.1053
    10.195     9.574    5.2998
    10.378    11.096    4.2949
     9.733    11.679    1.9918
     8.364    10.388    2.9712
    10.105    10.189    5.7526
     7.574    10.886    0.9245
     7.746    11.385    0.5489
    12.848     9.974    1.5099
     5.851     9.977    0.3583
     7.308     9.966    1.8229
    12.594    11.246    2.9297
     8.977    10.335    4.2685
    13.714    10.958    1.2512
    11.017     9.677    4.3062
     6.552     6.588    0.5266
     9.973     9.049    4.3376
    13.494    10.929    1.5083
    10.630     8.465    1.8961
     7.476     8.382    2.7924
     9.274     7.417    1.0126
    12.719     9.995    1.7267
    10.045    10.440    5.4698
    10.684     9.504    4.4954
     7.943    11.235    0.8487
     2.680     9.804    0.0014
    12.273    11.141    3.4185
    12.708    12.174    2.0005
     9.726    10.750    4.4863
     8.016     9.550    3.6849
     9.767    11.000    3.8668
     7.210     8.619    2.6219
     7.615     9.668    2.7711
    12.033     9.989    2.9333
    12.369    10.408    2.8963
    10.613    10.141    5.5534
    10.764    11.204    4.2578
     9.743     8.642    3.4558
    12.879    11.523    2.4557
    12.517    12.073    2.2382
     6.951     6.903    0.8115
    13.860    12.075    1.2279
     6.149     7.284    0.9123
     8.664     9.121    4.7045
     8.450    11.894    0.5177
     8.949     8.014    2.4053
    11.396    12.166    2.1431
    10.084     9.647    5.5118
     7.352     8.704    2.8408
     6.136     8.239    1.2848
    11.547    12.093    2.3483
    11.251     9.849    4.2218
    12.785    11.420    2.6169
    10.356    11.214    3.9565
     7.391     9.474    2.5821
     6.883    10.022    1.1635
     9.957     9.426    5.2374
    10.755    10.147    5.4157
     8.952     8.405    3.3893
     9.319    10.300    4.9208
     6.428     7.355    1.0849
     8.212    11.419    0.8559
     5.764     8.669    0.8706
     8.080     9.227    3.9927
     9.068     9.113    4.9226
     9.374    10.465    4.6587
    12.928    11.798    2.2346
    14.512    11.221    0.6208
     7.336    11.030    0.5842
    12.083    11.039    3.7233
    11.677    11.095    4.1805
    12.610    12.525    1.5478
    11.636    11.769    3.0675
    10.292    11.844    2.1798
    11.116     8.994    2.4563
     8.675     9.682    4.7518
     8.574    10.978    2.0349
    13.369     7.882    0.0268
     8.274     9.477    4.2203
     5.655     6.105    0.2313
     6.689     7.357    1.1957
    16.917    11.541    0.0229
     8.284     9.839    3.8465
    11.177    11.854    2.7902
     9.511    10.405    4.9901
     9.274    10.987    3.1444
    10.462    10.103    5.6570
    12.378    12.595    1.4744
    12.312    11.750    2.8217
    10.116     8.985    3.9849
    10.893     8.859    2.4761
     9.967    11.317    3.2352
     8.253     9.151    4.2514
     9.997    10.698    4.9365
     6.488     6.841    0.6984
    11.650     8.242    0.5851
     7.606     7.692    1.9213
     9.621     7.547    1.0197
     9.998    12.095    1.3643
     7.867     7.601    1.8001
    12.624    12.020    2.2499
     7.592     9.766    2.5956
     7.749    11.908    0.2231
     7.956     9.410    3.6940
     9.227    11.056    2.8809
     8.057     9.178    3.9617
     9.186     9.633    5.4236
     6.831     8.661    2.1065
    10.839    11.410    3.7726
     7.369     9.558    2.4511
     7.060     9.333    2.1439
    11.252    10.614    4.9426
    13.367    11.063    1.7529
    11.424    12.963    0.7765
     9.933    10.534    5.2200
    10.679    12.187    1.7059
    12.014    10.055    3.0827
    10.227     9.143    4.2695
    10.739    11.920    2.3663
     8.883    10.085    4.5925
    11.928     9.860    2.9066
    11.456    10.231    4.4386
    10.728     8.973    3.0329
     7.490     9.517    2.7181
    10.162     9.935    5.7477
    10.268    10.863    4.7919
    11.354    10.849    4.7139
    12.580    13.115    0.8047
     7.350    11.205    0.4567
    13.484    12.662    1.1095
    10.040     8.752    3.4222
    13.529    11.375    1.6384
    11.481    10.624    4.6471
     8.779     6.787    0.4683
     8.299     8.251    3.1013
    10.671     9.218    3.7894
    11.978    13.372    0.4916
     8.928    10.453    3.9076
    10.357     9.735    5.4008
     8.908    10.056    4.6839
     5.863     8.596    0.9805
     6.424    10.287    0.5207
     7.126    10.038    1.4573
    10.925    10.109    5.1695
     7.375     9.519    2.5050
     9.126     8.889    4.5048
    10.375     9.722    5.3611
     7.957     7.818    2.1974
     7.652     8.359    2.9330
     9.342     8.362    3.0431
    14.173    11.969    0.9947
    13.932    11.764    1.2192
     8.564     8.653    3.9697
    11.133     8.694    1.7522
     9.388     9.298    5.2454
    11.803    12.396    1.7787
    10.001     8.860    3.7782
    10.832     9.198    3.4605
     6.992     6.678    0.6151
     9.858    10.088    5.7438
    11.132    11.271    4.1750
    13.648    11.226    1.4510
     7.723     9.723    2.9054
    12.090    11.370    3.4828
    15.908    10.707    0.0546
     9.373     9.625    5.5540
     9.424    10.367    4.9445
     8.760     9.470    4.9654
    10.611     9.438    4.4549
     7.953     8.774    3.6639
    10.808    10.962    4.8034
     9.478    10.311    5.1271
     9.559    10.641    4.5233
    13.610    10.439    1.0207
    10.408     9.271    4.3504
    10.195     8.409    2.2903
     6.397    10.016    0.6839
    11.002    12.559    1.1897
    10.470    11.865    2.2895
    14.421    10.872    0.5608
    14.020    13.332    0.4999
    11.981    13.093    0.7603
    10.640     9.276    3.9955
    11.242    11.000    4.6308
    12.465    11.474    2.9824
     7.870     9.554    3.4010
     8.747     9.291    4.9069
     7.330    10.786    0.8087
    11.381    12.163    2.1437
    12.540    10.427    2.5995
     9.307    10.428    4.6347
    13.673    11.460    1.4791
     7.885     9.030    3.6909
    12.376    11.497    3.0599
     8.754     8.655    4.0129
     9.022     9.816    5.1647
    10.736    10.560    5.3877
     3.864     8.710    0.0694
    11.148    12.855    0.8181
     8.445     9.135    4.4922
     5.931     7.390    0.8676
    10.154     7.852    1.1499
    13.077    10.944    2.1198
    12.690    11.272    2.7867
    12.349    10.420    2.9474
     7.484     6.509    0.4635
     7.153     9.851    1.7305
    10.702    10.797    5.0954
    10.202     8.136    1.6464
     8.298     7.796    2.1428
    14.275    11.625    0.9024
    10.927    10.657    5.2057
    13.569    12.811    0.9558
     7.226     8.636    2.6484
    12.546    12.768    1.2198
     8.981    11.098    2.3880
    11.200    12.437    1.5013
     8.807     9.200    4.8955
     9.770    10.298    5.4737
    11.761    12.434    1.7005
     5.089     6.953    0.3891
    10.398    11.383    3.5255
    10.639    11.652    2.9893
     9.222     8.212    2.7319
     9.023     8.892    4.5179
    11.568    10.495    4.4730
    10.399     8.932    3.4347
    11.802    11.611    3.3398
    10.065    10.423    5.5056
     8.437    10.627    2.5790
     8.149    10.197    2.9465
    13.293    12.066    1.7052
     8.594     8.041    2.6155
    10.101     9.428    5.1113
     9.753     8.438    2.8706
     9.264    11.278    2.3657
     9.066    11.159    2.3702
     8.480     9.849    4.2139
     8.378     9.605    4.3080
     7.773     7.550    1.7111
     7.648     9.685    2.8118
     9.129     8.308    3.0469
    11.110    13.304    0.3731
    11.008     9.649    4.2615
    11.422    10.838    4.6553
    10.013     9.995    5.7978
     8.124     9.839    3.5291
    10.978     9.334    3.5554
     8.651     7.686    1.8093
    12.246    11.258    3.3993
     9.161     9.693    5.3948
    12.870    12.904    1.0275
    11.023    10.716    5.0937
    12.997     8.946    0.3747
     8.588     7.721    1.9077
     8.705     8.380    3.3924
    12.393    10.526    2.9821
    13.115     9.733    0.9147
    12.243    12.511    1.6104
     9.251     9.569    5.4599
    10.998    10.398    5.2425
     9.510     6.911    0.3722
    11.671    10.017    3.7057
     7.046     9.083    2.2997
     9.676     7.989    1.8143
    12.111    12.369    1.8528
     9.505    10.505    4.7677
     7.133     6.007    0.2126
     9.700     8.872    4.1424
     9.817     8.396    2.6883
    10.949    10.336    5.2843
     8.516    10.953    1.9990
     8.063     7.174    1.0902
     5.671     6.557    0.3949
     6.216     6.778    0.6067
     9.472     8.219    2.5523
    10.735     8.216    1.2773
    10.637     8.783    2.6689
    11.105     9.287    3.2038
     9.483    12.558    0.4407
     9.733    10.200    5.5708
    12.719    10.150    1.9340
     9.447    11.476    2.1296
     9.682     8.476    3.0519
     9.491     9.268    5.1850
    10.317    10.746    5.0829
    10.754     9.797    4.9890
     7.799    10.859    1.1978
     6.540     7.930    1.5638
    14.564    12.244    0.6952
     7.041     8.428    2.3366
     6.578    10.054    0.8114
     8.154    10.124    3.0964
    10.855    10.372    5.3863
     7.520     7.736    1.9670
     8.915     8.364    3.2988
    10.678    11.235    4.1393
     8.132    11.773    0.4509
    12.280    11.764    2.8245
     5.454     8.803    0.5901
     8.521     8.733    4.0938
    10.867    10.035    5.1710
    10.488    11.295    3.8491
    12.556    12.306    1.8795
     9.815    10.443    5.2801
    13.904    12.984    0.7261
     8.733    11.000    2.2317
     7.767     7.257    1.2506
     9.080     9.627    5.3226
     9.494    11.352    2.5035
     7.081     7.617    1.6360
    12.362     9.786    1.9856
     7.116    10.802    0.6209
     9.274    10.930    3.2967
     6.900    11.167    0.2730
    11.226    11.554    3.5379
    12.944    11.733    2.2641
    12.842    10.029    1.5869
    10.846     9.430    4.0368
     6.532     8.796    1.6722
     9.818    11.934    1.5219
     9.949    11.696    2.1927
     7.003     8.237    2.1890
     6.883     9.702    1.5032
     6.834     9.709    1.4291
     8.836    14.864    0.0004
     9.301    13.194    0.0981
    10.665     8.790    2.6441
     8.709     8.344    3.3072
     5.456     9.357    0.4019
     8.324     8.239    3.0801
     5.686     7.826    0.8637
    12.547    10.925    2.9812
    12.801    10.477    2.1928
     9.606    11.325    2.7312
    10.679    11.145    4.3652
    11.406    12.081    2.3364
    11.915     9.465    2.1608
     7.884     9.450    3.5270
    12.319     8.410    0.3641
    11.919    11.110    3.9032
     8.162    10.602    2.1570
     5.289     8.224    0.6038
     8.722     9.631    4.8620
     9.544     9.037    4.6847
     6.245     8.387    1.3995
    10.587    11.271    3.9893
     7.541    11.280    0.5109
     8.175     8.923    4.0383
     7.138     8.918    2.5167
     8.888     8.208    2.9148
     8.590     8.561    3.7942
     9.556     9.948    5.6471
     8.720     8.795    4.2827
     9.532    11.472    2.2488
    14.059    13.877    0.2552
    13.343    10.974    1.7409
    10.033     8.488    2.6928
    11.379    10.988    4.5564
     9.022    11.912    0.8705
    13.116    10.442    1.6527
    10.102    11.268    3.5385
     9.780     9.330    5.1760
    10.820    11.439    3.6871
     5.713     6.326    0.3108
    12.976    11.929    2.0826
     7.955    10.126    2.7061
    10.155    10.091    5.7830
     4.438     8.137    0.2312
     9.076     8.259    2.9501
    13.099    11.255    2.1965
    11.383     8.829    1.6968
    11.048     9.781    4.4663
     9.556     8.895    4.3240
     6.294     8.102    1.4147
     6.557     8.654    1.7417
     7.592     9.001    3.2298
    11.160    10.131    4.8338
    10.131     9.773    5.6361
    12.443    11.399    3.0624
    12.400    12.131    2.2015
    10.852    11.508    3.5215
     7.080    10.373    1.0061
    12.176    11.634    3.0826
    12.946    10.285    1.7406
     9.931    10.253    5.6443
     8.926     9.580    5.1573
     8.710     9.100    4.7221
     6.707     7.911    1.6887
    14.395    10.949    0.6087
    14.264    12.170    0.8983
     8.620     9.503    4.7687
     9.493     9.784    5.6499
     7.766     9.479    3.2771
     7.689    10.391    1.7779
    10.517    10.941    4.7677
    10.897    12.331    1.5482
    10.569     9.284    4.1342
    11.027    10.249    5.1459
    10.355    11.294    3.7348
     9.263    10.537    4.3091
     9.629     7.091    0.4767
    12.084     9.799    2.4965
    11.126    10.715    5.0189
     6.954     9.580    1.7362
     4.130     8.255    0.1448
    10.180    11.248    3.6830
     7.584     8.488    3.0041
    14.041    14.458    0.1019
    10.851    11.536    3.4464
    13.379     9.852    0.7727
     7.785     8.495    3.2133
    12.145     9.181    1.3242
    11.519    12.142    2.2331
    10.416     8.600    2.5030
     9.347    11.288    2.4614
     8.717     9.469    4.9110
     9.266     9.123    4.9581
     6.861     9.232    1.9072
    11.741    12.184    2.1878
     9.874     9.877    5.7800
    11.311    11.084    4.4720
    12.919    10.931    2.3645
     6.098     8.220    1.2473
    12.488    14.393    0.0846
    12.612    12.749    1.2414
    13.968    12.437    1.0058
    10.748    10.510    5.4192
     8.744     8.245    3.0590
     9.374    10.203    5.1719
     7.906    11.400    0.6410
    13.699    12.397    1.1919
     7.340     7.121    1.0737
    12.746    12.863    1.0867
     6.975     7.605    1.5738
    11.401    10.462    4.7229
     9.552     9.372    5.3417
     8.848     9.829    4.8923
     5.559     5.874    0.1637
     6.421     5.536    0.0992
    10.336     9.866    5.5851
    10.245    11.197    3.8970
     7.870     7.216    1.1810
     7.315     7.739    1.8955
     9.654    10.320    5.3253
    10.115    11.784    2.1515
    12.767    10.151    1.8583
    13.941    11.257    1.1298
    11.685    11.935    2.7094
    11.815    11.252    3.8788
     9.276    11.014    3.0748
    11.550    10.484    4.4959
    10.718    12.430    1.2595
    10.736    11.407    3.7213
     5.002     7.629    0.4619
    11.325     9.606    3.5598
    10.911     8.172    1.0443
     8.150     9.608    3.8805
    11.713     9.447    2.4732
    10.509    10.084    5.6134
     9.240     8.553    3.6319
    10.594    11.587    3.1310
     9.944     9.811    5.7449
     7.536     8.741    3.1090
    11.552    10.956    4.4334
    10.575     9.310    4.1898
     9.987     8.971    4.1064
     9.107     9.165    5.0116
     7.794     9.002    3.5486
     9.782    11.263    3.1455
     9.923     9.771    5.7221
     7.292     9.396    2.4814
     9.996    11.905    1.7505
     7.472     8.013    2.3524
     8.735     8.074    2.6482
    12.178    10.404    3.2593
     9.055     9.076    4.8601
    10.782    10.261    5.4403
    13.195    10.967    1.9517
     9.304    10.354    4.7898
    12.096    10.951    3.7226
    10.723    11.480    3.5189
     9.970     8.537    2.9006
     9.564    10.525    4.8069
     5.965    10.939    0.1024
    10.447    10.711    5.2053
    12.370    10.357    2.8314
     6.721     7.488    1.3338
     7.451    10.790    0.9175
    10.853    11.871    2.5712
    10.562    10.193    5.6112
    10.141    10.645    5.1718
     9.827     8.085    1.8982
    10.211    11.691    2.4877
     9.159     9.253    5.1479
     6.632     9.716    1.1648
     8.250     8.603    3.7300
    13.605    10.611    1.1551
     8.560     9.710    4.5312
    13.662    12.390    1.2192
     9.658     8.997    4.5080
     7.029     9.891    1.4997
    14.017    11.045    0.9681
    12.885    11.528    2.4455
    13.700    11.578    1.4589
     9.532    10.388    5.0540
    11.662    12.602    1.3748
    10.620    11.682    2.8932
    12.052    10.606    3.6898
     7.920    10.809    1.4242
    12.925    13.870    0.2668
    10.091     8.878    3.7152
    11.410    12.581    1.3279
     9.645     9.195    4.9816
     8.053     8.478    3.4072
    12.306    11.790    2.7690
     5.806     9.707    0.4539
    12.001    11.296    3.6503
     9.168     8.884    4.4864
    12.691    10.333    2.2150
    11.286     9.437    3.2383
     8.256     9.826    3.8116
    14.238    13.425    0.4178
    10.508     7.714    0.7136
     8.512     9.060    4.5101
    11.519    10.237    4.3297
    10.352     8.633    2.6767
     8.572     6.870    0.5955
    14.349    10.979    0.6532
     9.382    10.269    5.0706
    11.634    10.708    4.4302
    14.094    12.059    1.0446
     9.976     9.966    5.7967
    10.838    10.902    4.9135
    10.434    10.221    5.6873
     9.837    12.968    0.2763
     8.146    11.971    0.3227
    10.810    12.850    0.6967
     7.986     8.342    3.1522
     7.198     7.695    1.7846
     6.649    10.137    0.8065
     9.788    10.603    4.9212
    10.811    10.391    5.4238
     9.110     9.958    5.1464
     8.397     8.653    3.8966
     9.792     8.707    3.5875
    11.014    13.210    0.4191
    10.931    12.513    1.2310
    11.551    10.475    4.4903
    12.342     9.086    0.9733
     8.880    12.419    0.3163
     6.989     7.641    1.6204
     5.968     7.926    1.0895
    10.588    10.253    5.5997
     8.323     8.135    2.8598
    10.750    10.506    5.4213
    10.852    11.778    2.8086
     8.558    10.197    3.7570
    10.054    11.440    2.9960
    10.815    10.802    5.0778
     9.309    11.328    2.3072
    11.533     8.968    1.7684
    10.370     8.449    2.1775
    12.968    10.790    2.1950
     9.256     9.738    5.4760
     8.644     8.045    2.6116
    10.346     9.845    5.5552
    11.237    11.514    3.6354
     8.611     8.740    4.1453
     6.314    10.767    0.2307
     9.050     7.977    2.2576
     5.016     8.704    0.3683
     9.486    10.253    5.2371
    14.476     9.843    0.1784
    10.879     9.578    4.3322
    10.046     9.861    5.7486
     9.093    10.619    3.8029
     8.449     7.504    1.5287
    11.218     9.973    4.5059
    11.600     9.113    1.9609
     5.250     9.929    0.1600
    10.329     9.685    5.3515
    11.136     9.183    2.8875
    10.847     9.296    3.6928
     8.311     6.359    0.2703
     6.695     9.884    1.0823
    10.212     7.687    0.8592
    13.628    10.378    0.9551
     7.133     8.966    2.4932
    11.086    11.235    4.2534
    11.131    10.572    5.0858
    10.440    12.064    1.7929
    12.023    12.282    2.0136
     4.712    10.654    0.0194
    12.191    14.099    0.1379
    10.450    10.078    5.6545
    12.751    12.967    0.9660
     7.612     8.727    3.2065
    15.645    11.437    0.1655
     6.955    11.017    0.3730
     8.862    10.407    3.8908
     7.395     9.858    2.1151
     9.647     7.816    1.4740
     8.694     9.355    4.8730
     8.598     7.378    1.2564
     6.340     7.762    1.3115
     9.581     7.218    0.6161
    12.031     9.569    2.1628
     9.828     9.469    5.3983
    13.245    11.697    1.9536
     7.062     8.282    2.2808
    12.347    10.154    2.5955
     9.094    10.328    4.4925
     6.876     9.884    1.3010
     7.722     8.581    3.2377
    11.227    10.474    4.9763
     8.083    11.592    0.5752
    11.460    11.491    3.6777
    11.663    13.174    0.6094
    13.256    12.181    1.6456
     6.438     8.097    1.5496
     9.590    10.133    5.5212
     1.970     5.809    0.0075
    10.978    10.339    5.2516
     7.581     7.299    1.3169
    10.299     9.636    5.3021
    12.834    10.062    1.6409
     5.303     9.157    0.3896
     9.878     9.865    5.7768
     8.141     6.538    0.4039
     7.787    10.966    1.0380
     7.116     9.647    1.9159
     9.456     9.309    5.2590
     6.778    10.420    0.6807
     9.682     8.981    4.4479
     7.924     9.474    3.5815
     9.826     9.807    5.7545
    10.141     8.548    2.7232
     9.151    10.320    4.6090
     9.094     9.196    5.0511
     8.634    10.348    3.5825
    11.282    11.279    4.1418
    10.733    10.430    5.4705
     8.215    10.048    3.3595
     7.444     8.625    2.9353
    12.216    10.430    3.2161
    10.660    11.945    2.2467
    12.914    11.884    2.1764
    13.661    10.020    0.6635
    13.586    11.618    1.5848
    13.174    12.278    1.6133
     6.665     9.935    1.0023
    10.877    10.250    5.3352
    11.795    11.896    2.7851
     8.444    11.942    0.4742
     8.415     7.391    1.3405
    13.035    12.175    1.8037
    11.399     9.680    3.5832
     9.993    12.147    1.2654
     9.908    10.005    5.7893
     8.616    10.249    3.7632
    13.251    12.223    1.6139
    10.032     9.852    5.7476
    10.393     8.924    3.4188
     8.152     9.540    3.9518
     9.365     9.785    5.5605
    11.315     9.778    3.9567
     9.607     8.822    4.0898
    11.777     9.815    3.1155
    11.600    12.289    1.9451
     9.348     9.719    5.5549
    12.040    12.744    1.2282
    12.527     9.518    1.3343
    11.310     9.282    2.8230
     5.614     7.025    0.5748
     8.917    10.790    3.0508
     5.960     7.364    0.8699
     9.458     9.460    5.4609
     7.075     9.863    1.5985
     6.736     5.778    0.1502
    10.840    11.464    3.6309
    10.941    10.216    5.2379
     9.091     7.037    0.6100
     9.768    10.013    5.7419
    11.878    10.728    4.0535
     7.802    11.777    0.3035
     7.813    10.730    1.4094
     9.755     8.285    2.4606
    12.555    11.518    2.8450
    12.473    13.569    0.4058
     9.894     8.953    4.1636
     8.913    10.016    4.7557
    10.656    10.715    5.2257
    12.941    10.496    1.9789
     8.025     9.819    3.3620
    11.835    11.046    4.0475
     7.961     9.281    3.7771
     7.596     8.607    3.1139
    14.609    11.184    0.5447
    12.021     8.407    0.5123
     3.696     8.071    0.0848
     9.613     9.540    5.5539
    10.591     9.070    3.5202
     9.668    10.822    4.2151
    14.926    12.259    0.5005
     9.378    12.426    0.5088
    12.388    10.217    2.6112
     9.185     9.099    4.9158
    10.921     9.051    2.9194
     8.965     9.774    5.1188
    10.987    10.450    5.2554
    12.764     9.793    1.3933
     5.646     7.523    0.7685
     7.308     7.110    1.0585
    11.885    10.447    3.8703
     8.669     9.593    4.8024
     7.604     7.857    2.1840
     8.575     7.187    0.9720
    11.804     9.845    3.1212
    11.813    11.740    3.0941
    15.676    14.032    0.1014
    10.346    10.470    5.5396
     6.119    10.267    0.3594
     5.794     9.278    0.6494
    11.023    11.601    3.3636
     8.099     8.676    3.7149
     6.038     6.664    0.5078
    15.095    13.242    0.3006
     9.883     9.198    4.8078
    12.487    11.014    3.1032
    11.500    11.487    3.6777
     9.878    11.185    3.4965
    11.723    10.836    4.2879
     9.230     8.265    2.8669
     7.786     9.737    3.0077
    13.499    13.406    0.5267
     7.625     9.831    2.5654
    13.007    10.167    1.5158
     2.651     6.080    0.0212
     7.112     9.174    2.3519
    11.103    13.487    0.2618
     7.731     8.168    2.7303
    13.407    11.370    1.7924
    10.875     9.129    3.2019
     5.161     7.553    0.5273
    11.910    11.009    3.9724
    11.300    12.930    0.7774
    11.669     8.854    1.3794
     7.159     8.336    2.4217
     7.249     8.971    2.6779
     5.989     9.493    0.6898
    10.287    11.931    1.9650
    12.482     9.758    1.7496
     9.722    12.263    0.8862
    10.961    10.174    5.1797
    13.012    10.715    2.0654
    11.275     9.350    3.0484
     7.377     7.551    1.6535
    11.264    10.378    4.8879
     9.265     9.506    5.4367
    10.717     9.605    4.6692
    14.254    11.842    0.9356
    14.705    12.432    0.5937
    11.033     9.429    3.6941
    13.688    11.656    1.4713
     8.409     8.566    3.7511
    13.313    11.859    1.8116
    12.621     9.285    0.9329
    11.182    10.714    4.9715
    10.855     9.580    4.3795
    12.494    13.705    0.3242
     9.976    11.932    1.6737
    11.002     9.810    4.6035
    12.688    13.574    0.4183
     9.280     8.760    4.1479
     6.738     8.282    1.9271
     7.571     6.711    0.6221
    15.175    11.383    0.3035
     7.259     7.463    1.5017
    10.511    10.262    5.6448
     7.559     8.404    2.8975
    10.492    11.644    2.8859
     9.632    10.537    4.8721
     8.745     9.953    4.5572
    12.443    11.951    2.4532
     8.209     7.587    1.7457
     9.884    10.994    4.0426
     8.809     9.332    4.9891
    10.046     7.969    1.4511
    12.146    10.900    3.6442
     7.812    10.048    2.5735
    13.610    10.514    1.0780
     9.612     7.562    1.0489
     9.598     9.025    4.6222
    14.240    12.620    0.7785
     9.621     9.344    5.2796
    14.423    10.377    0.3659
    10.533    11.000    4.6418
     9.039     8.705    4.1022
     6.574     8.336    1.7591
    12.701    11.225    2.7777
    10.206    11.518    2.9505
    11.791    13.050    0.7704
     8.471     9.267    4.5740
     7.794    10.530    1.7068
    11.388     9.909    4.0712
    11.823    10.729    4.1413
     6.485     6.825    0.6864
     3.832     7.998    0.1073
     8.993    10.744    3.3024
     7.724     8.136    2.6781
     5.862     7.559    0.9026
     6.895     8.819    2.1732
     5.373     8.920    0.5021
     9.025     9.418    5.2256
     9.052     9.615    5.2944
    11.478    10.826    4.6017
     5.474     7.913    0.7327
     8.547     7.177    0.9673
    10.379     8.809    3.1196
    10.543    10.621    5.3605
     5.824     9.075    0.7680
     8.456     7.657    1.8202
    13.055    12.325    1.6353
     5.568     6.985    0.5441
    11.413     8.598    1.2403
    12.769    10.910    2.6002
    10.445     6.762    0.1178
    11.487     9.506    3.0202
     9.891    12.188    1.1170
    13.317    11.122    1.8474
    14.079    13.992    0.2157
    14.035    10.737    0.7972
    13.157    12.996    0.8943
    11.596     9.947    3.7302
     9.562    10.089    5.5426
    11.266    10.528    4.9324
    13.082    10.516    1.7768
     9.893     8.795    3.7234
    10.163    13.497    0.1213
    13.048    10.618    1.9256
    10.688    11.759    2.7418
     8.775    10.149    4.2749
    13.998     9.911    0.3838
    12.766    11.333    2.6676
    10.329    12.526    0.8858
     7.365     8.873    2.8788
     9.005     9.708    5.2126
    14.942    11.392    0.4087
     7.034     8.642    2.3851
     9.729    12.820    0.3353
     8.818     9.318    4.9911
    11.402     8.443    1.0121
    12.424    11.318    3.1362
    12.302    12.765    1.2228
    13.450    10.590    1.3272
    15.556    14.796    0.0403
    12.875    10.108    1.6369
     8.692     9.728    4.7393
     5.338     7.239    0.5444
    10.323    11.050    4.3717
    13.168    10.510    1.6426
     9.512    10.633    4.4728
    11.329    10.716    4.8233
     7.629     8.551    3.1075
    11.167    10.484    5.0540
    11.753    11.348    3.8023
    11.578    10.808    4.4893
    12.812    11.421    2.5803
     8.993     8.875    4.4827
    11.628     9.638    3.0423
     7.659     8.908    3.3318
    10.751    11.792    2.7043
    13.171    13.041    0.8502
    10.536     9.632    4.9995
    11.759     9.851    3.2207
    10.231     8.359    2.1241
     7.615    10.056    2.2015
    10.499     9.270    4.2084
     9.935     9.727    5.6823
    11.463     9.409    2.8428
    10.311     9.182    4.2567
     9.160    10.393    4.4667
    10.432     8.978    3.5126
    11.447    10.881    4.5991
    11.725     9.441    2.4399
    10.476     9.806    5.3739
    14.262     9.725    0.2083
     8.439     8.526    3.6867
     9.295     9.082    4.8778
    10.197     9.116    4.2385
    12.319    11.173    3.3434
    10.782    10.737    5.1772
     7.423     8.890    2.9694
     4.332     6.585    0.1696
    11.254    10.315    4.8613
    10.140     9.308    4.8027
     6.611     6.415    0.4221
     7.212     7.684    1.7777
     5.973     7.582    0.9784
     9.038     8.999    4.7254
    11.557    11.996    2.5641
    11.539    10.506    4.5265
     9.452     7.878    1.7497
    12.943    12.550    1.4277
    10.275    10.555    5.4054
    13.212    11.073    1.9792
     7.271     9.565    2.2689
    10.749    10.016    5.3091
    11.432    10.449    4.6687
     9.578     9.890    5.6845
    11.211    11.426    3.8343
     8.538    10.595    2.8347
    13.205    12.246    1.6237
    10.689     9.439    4.3303
    10.164    11.048    4.2236
    10.871    10.555    5.3172
     9.159     9.643    5.3990
    10.190    10.181    5.7587
    13.123    12.148    1.7694
    13.595    12.728    1.0110
     9.274    10.092    5.2042
     9.659    10.618    4.7216
    13.120    11.443    2.1694
     4.329     8.502    0.1659
     2.678     5.685    0.0172
    11.473    10.356    4.5357
     9.635    10.929    3.8745
    12.106    11.539    3.2657
    10.418     8.599    2.4965
     8.008     9.571    3.6490
     8.630     7.706    1.8605
    11.979    10.945    3.8984
     8.927     9.805    5.0382
    11.207    12.256    1.8699
    13.951    10.281    0.6075
    11.591    11.099    4.2551
    11.835    11.136    3.9778
    10.138    10.703    5.0515
     9.499     9.932    5.6108
    13.022     9.885    1.1758
    13.058    13.237    0.6850
     7.693    10.128    2.2203
     9.906     8.422    2.6624
    12.463    10.348    2.6445
    13.038    12.038    1.9345
     8.366     8.624    3.8322
     9.539     8.176    2.3830
    13.976    10.429    0.6738
    10.756     9.099    3.3243
     6.475     8.164    1.6089
    11.283     9.807    4.0773
     8.409    10.635    2.5128
     8.838     9.068    4.7679
     9.139    10.557    4.0438
     7.845    10.554    1.7427
     9.505     9.407    5.3975
     7.965     7.597    1.7924
    11.549    11.074    4.3205
    11.433    10.790    4.6714
    14.176    13.444    0.4197
     6.855     8.829    2.1117
     5.469     6.700    0.4106
    11.219    11.298    4.1125
     5.344     6.929    0.4562
     9.545    10.288    5.2524
     8.567    12.119    0.3960
    13.845    11.939    1.2777
    11.586    12.166    2.1978
    10.781    11.480    3.5547
     7.471     7.698    1.8941
    10.285     9.522    5.1032
     7.835     8.581    3.3556
     9.536    10.459    4.9122
     6.892    11.414    0.1758
     8.729    10.887    2.4881
    12.606     9.494    1.2034
     9.088    10.202    4.7384
     9.034    10.606    3.7298
     9.688    10.663    4.6531
    11.482    11.385    3.8820
     9.220    10.205    4.9468
    10.463    11.815    2.4099
    11.628     9.946    3.6649
     9.637    10.623    4.6805
     8.445     7.639    1.7883
    11.699    11.834    2.9237
     6.728     8.528    1.9695
     9.454    10.144    5.3627
     9.699     8.867    4.1271
     9.295     7.255    0.7795
     9.069    11.204    2.2638
     8.658     8.449    3.5568
    10.044    10.666    5.0513
    11.139    11.605    3.3956
    11.191    10.936    4.7467
     9.714     9.937    5.7434
    10.839    12.332    1.5114
    10.522    10.273    5.6371
    13.297    10.438    1.3966
    10.969    12.206    1.8514
     9.430     8.998    4.6550
     7.608    10.038    2.2183
    10.687    13.431    0.2191
    10.054    11.565    2.6519
    11.170    10.704    4.9884
    11.285    11.336    4.0270
     7.547     7.320    1.3448
     6.531     9.397    1.3130
     9.647     7.970    1.7974
     7.540     8.902    3.1500
     9.622     9.516    5.5267
    11.687    10.476    4.2573
    14.084    12.248    1.0042
    12.287     9.826    2.1793
     9.819    10.120    5.7039
     8.719    11.412    1.3690
     7.692    10.295    1.9425
     9.570     8.762    3.9577
    10.753    12.064    2.0308
     7.179     9.077    2.5201
    12.570     9.986    1.9510
    13.023    11.509    2.2812
     9.720    10.333    5.3735
     6.579     6.258    0.3363
     9.620     8.824    4.0837
     5.719     8.568    0.8596
     6.815     9.002    1.9836
     9.421     9.345    5.3136
     8.569     9.150    4.6380
     9.350     7.312    0.8277
     5.987     6.328    0.3387
    10.682    10.852    4.9993
    10.542    12.588    0.9107
     9.256    10.075    5.2033
    13.233    12.268    1.5855
     8.068    10.443    2.3125
     9.511     8.743    3.9547
     9.002    12.029    0.7102
     9.677    10.896    4.0261
    10.538    11.458    3.4402
    12.748    12.188    1.9615
    13.893    11.014    1.0801
    12.174    12.912    1.0105
    14.686    10.039    0.1692
    11.575    11.717    3.1834
     7.322     8.783    2.8119
    11.115     7.913    0.5786
     9.669    11.775    1.7055
     8.253     9.905    3.6836
    11.563    11.260    4.0586
     8.715     9.336    4.8918
    11.033     8.991    2.5843
    10.830    10.853    4.9955
     8.526     8.093    2.7517
     8.773     8.337    3.2764
    12.882     8.917    0.4147
     7.928     9.248    3.7339
    15.346    12.175    0.3229
     8.796     8.931    4.5436
    12.337    11.971    2.4809
    11.911     8.386    0.5590
     8.883     9.231    4.9809
     7.216     7.829    1.9627
     8.454    10.969    1.8740
    10.550     9.771    5.2317
    12.291    11.555    3.0841
     8.379     9.523    4.3736
    12.864    10.878    2.4245
    13.264    11.606    1.9600
     9.008    10.078    4.8194
    11.138    10.261    4.9976
     8.676     9.970    4.4032
    10.074     8.440    2.5156
    10.765    10.699    5.2304
    14.282    11.372    0.8428
    10.813    12.200    1.7666
    10.323     9.384    4.7520
     4.195     7.443    0.1942
     8.417     8.866    4.2206
     9.639    10.993    3.7023
    12.313    10.308    2.8779
    12.804    12.802    1.1541
    10.365    10.257    5.7029
     7.906     9.829    3.1087
    12.036     9.877    2.7271
     7.547     9.909    2.3071
     9.047     8.090    2.5360
    10.966    11.313    4.0602
     9.388     9.701    5.5812
     6.752     8.919    1.9302
     5.710     8.955    0.7252
     5.138     8.497    0.4724
    10.659    10.131    5.5053
     8.012     7.696    1.9707
    10.505     7.584    0.5733
     9.106    10.038    5.0371
    11.802     9.698    2.8331
    10.074    10.254    5.7024
     7.342     9.865    2.0146
    10.269    10.711    5.1258
    14.664    11.701    0.6246
     8.790     7.096    0.7790
    11.748     9.906    3.3492
     8.047     8.217    2.9663
     7.808     5.879    0.1319
     8.362     8.980    4.2892
    13.721    11.779    1.4250
     9.231    11.007    3.0202
     9.342    11.815    1.2962
     8.982     9.623    5.2148
    11.003    10.556    5.2147
     7.655     9.947    2.4443
    12.302    10.151    2.6763
    13.828     9.241    0.1903
     8.450     7.528    1.5723
     8.335     9.014    4.2880
    11.984    12.429    1.7429
     9.234    11.640    1.5156
    10.598     9.243    3.9776
     9.713    10.368    5.3082
    11.530     9.573    3.0894
     6.013     7.257    0.8376
    11.652    11.942    2.6929
    10.522     8.445    1.9827
    11.044    10.161    5.0484
     2.719     9.098    0.0051
    15.066    13.398    0.2738
     8.969     9.466    5.1967
    11.305    11.880    2.7731
    11.793    11.649    3.2729
     9.938    11.784    1.9679
     8.403    10.489    2.8244
    13.855    10.272    0.6753
    10.106     9.059    4.2016
    13.352    13.945    0.2449
     4.873     8.717    0.3043
     8.471     7.841    2.1998
    11.234    11.724    3.1304
     9.884    12.706    0.4751
    10.513     9.503    4.7593
     8.474     8.993    4.4119
     7.392     9.064    2.8831
    15.744    13.027    0.1905
    10.544    11.575    3.1221
    13.891    10.858    1.0003
    10.209     8.460    2.4032
    15.343    13.252    0.2465
    11.689     9.469    2.5638
    16.567    11.237    0.0315
     9.167     9.655    5.4058
    13.316    11.843    1.8173
     8.067     9.695    3.6180
    10.987    11.439    3.7593
     9.372     9.790    5.5647
    11.179    10.667    5.0008
    12.512     9.366    1.1477
     6.723     9.776    1.2187
    11.210    10.506    5.0021
    12.597    11.702    2.6395
     9.365    10.331    4.9287
     9.279    11.480    1.9073
    10.442     9.732    5.3022
    10.120    10.361    5.6107
     9.818     8.300    2.4326
    13.866    11.736    1.2848
    12.015    11.436    3.4765
     9.348     9.506    5.4747
    14.377    11.440    0.7827
     8.691     8.430    3.5122
     9.353     9.186    5.0631
    11.778    10.914    4.1896
    11.530    10.529    4.5500
     9.188     7.730    1.6201
     6.742     8.379    1.9626
     6.955     9.901    1.3863
     9.599    10.702    4.4302
    13.420    11.165    1.7224
    11.228     9.746    4.0588
     9.204     9.801    5.4001
     9.868     9.376    5.2082
     9.066    11.105    2.5021
     6.883     9.164    1.9899
    11.371    12.689    1.1370
     8.156     7.796    2.1583
    10.378    10.304    5.6785
    11.999    10.344    3.5377
    12.459     8.862    0.6319
    12.014    11.179    3.7398
     9.902    11.523    2.5840
     8.073     9.667    3.6648
    10.364     9.878    5.5741
     9.924     9.307    5.0221
     9.056     9.283    5.1396
     9.736     7.480    0.8573
     6.214     9.014    1.1827
    12.338    10.975    3.3408
     9.926     8.922    4.0419
     8.611     9.394    4.7737
    10.682     7.152    0.2130
    10.747    11.214    4.2271
     9.567    10.596    4.6451
    10.869    10.158    5.2875
     7.446    10.110    1.8358
     9.867     8.321    2.4365
     7.515     8.942    3.1118
    11.273    12.283    1.8428
     9.569    10.818    4.0794
    10.795     9.086    3.2237
    12.005    12.052    2.4478
    11.046    10.561    5.1736
    12.260    11.935    2.5743
     7.564     9.914    2.3315
    13.350    12.849    0.9908
     8.011    11.400    0.7176
     9.260     9.805    5.4572
    13.103    11.213    2.1823
    12.013    10.560    3.7291
    10.398     9.941    5.6062
    10.933    11.582    3.3694
    12.300    11.759    2.8181
    11.753    12.862    0.9993
    11.579     8.319    0.7114
    11.357    10.900    4.6668
     9.333     7.869    1.8170
    11.000     9.986    4.9047
     8.205     9.229    4.1910
    11.060    13.118    0.5075
    11.905     9.254    1.7750
     5.079     7.948    0.5034
     6.227     7.987    1.3203
    11.665     9.119    1.8748
     8.582     9.978    4.2135
    10.964     8.772    2.1587
     6.474     7.804    1.4351
     8.889     9.907    4.8673
    10.007    11.365    3.1492
     9.696    13.015    0.2201
    11.893    11.421    3.5941
     8.311     9.877    3.8435
     7.839     6.111    0.2074
     9.058     9.666    5.2923
     7.952    10.183    2.5971
     8.938    11.635    1.2149
     4.635     6.931    0.2674
    13.225    12.145    1.6976
    10.619     9.583    4.7770
     3.481     5.661    0.0382
    13.365    10.795    1.5966
    12.525    11.638    2.7726
    11.132    10.793    4.9465
    10.002    10.678    4.9861
     8.738     8.447    3.5464
    12.620    11.445    2.8157
     7.984     8.421    3.2751
     8.965     8.471    3.5514
    12.839    11.488    2.5200
    12.712     9.069    0.6357
     8.077     9.224    3.9893
    13.163    12.240    1.6572
    10.602     9.178    3.7954
     8.100     7.817    2.2024
     9.848     8.863    3.9659
    11.244    10.439    4.9434
    11.129     9.400    3.4438
    10.203     8.535    2.6095
     7.916     8.174    2.8364
     8.172     9.629    3.9000
    10.819     8.684    2.1573
    12.868     9.080    0.5372
    13.283    11.514    1.9526
     7.969     9.036    3.8177
    11.178    10.394    5.0178
     7.102     8.283    2.3235
    11.343     9.730    3.7993
    12.908    11.064    2.4394
     5.633     7.797    0.8234
     9.164     7.995    2.2275
    10.951     9.618    4.2966
    10.247     8.760    3.1682
    13.372     8.537    0.1085
    12.269    11.584    3.0709
     5.396     8.511    0.6270
     7.320     8.304    2.5649
    10.487    11.452    3.4133
     5.310     7.865    0.6301
     9.285    10.370    4.7262
    11.866    11.333    3.7344
    12.057    12.375    1.8435
     9.066    10.041    4.9706
     7.854     8.975    3.6349
     9.724    12.052    1.2168
    13.002    10.323    1.6989
    12.222    10.840    3.5070
    11.165    12.134    2.1167
    12.329    11.520    3.0855
    10.900     9.209    3.3708
     7.629     6.724    0.6282
     9.687     9.937    5.7308
     9.994     9.574    5.4669
     5.232     7.559    0.5616
     7.682     6.397    0.3687
    10.841    10.056    5.2312
     8.607    10.130    3.9882
    10.951    11.690    3.0989
     9.727     9.921    5.7515
    11.916    11.030    3.9555
     8.715    10.753    2.7823
     5.777     9.700    0.4396
     9.351    10.438    4.6841
     9.552    11.867    1.4014
     8.117    11.698    0.5023
    12.435    12.834    1.1341
    10.962     7.873    0.6247
     5.832     7.421    0.8309
    11.964     9.529    2.2024
    10.787     8.465    1.7068
     7.187     9.152    2.4921
     8.090     7.083    0.9598
    11.534    11.441    3.7577
     9.050     8.248    2.9378
     9.655     9.146    4.8668
     6.840    10.654    0.5451
     7.473     7.256    1.2532
     9.376     9.308    5.2605
     9.693     8.516    3.1520
     8.041     8.985    3.9052
    10.582    11.396    3.6458
     9.475    11.101    3.1526
     8.480    10.083    3.8249
    10.787    11.903    2.4458
     4.501     8.662    0.1902
    10.435     7.782    0.8444
    12.517    11.893    2.4857
    12.727     8.067    0.1108
    11.114    11.357    3.9851
    13.190    10.690    1.7700
    15.702    12.374    0.2179
    11.206    11.385    3.9272
    12.585    12.464    1.6415
     9.893    10.394    5.4331
    10.466    11.181    4.1416
     9.371    10.405    4.7877
    11.931     9.904    2.9813
    11.566     9.275    2.3584
    11.098    12.303    1.7171
     9.278     8.357    3.0779
    11.197    10.264    4.9090
    11.411    10.375    4.6559
     6.521     8.354    1.7029
     9.234     9.424    5.3607
    10.150     9.882    5.7209
     6.156     9.421    0.8799
    12.186    10.981    3.5812
     8.667     8.425    3.5018
    13.030     9.804    1.0774
    11.791    10.636    4.1673
     9.915     8.447    2.7201
    11.835    11.987    2.5966
    12.727     9.556    1.1397
     7.561     7.253    1.2518
     7.679     9.237    3.3008
     8.659     9.248    4.7922
    10.015     9.835    5.7423
     9.620    10.337    5.2581
     7.375    10.159    1.6555
    10.345     9.644    5.2644
    10.437    11.184    4.1081
     9.338     9.941    5.4520
    12.381    11.494    3.0577
    13.933    13.158    0.6136
    10.923    12.379    1.4710
     6.704     7.678    1.4986
     7.924     8.103    2.7159
    12.410    10.671    3.0792
    11.858     9.063    1.4998
    11.630    10.898    4.3844
     8.272    10.236    3.1103
    12.258    10.744    3.4026
    10.224     9.426    4.9739
    13.113     9.044    0.3755
     6.921     7.869    1.8164
    10.153    11.152    3.9259
    10.410     9.006    3.6244
     8.068     9.529    3.8043
    11.409     9.716    3.6383
     8.763     8.770    4.2475
     8.653     8.282    3.1697
    11.025    13.978    0.0861
     7.583     8.750    3.1779
    13.363     9.922    0.8466
     9.595     8.396    2.9157
     7.650     9.021    3.3214
     7.425     9.577    2.5302
     7.087    10.632    0.7497
    11.205    10.672    4.9735
     9.630    10.603    4.7178
    12.052    10.440    3.5435
    12.945    11.743    2.2564
     9.867    13.049    0.2415
    13.245    13.106    0.7819
    14.639    10.861    0.4253
     9.653    10.957    3.8229
    11.770     9.918    3.3268
    10.214    13.493    0.1284
     9.796     7.762    1.2615
     7.423    10.129    1.7730
     8.807    11.016    2.3107
     9.029     7.884    2.0524
     3.114     8.398    0.0256
     8.741     8.281    3.1495
     9.504    11.250    2.7869
     9.632     6.756    0.2503
     9.108     6.629    0.2863
     9.225    11.356    2.1224
     9.770     8.495    3.0124
    12.693    10.057    1.8510
     9.208    10.863    3.3660
     9.767    10.842    4.3001
     9.120    10.544    4.0385
    10.868     9.737    4.6937
     9.578    10.542    4.7887
     8.912     8.057    2.5286
     9.517    10.731    4.2305
     8.962     9.304    5.1014
    10.079    10.078    5.7908
     9.584    10.527    4.8320
    12.470    11.136    3.1316
     3.766     9.364    0.0277
     9.394     9.132    4.9547
     9.856     9.323    5.1107
    14.407    12.865    0.6103
    10.245     7.864    1.1003
    11.002    12.414    1.4462
     6.585     9.211    1.5238
    11.651     9.730    3.1901
     5.561     8.864    0.6449
     7.521     9.725    2.5199
     7.053     8.629    2.4104
    10.002    12.436    0.8238
     9.643     8.575    3.3685
    10.576    12.143    1.7256
     9.594     9.721    5.6833
     6.085     9.179    0.9559
     9.695    10.236    5.4918
    12.326    11.630    2.9653
    13.522    12.858    0.9335
    10.359     9.781    5.4638
     8.779     9.673    4.9213
    11.768    11.083    4.0970
     9.155     8.507    3.5590
     7.803     6.124    0.2157
    12.815    11.646    2.4624
     9.587     9.473    5.4778
    13.046    10.928    2.1594
    11.320     9.964    4.3011
     7.179     6.540    0.5052
     7.237     9.521    2.2594
    13.923     9.843    0.3903
    10.288    12.418    1.0195
    10.093     8.479    2.5959
     8.579     7.554    1.5765
     9.084     9.045    4.8135
    13.090    10.256    1.4973
    12.211    10.268    3.0207
     9.896    10.475    5.2976
    11.562    10.417    4.4314
     6.433     9.481    1.1298
     7.997    10.423    2.2260
     8.558     9.423    4.6981
     7.776     7.369    1.4189
    11.967     9.335    1.8314
     8.188     9.837    3.6602
     6.640     9.073    1.6900
    12.427    11.464    3.0328
    11.503    10.888    4.5350
     8.629    10.179    3.9333
    14.550    11.758    0.7077
    10.556    11.486    3.3783
     7.428    10.050    1.8952
     7.573    10.262    1.8058
     7.997     9.575    3.6216
     7.997     8.758    3.6996
     6.346     8.880    1.4026
    12.423    12.741    1.2600
     7.527     9.103    3.0969
     7.681     8.184    2.7236
    11.982     9.568    2.2444
     9.671    11.556    2.2165
    10.940     9.436    3.8819
     7.918     8.522    3.3656
    10.888    11.115    4.4968
    10.774    10.824    5.0490
    10.518     9.790    5.3025
    10.497     9.106    3.7688
    11.792     9.854    3.1613
     9.188     9.010    4.7479
     8.732    10.158    4.1760
     9.073     9.320    5.1855
    11.085    12.762    0.9180
    12.233     8.674    0.6159
     9.911    10.232    5.6551
    11.645    11.218    4.0644
    12.945    11.506    2.3803
     7.679     9.596    2.9840
     7.963     9.169    3.8122
    15.080    13.677    0.2126
     7.820     9.417    3.4347
     9.660    10.853    4.1199
    10.874     9.328    3.7259
     8.617     8.039    2.6040
     4.713     7.316    0.3304
    11.710    12.125    2.3074
     9.545    10.918    3.7682
    11.027    10.542    5.1980
     8.346     8.905    4.2025
    10.068    10.900    4.5158
    11.933    10.021    3.1858
    14.823    11.755    0.5345
    11.046    11.102    4.5266
    11.202    10.224    4.8667
    11.386     9.294    2.7151
    12.653    12.056    2.1855
    12.446     9.718    1.7451
    10.027     8.626    3.0810
     9.000     9.134    4.9326
    11.130    10.326    5.0520
     7.965     9.531    3.6068
    11.333    10.679    4.8326
     8.499     8.569    3.7870
    17.306    14.348    0.0171
    14.546    10.700    0.4210
     9.688    12.426    0.6612
    10.490     8.336    1.7745
    13.193     9.466    0.6125
    11.222    10.985    4.6632
     8.373    10.321    3.1307
     6.590     8.738    1.7668
     9.656     9.204    4.9946
    10.195     7.720    0.9168
    14.863    12.070    0.5341
     8.655    12.518    0.2024
    11.919     9.888    2.9745
    12.019    11.745    3.0052
     8.887     9.899    4.8756
     8.890     7.571    1.4744
    11.176    11.428    3.8272
     8.030    10.742    1.6856
    11.330     9.189    2.5661
     8.627     8.313    3.2466
     8.779     9.960    4.6077
     5.727     8.695    0.8317
    14.020    14.610    0.0773
     7.883     9.972    2.8361
     7.067     8.253    2.2663
    11.473     9.512    3.0593
    11.049     9.951    4.7694
     9.925     9.953    5.7945
     6.448     9.933    0.7896
     9.355     9.606    5.5367
     7.327     9.646    2.2733
     8.973     8.673    4.0412
    11.841    11.116    3.9888
    11.209    10.691    4.9598
    11.925    13.140    0.6984
    10.566    10.041    5.5359
     9.665     9.449    5.4308
     6.831     7.630    1.5265
    11.363    11.524    3.6157
     6.728     8.028    1.7868
    10.943    12.163    1.9299
    10.724    11.368    3.8201
    10.294     7.865    1.0641
     9.326    10.397    4.7339
     9.592    10.851    4.0246
     9.060    10.215    4.6658
    13.589    10.554    1.1313
     7.265     7.899    2.0780
     9.098     9.457    5.3019
    10.251     8.395    2.1886
    10.097     9.825    5.7034
    10.417     9.758    5.3713
    10.873    12.030    2.1913
    11.469    10.472    4.6209
    11.867    10.763    4.0769
     8.832     8.424    3.4726
    10.859    11.781    2.8053
     7.345     6.088    0.2344
    11.653     9.719    3.1642
    10.737     9.815    5.0454
    13.060    11.975    1.9710
     8.812     8.751    4.2171
    10.456    14.001    0.0486
    11.946    11.390    3.5932
    12.952    11.097    2.3812
    12.064    11.504    3.3462
     9.214    10.436    4.4620
     7.837     7.811    2.1702
    12.353    12.908    1.0328
    11.532    11.429    3.7819
     8.860     9.524    5.0851
    11.149    11.617    3.3674
     8.704     9.512    4.8861
    12.462     9.981    2.1251
    13.234    11.197    1.9908
     3.533     6.371    0.0690
     9.540    10.040    5.5682
     8.365    10.019    3.7135
     9.663     8.612    3.4523
    10.053     7.505    0.7182
    14.159     8.476    0.0260
    12.169    11.697    2.9958
     8.604    11.080    1.8655
     8.859     9.756    4.9788
     8.168    10.344    2.6891
     8.832    10.150    4.3805
     9.356    10.128    5.2629
    10.707     9.100    3.4093
    15.634    11.596    0.1854
     6.723     9.787    1.2083
     9.666     9.571    5.5832
    12.441    11.100    3.1784
    10.494     7.601    0.5958
    14.297    12.480    0.7986
    10.897    12.106    2.0292
     9.033     9.107    4.9038
     8.174     9.868    3.5850
    12.747    13.385    0.5608
    10.152     9.814    5.6648
    15.441    13.528    0.1888
    10.008     9.274    4.8654
     9.727     8.875    4.1241
     6.736     8.127    1.8534
    10.482    10.969    4.6860
    11.125     9.005    2.4701
     6.126     8.140    1.2651
     5.615     8.639    0.7555
    10.097    10.297    5.6703
    12.305    10.816    3.3550
    11.932     9.690    2.5710
    11.842    11.500    3.5089
     8.027     7.387    1.4247
     9.139     9.613    5.3805
    13.275    10.800    1.7285
     7.450     7.066    1.0083
    10.497     9.984    5.5561
     9.204    11.139    2.6287
     9.639     9.356    5.2931
    10.718    11.278    4.0500
     3.504     8.069    0.0631
     7.091     8.448    2.4067
    12.682    12.773    1.2036
    12.095     9.478    1.8909
    13.597     9.568    0.4219
     7.668     6.252    0.2873
    10.380     8.781    3.0402
     9.657    11.282    2.9199
     7.593     8.606    3.1095
     9.936    10.339    5.5438
    12.277     9.587    1.7944
    13.040    11.258    2.2808
    10.805    12.080    2.0293
     8.591     9.103    4.6233
    12.024    10.013    2.9932
     9.901    11.095    3.7811
    10.339     9.373    4.7043
     9.378     8.684    3.8915
     5.709     8.311    0.8969
     8.249     9.827    3.7972
    11.990    10.076    3.1646
    10.270    11.509    3.0442
     8.498     7.743    1.9834
     8.532     7.864    2.2325
    10.674     9.394    4.2423
     9.618     9.869    5.7108
     7.904    10.100    2.6561
    10.895    11.006    4.7207
    12.958    10.667    2.1136
    10.192     8.607    2.8180
    12.092    11.312    3.5380
     3.949     7.363    0.1447
    10.347    11.836    2.2493
    11.720    12.079    2.4044
    11.921    10.069    3.2917
    10.142     9.753    5.6070
    12.728    10.843    2.6325
     9.136    10.692    3.6933
     8.699    11.344    1.4690
     7.801     9.765    2.9967
    10.161     8.790    3.3723
     9.316    10.473    4.5479
     7.114     9.608    1.9577
    10.949    10.299    5.2718
     7.794     8.762    3.4623
    13.755     9.139    0.1797
    12.440    10.333    2.6708
     9.377    11.870    1.2327
    10.979    10.614    5.2039
    10.622     9.222    3.8804
    12.038    11.970    2.5956
    14.725    12.951    0.4702
     9.885    10.435    5.3579
    10.796    10.277    5.4309
     6.204     7.531    1.0904
    12.688    13.070    0.8546
    13.158    11.238    2.1092
     8.109     6.690    0.5290
     4.871     8.374    0.3621
    14.285    12.634    0.7509
    11.644    10.659    4.4110
    11.051     9.149    2.9529
    12.602    10.029    1.9609
    13.807    11.632    1.3455
    10.741     8.594    2.0510
     9.274     9.249    5.1669
     9.353     9.530    5.4943
    12.309    10.106    2.5935
     9.190    10.149    4.9951
    10.643     9.615    4.8074
     9.810    10.805    4.4576
    12.205    13.335    0.5554
    11.804    11.137    4.0106
    15.085    13.448    0.2596
    11.564     9.477    2.8099
     7.798     9.189    3.5308
    11.264    10.618    4.9282
    14.496    12.177    0.7444
     9.284     8.427    3.2614
    13.512    10.191    0.9269
     6.363     5.577    0.1078
     9.263    10.097    5.1825
    12.025     9.380    1.8240
     6.319     6.658    0.5473
    10.730    11.077    4.5460
    12.191    10.958    3.5735
    10.161     8.980    3.9102
    12.457    10.988    3.1486
    12.560    12.934    1.0085
    11.299    12.418    1.5810
    10.110     8.861    3.6424
    11.731     8.415    0.7081
     8.219     9.400    4.1694
     9.112    11.109    2.5650
    11.777     8.874    1.2838
     9.620     8.872    4.2132
     7.413     9.547    2.5428
    10.798     8.344    1.4495
     4.658     8.659    0.2370
     8.229     8.501    3.5518
     5.216     9.573    0.2334
     6.590     9.278    1.4823
     3.821     8.323    0.0881
     9.049    10.019    4.9757
     5.875     7.245    0.7718
     7.720     8.234    2.8216
     8.880     7.803    1.9548
    10.045    11.074    4.0197
     8.699     9.588    4.8494
    10.167     7.656    0.8457
    12.957    11.824    2.1858
    12.544    12.088    2.2020
     7.272     7.257    1.2364
     9.800    10.302    5.4940
    11.245    10.791    4.8596
     5.035     8.834    0.3485
     9.272    13.025    0.1389
    10.937    11.708    3.0439
     6.124    10.124    0.4327
     9.253     8.998    4.7149
    11.186    10.722    4.9621
     7.154     8.608    2.5438
    11.273    10.899    4.7362
    13.331    12.178    1.5933
     9.174     9.882    5.3095
     8.934     7.182    0.8350
    11.571    11.409    3.8035
     6.823     9.197    1.8765
    10.937     8.567    1.7388
     8.270    10.733    2.0703
     6.680     7.884    1.6479
     9.398     8.641    3.7615
    11.080     9.307    3.3005
     7.687     9.498    3.1082
    11.111    11.475    3.7050
     6.233     4.711    0.0174
     6.811     8.881    2.0315
     9.010     9.549    5.2518
     8.048     6.970    0.8269
    10.620    11.929    2.2534
    11.731    11.052    4.1639
    12.617    12.681    1.3314
     8.588    10.673    2.7463
     7.911     9.340    3.6580
     7.513     7.887    2.1932
     5.876     6.439    0.3752
     9.066     9.062    4.8402
    12.078     9.505    1.9672
     6.969     8.607    2.2930
    12.513    10.645    2.8702
     7.883     6.428    0.3661
     6.221     7.552    1.1128
     8.155     8.335    3.2242
    10.632     8.778    2.6622
     8.208     7.903    2.3721
    10.762    11.350    3.8869
     7.021     7.387    1.3418
     8.355     9.401    4.3936
    10.260     9.929    5.6948
     7.758     7.701    1.9655
    11.947    10.719    3.9350
     8.434    11.019    1.7453
    15.157    10.827    0.2043
     8.329     7.761    2.0642
     8.561     9.445    4.6975
    10.225    11.034    4.3237
     9.024     8.797    4.3161
    12.360    14.053    0.1626
     9.997    10.291    5.6370
    13.280    10.068    1.0645
     9.502     7.535    1.0720
     8.571     8.416    3.4819
    13.542     9.767    0.5787
     9.654    10.837    4.1554
    13.906    12.060    1.1943
    12.351    12.431    1.7319
     8.851     7.379    1.1547
    11.481    11.284    4.0641
     7.930     9.049    3.7620
     5.920     6.178    0.2738
    10.649    10.994    4.7037
     9.513     9.936    5.6203
     9.681    10.716    4.5109
    10.676     7.228    0.2502
    10.817    10.671    5.2464
     9.609     7.540    1.0163
     9.980    12.427    0.8220
     8.854    10.467    3.7362
    11.369    10.579    4.7991
     7.900    10.168    2.5262
    12.163     9.712    2.1976
    14.082    12.292    0.9915
     9.070     7.931    2.1372
    13.553    11.131    1.5345
     9.954     8.711    3.4107
    10.212     7.990    1.3462
     8.815     9.612    5.0064
     7.744     8.868    3.4467
     5.129     7.067    0.4277
     7.497     7.914    2.2261
     7.884     8.141    2.7658
     9.149     9.698    5.3811
    11.080    11.785    2.9194
     7.962     8.520    3.3987
    10.486     8.883    3.1667
    14.045     9.995    0.3986
    11.956    11.348    3.6367
    10.569    10.639    5.3362
    12.403    11.755    2.7479
     8.774     7.970    2.3870
    11.156    12.996    0.6554
    11.413     9.942    4.0821
     4.233     7.633    0.2015
     5.393     9.470    0.3327
    14.165    11.091    0.8486
     8.410     7.096    0.8991
    13.194    11.517    2.0624
    10.936    11.020    4.6923
    12.287    11.709    2.8965
    10.045    10.620    5.1485
    14.354     9.550    0.1397
    12.046    10.097    3.0884
    10.852    11.473    3.6137
    10.461     8.954    3.4013
    12.676     8.352    0.2078
     7.982     9.461    3.7031
    12.973     9.964    1.3261
     9.599     9.312    5.2311
     7.454     7.685    1.8703
    10.828    10.702    5.2072
     7.075    10.468    0.9008
    13.497    11.031    1.5612
    11.725    11.554    3.4762
     7.212     9.879    1.7865
    16.485    11.932    0.0643
    11.477    10.809    4.6118
    11.462     9.717    3.5370
    11.517    10.324    4.4284
     7.425     9.013    2.9546
