   1.4308696e+00   2.5272498e-01
  -5.1120712e-01  -9.9823547e-01
   2.2860128e-01  -2.1674711e-01
  -1.8292658e+00   3.2191816e-01
   1.0533786e-01   4.8452415e-02
   1.3881479e+00   9.4139174e-01
  -3.4046280e-01  -1.4550132e+00
   5.6546997e-02   3.7731996e-01
   1.0467640e+00  -1.7377527e+00
  -3.8168383e-01  -7.7841915e-01
   1.4553103e+00  -5.6913850e-01
   1.4921026e-01  -2.2953401e+00
   8.7219708e-01   8.6281519e-01
   1.6476172e+00   2.5198368e-01
  -4.1821937e-01  -6.9188866e-02
  -1.4640995e+00   8.2624258e-01
  -8.6766977e-02   7.0585060e-01
  -1.6689284e+00   8.5315899e-01
  -1.8642314e+00  -2.4586951e-02
  -3.0658506e-01   2.7343108e-01
  -1.9145116e+00   1.3220668e+00
  -9.4436986e-01  -3.8253573e-01
  -1.7330875e-01  -1.0781591e+00
  -1.3350350e+00   1.6674259e+00
  -8.3744480e-01  -1.4392497e+00
  -3.1193268e+00   2.9452281e-01
  -3.1664620e-01  -3.5522315e-01
  -1.2394393e+00   1.1397033e+00
   1.1431840e-01  -7.9262166e-01
  -7.9710093e-01  -1.9077306e+00
   6.0792846e-02  -1.5716008e+00
   8.5244287e-01   3.6326579e-01
   6.6707795e-01   1.5573934e+00
  -1.4848418e+00   9.4142224e-01
  -1.0041326e+00  -3.4897551e-01
   7.1448902e-01  -1.1660831e+00
   2.8228267e+00  -9.5600547e-01
   4.4587518e-02  -5.6236636e-01
  -1.3054939e+00  -1.2172977e+00
  -1.2771558e+00   1.1479131e-01
  -6.8592247e-01  -9.3294514e-01
  -1.0664217e+00  -4.2635068e-01
   1.2302239e+00  -1.8702685e+00
   9.9509016e-01   1.4546356e+00
   1.7416686e+00   4.9226890e-01
  -5.1967401e-01  -7.7437366e-01
  -1.0518497e+00  -2.4740798e-01
  -1.6381677e-01   6.3461775e-01
  -7.9687904e-01  -2.1188929e-01
   1.5003571e+00   4.9398123e-01
   1.5123883e+00  -5.5279647e-01
   2.6997533e-01  -3.8312582e-01
  -9.0826759e-03   1.0317413e-01
  -2.0079013e+00  -1.5076072e+00
   1.4067856e+00   3.0155625e-01
  -5.9361614e-01  -2.2463023e+00
  -7.9129377e-01   3.1308781e-01
   1.4951020e+00  -2.2314313e+00
   2.3950180e-01   1.5686507e+00
   4.6457988e-01  -2.1615500e+00
   1.9773286e+00   6.2605640e-01
  -1.1319566e+00  -1.5647273e-01
  -5.7569390e-01   4.9565933e-01
  -5.1421292e-01   4.2604055e-01
  -5.7877655e-01  -7.5540860e-01
   1.6334700e+00  -6.9409532e-01
   6.5581808e-01   1.0551361e+00
  -4.3487919e-01   2.4779182e-01
  -2.4573889e+00   3.6273049e-01
   3.4615220e-01   1.3073450e+00
  -1.2487940e+00   1.0334670e+00
   1.7601639e+00  -8.4608311e-01
   8.2292850e-01  -4.8867348e-01
   8.2780190e-01  -1.0558793e+00
   4.1436271e-02  -1.9709413e+00
   1.2505915e+00  -1.6884259e+00
   7.7570052e-01  -1.1464059e+00
   5.5857939e-01  -1.3291850e+00
   1.2335653e-01   1.0719907e+00
   1.0203754e+00   6.4723798e-01
   4.3461998e-01   4.0726272e-01
   1.1307017e+00  -6.5873075e-01
   6.2020068e-02   2.2832920e-01
   7.9621778e-01  -2.2460390e-02
   9.8338100e-01  -8.3606381e-02
  -1.2575646e+00  -7.6969315e-01
  -1.3477150e+00  -1.0681004e-01
  -1.0545888e+00   6.2554019e-01
   1.7174776e+00  -6.9582841e-01
  -5.3352815e-02  -1.4846077e+00
   1.2744999e+00   1.6519964e+00
   6.9113604e-01   1.1879411e-01
  -1.0953924e+00   1.2957337e+00
  -9.5261948e-01  -1.0529614e+00
  -5.1809696e-01   2.1091397e-01
  -4.2744059e-01  -1.3207418e-01
   1.2908164e+00  -7.5241922e-01
  -6.6966660e-01  -1.5276162e+00
  -7.0529429e-01   5.7444243e-01
  -6.9652077e-01  -5.0264952e-01
   3.0553954e-02  -7.0604429e-01
  -2.1063333e-01  -1.2744811e-01
   1.7410812e-01  -7.5522574e-01
   3.2142358e-02  -6.8329376e-01
   7.8407100e-01   7.3759104e-01
  -1.0118379e+00   6.5108548e-01
   7.0496630e-01   2.5407986e-01
   5.7888833e-01   1.6374104e+00
   5.5686613e-01   5.3993433e-01
  -6.7422838e-01   7.0661195e-02
   4.0360992e-01  -7.2830369e-02
  -4.2064556e-01  -8.3821485e-01
  -7.3725203e-01   2.0820168e-01
   2.1273329e-01   3.2868588e-01
   4.1312181e-01   1.1838576e+00
   3.3740744e-01   2.1687939e-01
   1.3208429e-01   8.6230748e-01
  -1.7474355e+00   1.5317697e-01
  -1.7057669e+00  -3.5111575e-01
  -6.2959819e-01  -2.6171827e-01
   9.1259416e-01  -4.2980210e-02
   8.3117725e-01   1.4670412e+00
  -6.1650684e-01  -1.1095727e+00
   2.8548939e+00  -9.4420385e-01
   1.5572290e+00   1.8969904e+00
  -6.3113186e-01  -1.2081456e+00
  -5.1897556e-01   4.6027050e-01
   4.2973929e-01  -1.1313428e+00
   6.1887881e-01  -1.0865736e+00
   9.6794129e-01  -5.8646078e-01
  -3.4161856e-01   4.8843335e-01
  -7.8006958e-01   1.6842807e-01
  -3.9236674e-01  -4.5807710e-02
  -5.4525661e-01  -6.3297309e-01
  -1.6788053e+00   4.4140906e-01
  -6.8155649e-01  -1.9974592e+00
   6.1261777e-02  -1.3603191e-01
   2.4574480e+00   9.7768085e-01
  -3.3424366e-01   4.3538321e-01
  -5.2830579e-01  -8.5509196e-01
   4.9582366e-02  -1.5196935e+00
  -9.6234942e-01   6.3446547e-01
   6.5827329e-01  -1.0197913e+00
   2.9646494e-01  -5.4755484e-01
   1.2252351e+00   4.3801070e-01
  -1.4333216e+00   1.7077500e+00
   8.7560735e-02  -5.3717476e-01
  -3.4661070e-01   1.4198996e+00
   1.3398452e-01   4.7470985e-02
   4.9881736e-01  -1.7406427e+00
  -1.2222382e-01  -5.0533788e-02
  -4.1814496e-01   4.6914510e-01
   6.4060250e-01  -5.7406876e-01
   8.6078444e-01   3.6007838e-01
   2.4743184e+00  -1.7980057e+00
   8.0619437e-01   1.0545541e+00
   3.2034399e-01  -1.6069452e+00
   2.0764873e-01   3.2767683e-01
  -4.2145324e-01  -3.2534779e-01
   4.5049899e-01   6.5821913e-01
   1.5228074e+00  -2.3715345e+00
  -5.8560350e-01   1.0145181e+00
  -2.2320687e+00  -4.0551466e-01
  -8.4795896e-01  -1.0309641e+00
   1.8222808e-01   2.0614094e-01
  -9.6901789e-01   8.2135527e-01
   5.7958066e-01  -6.5836319e-01
  -4.3875151e-01   4.9367465e-01
  -1.2309741e+00   1.6992844e-01
  -1.5755707e+00   6.4812599e-01
   9.9931455e-01  -1.1966166e+00
   9.7917630e-01  -3.6019604e-01
   1.2751084e+00   9.8200583e-01
   7.5286370e-01   1.8273281e-01
  -2.3695732e+00  -7.1733286e-01
   1.8191987e+00   2.8771139e-01
   3.9070253e-01   1.2799441e+00
  -8.5518162e-01  -1.9994319e-01
  -4.6661925e-01   1.7755026e-01
  -5.7673732e-01   7.6855263e-01
   7.5238447e-01   1.4835044e-01
  -2.8675536e-01   2.5762859e-01
   3.6351765e-01   5.0151987e-01
   9.4186389e-01  -2.9249243e-01
  -6.2302082e-01  -1.8463103e-01
   2.0980119e+00   5.7277306e-01
   4.2171067e-01  -3.7600913e-01
   2.9941204e-01   3.4021510e-01
  -6.7442130e-01   1.8288100e+00
  -1.8545564e-01  -2.8147939e-01
  -6.9386135e-01  -3.7860584e-01
   1.2263683e+00  -2.7519875e-01
  -2.3473320e-02  -5.5265178e-01
   2.5543180e+00  -1.9570468e-01
   5.6741107e-01  -1.9600750e+00
   1.0804250e+00  -4.7466775e-01
   3.8457107e-01   1.4344083e+00
  -3.1956549e-01  -6.6268727e-01
  -2.9067590e-03   1.4530594e-01
  -5.7701669e-01   1.7416130e+00
   1.0701626e+00   1.7443002e+00
  -3.6430914e-01  -1.3539116e+00
   3.1091910e-01  -9.4821397e-01
   1.1525634e+00   7.9703536e-01
  -6.0898000e-01   2.6843778e-01
  -1.8243084e+00   1.8831227e-01
  -2.2340966e-01  -6.3545370e-01
   1.8376164e+00   1.3375249e+00
  -1.3092752e+00   3.6443118e-01
   6.0503706e-01  -1.4254431e+00
   3.4821233e-01   3.7553391e-01
   1.2539538e+00  -6.1034933e-01
   7.7027397e-01   1.2367097e+00
  -3.8287756e-01  -2.6774089e-02
   1.4553878e+00  -7.3186635e-01
  -1.4737274e-01  -1.3266573e+00
  -5.8236845e-01  -5.2465868e-01
   9.0565351e-02   1.3604653e-01
   1.0780147e+00   7.0882631e-01
   1.3595641e+00   9.5622068e-01
  -2.4188963e-01  -1.4324915e-02
   1.3139944e+00  -2.2924588e+00
  -4.4424217e-01  -7.2742898e-01
   6.4297724e-01   4.1845021e-01
   2.5909945e+00   7.9157408e-01
   4.1779159e-01   2.0460294e-01
   6.0428395e-02   1.5385421e+00
  -1.7081318e+00  -5.1574474e-01
  -1.8029606e+00   3.9876586e-01
  -4.9490608e-01   3.4584895e-01
  -3.6811446e-02   1.0546997e+00
   5.0280745e-01  -5.8810210e-01
  -4.5850807e-01  -1.9823753e-01
  -7.8260532e-01   3.5721503e-01
   1.2692986e+00   4.5802844e-01
  -1.5723053e-03   2.9952789e+00
   1.3384060e+00   1.3741092e+00
  -9.0433750e-01   7.4418024e-02
   7.9351109e-01  -9.1959313e-01
   4.6338288e-01   2.1361914e-01
  -1.6550251e+00   1.8562547e-01
  -2.2604049e-01   4.9446887e-01
   1.8171871e-01  -7.6480819e-01
  -2.6312354e-01  -2.0429100e-01
  -5.2339932e-01  -9.6106944e-01
   1.0249946e+00   1.5443718e-01
   9.2526400e-01   4.6283251e-01
   3.5624745e-01   5.2167829e-01
   1.3451434e-01   1.2588267e+00
  -9.5574189e-02   1.2123784e+00
  -7.6351674e-01   2.1354499e+00
  -5.7172894e-01   1.5771898e+00
  -1.4548104e+00  -7.9423149e-01
   2.5397780e-01   1.1127641e+00
   1.1568151e+00   7.8868615e-01
   9.5133128e-02  -6.8504796e-01
  -2.1817326e+00  -2.8487586e-01
   6.8325468e-01   3.3192093e-01
  -5.7943714e-01  -8.8067410e-01
   4.2996817e-01   1.1973158e+00
  -5.2702876e-01   1.1741711e+00
   1.7951064e+00   9.0080982e-01
   1.0741208e+00  -3.7936219e-01
   3.4270404e-01   1.2387178e+00
   2.0649129e+00  -6.5680444e-01
   7.1723579e-01  -5.5329181e-01
   5.0922573e-01   2.0976671e-01
   5.2946341e-01   3.6183686e-01
  -6.2644782e-01   1.4873958e-01
   4.7052408e-01   3.7381980e-01
   1.7807483e+00   2.2771469e-01
   1.2186461e+00  -7.1522065e-01
   6.4253059e-01   9.1548865e-01
  -2.4667215e-01   1.2907546e+00
  -6.6323031e-01   4.8159918e-01
   1.2684890e+00  -2.0622838e-01
   2.7825679e+00  -1.8981874e-01
  -3.0129984e-01   2.0456402e-01
  -3.9149901e-01  -2.8866798e-01
  -1.6352675e+00   2.0287719e+00
   3.4364569e-01  -6.8108683e-01
   7.2094941e-01  -2.1097652e-02
   1.9933891e+00   6.3866188e-01
   2.3727777e+00  -8.3438959e-01
   1.6472804e+00  -1.4194436e+00
  -5.2194841e-01  -9.7027710e-01
   5.2801502e-01   1.6054113e+00
   1.1432274e-01   1.0229284e+00
   3.8879320e-01   3.3848666e-01
   6.3538405e-01  -1.8065962e+00
   1.5688071e+00   1.2764231e+00
   1.1652384e+00   1.3233013e-01
  -8.0712159e-01   9.1880622e-01
  -1.7138609e+00  -1.1636042e-01
   4.8004303e-01   7.0969860e-01
   7.2218781e-01   8.2672526e-01
   2.1234906e+00  -1.0392517e+00
   3.1486480e-01   1.4585713e+00
   1.4275306e-01  -2.0123914e+00
   2.5472185e+00  -6.5458070e-01
   1.8381390e+00   1.1544081e+00
   1.5633942e-01  -9.1728592e-01
   2.5406590e-02  -6.9939571e-01
   1.8662664e+00   1.7375736e+00
  -4.1870306e-01   4.7971947e-01
   8.4789531e-01  -1.0958562e+00
   1.6978517e+00  -1.4195949e-02
  -1.0128317e+00  -7.2646140e-01
   6.4549689e-01  -5.4688597e-01
  -3.5376567e-01   7.6044434e-01
  -8.2852898e-02  -3.1143192e-01
   6.8638183e-01   1.9113356e-03
  -1.9250513e+00   1.4604836e+00
  -7.3133766e-03  -7.9966817e-01
   1.1828435e+00  -1.1073226e+00
  -4.2085463e-01   1.2810267e-01
  -1.1781757e+00  -1.6410746e+00
  -1.3329798e+00  -9.0766535e-02
  -2.0531765e+00   2.3648455e-01
   1.4504331e-01   1.3593227e+00
  -5.6736763e-02   1.1748213e+00
   1.3832911e+00   1.0230736e+00
  -6.3646191e-01   7.0507517e-02
  -5.5511735e-01   8.2071713e-01
  -1.3106336e-01  -1.7635179e+00
  -4.6143753e-01  -2.6859919e-02
  -1.1855275e+00   5.5493619e-01
  -9.9540294e-01  -6.5897578e-01
  -1.2436274e+00   3.6401289e-01
  -1.3202032e+00   1.2428735e+00
   5.3312340e-01   4.1106800e-01
  -4.0077502e-01   6.3964872e-01
   1.1546592e+00   4.0026878e-01
   1.0064893e-01  -6.1661688e-01
   8.5668378e-01  -5.2448825e-01
   5.6056264e-01   1.4880279e-01
  -1.2577116e+00   3.4291820e-01
   1.2191890e+00   2.6373794e-01
   1.2396679e+00  -7.8707151e-01
  -1.6582883e-01   1.7362778e+00
  -8.3425369e-01  -1.4351915e+00
   1.3707466e+00   6.0290965e-01
   5.2999786e-01  -4.7555957e-01
   2.7246910e-02  -1.7262147e-01
   1.3548779e+00   2.6736722e+00
  -1.4084660e+00  -2.2682389e-01
   1.8582417e-01  -1.9138012e+00
  -8.5580100e-01  -2.4161917e+00
  -6.8119215e-01   8.9718010e-01
  -9.2638096e-01  -4.5175732e-02
   2.2065082e+00   1.2521464e-01
  -7.3948828e-01   6.0919167e-01
  -1.1199647e+00   7.4327646e-01
   1.4161395e-01   1.6896195e+00
   3.3020565e-01   7.3194623e-01
   1.4060129e+00   1.4463454e+00
  -1.7284185e+00   1.5933449e+00
  -1.5607561e+00   9.0540294e-01
  -1.0473623e+00  -4.5243014e-01
  -4.5658501e-01  -1.8396866e+00
  -1.0399222e+00  -2.6179933e-01
   1.5644999e-01  -1.7572180e-01
   1.2905138e+00   1.7404381e+00
  -9.8675381e-01   1.3859931e+00
  -1.4271345e+00  -8.5270477e-01
  -3.3169239e-01   2.4451362e-01
   1.4839432e-01   1.5581851e+00
   3.4746144e-01  -1.0032509e+00
   3.5625375e-02   2.4041872e-01
   3.7884749e-01  -1.3365990e+00
   1.2499602e+00  -5.1478174e-01
   3.9922018e-01   4.4341467e-01
   1.5450718e+00   2.3294938e+00
   6.5509911e-01   6.5056366e-02
   3.8019751e-01   6.8107437e-01
   1.4330060e+00   4.1346302e-02
  -2.4021277e-01   1.3781212e+00
   1.2147139e-01   1.1863118e-01
   4.1032318e-01  -1.1564445e+00
  -1.1397062e+00  -1.0399281e-01
  -3.4777017e-01   2.9068154e-01
  -7.9029758e-01   1.3679847e+00
  -1.6058645e-02  -4.5222690e-01
  -1.4330425e+00  -2.1989539e+00
   3.1994769e-01  -1.9142619e+00
  -1.2033000e+00  -5.9578247e-01
   2.6487188e-01   1.1504945e+00
   1.9473536e-01  -1.4541209e+00
  -1.4856881e-01   7.5134454e-01
   2.9822321e-01  -2.9834142e-02
   1.6468726e+00  -1.9393803e+00
   4.4218006e-01   1.2691817e-01
   9.4558955e-01  -3.8155910e-01
  -9.5744479e-01   3.9234005e-01
  -1.0144415e+00  -1.3684495e+00
  -5.4360532e-01   1.6666857e+00
   7.3293793e-01  -2.3627930e-01
   3.3124641e-01   2.6978631e-01
   9.7776109e-01   5.4801322e-01
   1.6926620e-01   8.0010545e-01
   8.1996642e+00  -1.3350745e+00
   1.0567007e+01  -1.4629029e+00
   8.1425406e+00   6.6193839e-02
   9.3879117e+00   3.0651778e-01
   1.0564600e+01   7.6864293e-01
   1.0020916e+01   1.0322143e+00
   1.0006614e+01  -4.8949794e-01
   8.5214195e+00  -7.8102418e-01
   8.5626050e+00  -1.7051267e+00
   1.0622429e+01  -4.8297290e-02
   7.7808219e+00  -5.6383732e-01
   8.6110554e+00   1.9897773e-01
   9.2574619e+00   1.1999126e-01
   8.7117889e+00  -1.5217737e+00
   9.5339334e+00  -7.0131738e-01
   1.0459727e+01  -5.6146429e-01
   8.4054051e+00  -1.3144046e+00
   1.1688477e+01  -3.1665991e-01
   9.9453433e+00   3.9173316e-01
   1.0046892e+01  -3.4973335e-01
   8.6672634e+00  -1.9991602e+00
   9.9893356e+00  -7.2081314e-01
   8.0928851e+00   4.9450134e-01
   8.3826839e+00   1.8378249e+00
   1.1997981e+01  -2.3834263e-01
   1.1087714e+01   1.6553299e+00
   1.0539974e+01  -3.0404534e-01
   1.1509080e+01  -6.9757002e-01
   1.0619879e+01   8.9276350e-01
   1.0517643e+01   1.6025789e+00
   9.9702323e+00   4.7815883e-01
   1.0346218e+01   1.9222141e-01
   1.0496609e+01   1.0234139e+00
   1.0098365e+01  -7.8729740e-01
   1.0301149e+01   1.9413678e+00
   1.1900150e+01  -6.2516793e-01
   1.0729912e+01  -5.2294031e-01
   8.0619414e+00  -8.1269798e-01
   1.0314200e+01  -2.0128875e+00
   9.5577549e+00  -1.4329912e+00
   1.0517558e+01  -1.7473856e+00
   1.0511542e+01   4.3174995e-02
   1.0573415e+01   4.1864076e-01
   1.0680629e+01   1.7466652e+00
   9.4252958e+00   6.4026097e-01
   9.9316281e+00  -1.8427288e-01
   1.0318340e+01  -6.9382785e-01
   1.1158241e+01   4.2606831e-01
   1.1225104e+01   1.0645108e+00
   8.6728181e+00   1.2245187e+00
   8.1305636e+00  -4.2139135e-01
   1.0656435e+01   8.9715129e-01
   1.0570214e+01  -6.1128756e-01
   1.1047732e+01  -1.2355635e+00
   9.8307291e+00  -3.2853519e-01
   1.0748669e+01   2.7648375e-01
   1.1137672e+01   6.4151864e-01
   1.1401743e+01   5.2113155e-01
   1.0733061e+01   4.3047817e-01
   1.1218623e+01  -7.1064365e-02
   1.1397987e+01   4.8690372e-01
   9.8740127e+00  -8.5272647e-01
   1.1206555e+01   7.3993793e-01
   9.5933123e+00   5.3858339e-01
   8.4086756e+00   4.5773495e-01
   9.6792219e+00   2.3459040e-01
   1.0945283e+01   4.1802173e-01
   1.2016150e+01   1.5673249e+00
   1.0434368e+01  -6.7599538e-01
   9.7171179e+00   1.0442046e+00
   8.5448428e+00   3.8032110e-02
   9.2658142e+00  -2.7008033e+00
   8.4484867e+00   4.1373604e-01
   1.0284350e+01   9.6009184e-01
   1.1030188e+01  -1.8406304e-01
   1.0420375e+01   3.1713031e-01
   1.0851048e+01  -1.7521125e+00
   9.5969875e+00  -2.0835070e-01
   8.9434811e+00   7.7976611e-02
   9.3113958e+00  -4.1882196e-01
   1.0662346e+01  -3.0590133e-01
   1.2261993e+01   2.9270557e-01
   9.8513288e+00   1.6125996e+00
   1.0837261e+01   2.0079715e-01
   9.2219250e+00  -2.2120432e-01
   1.0904082e+01  -2.4814824e-01
   1.2160301e+01  -1.3741945e-01
   1.1684313e+01  -4.6883716e-01
   9.7555077e+00  -1.1014045e+00
   9.4813792e+00  -1.2075158e+00
   1.1283941e+01   4.5472081e-01
   1.1320151e+01   8.1719998e-02
   1.0185924e+01  -2.6970902e+00
   9.9682064e+00  -1.0273023e+00
   9.7314199e+00   8.9969677e-02
   9.1903428e+00   5.4975972e-01
   1.0038459e+01   1.2298058e+00
   1.1522610e+01  -6.8382241e-01
   8.7348171e+00   5.4523412e-01
   9.2101761e+00   9.4587593e-01
   8.8700602e+00  -1.4712973e+00
   9.7233381e+00  -6.5069538e-01
   8.5008616e+00   1.5593956e+00
   9.8108085e+00   9.6557354e-01
   9.6569306e+00   8.6436054e-02
   1.0996763e+01   2.4622608e-01
   1.0167939e+01   1.1862859e+00
   1.0442771e+01  -4.9689686e-01
   1.0727476e+01   7.5213609e-01
   9.7631908e+00   2.7435154e-01
   9.7465963e+00  -2.8514549e-01
   8.9428994e+00   3.3212533e-01
   9.5888177e+00   4.7300245e-01
   8.6198770e+00   6.9446479e-01
   1.0242901e+01  -6.5158774e-01
   1.0572804e+01  -1.3034857e-01
   9.2556899e+00  -1.4603601e+00
   9.6320770e+00   8.3253219e-01
   1.0781256e+01  -1.5805825e+00
   8.2911322e+00  -1.3066598e+00
   1.0682567e+01  -3.8788635e-01
   1.1373580e+01  -1.2655471e+00
   9.4736816e+00  -1.5896561e+00
   1.1568940e+01  -3.3906969e-01
   1.0140867e+01   2.6210749e+00
   9.3324556e+00   3.2011773e-01
   9.6219671e+00   7.3213621e-01
   1.1235730e+01   4.2055975e-01
   9.4276549e+00   4.4680112e-02
   1.1884072e+01  -2.9581259e-01
   1.0484709e+01  -5.9111593e-01
   9.5981697e+00  -8.7572811e-01
   9.9988349e+00  -9.3941080e-01
   1.1147830e+01   2.1680780e+00
   9.3493366e+00   1.8438044e+00
   9.6252905e+00  -6.1171022e-01
   1.0185888e+01   3.3140880e-02
   1.0087464e+01  -2.2259312e+00
   9.2354555e+00  -1.7868107e-01
   9.5042229e+00   4.2357351e-01
   1.1431872e+01   1.6475357e-01
   1.0697888e+01  -9.2189756e-03
   1.1396154e+01   1.0366699e+00
   9.9990018e+00  -6.9938637e-01
   9.6123450e+00  -3.8250162e-01
   1.0841906e+01   2.9877769e-01
   7.8545797e+00   4.8188340e-01
   1.0102412e+01  -4.5565214e-01
   9.8381857e+00   1.8175732e+00
   1.0861927e+01   1.2750881e+00
   8.9570531e+00   1.0924612e+00
   8.8464052e+00   4.7103121e-02
   9.7967982e+00  -7.6900593e-01
   9.2540920e+00  -1.3450899e+00
   9.5502501e+00  -9.8580250e-02
   1.1203739e+01  -7.7289639e-02
   9.3411151e+00  -1.4242928e+00
   9.6991989e+00   7.5405904e-01
   1.1343332e+01  -8.0596248e-01
   9.8578631e+00  -7.8474113e-01
   1.0189935e+01  -4.1053330e-01
   1.0091974e+01  -8.3835036e-02
   8.4017327e+00   2.9264461e-01
   9.4426881e+00  -3.1987174e-01
   1.1238296e+01   5.2142485e-01
   1.0164681e+01   2.6214828e-01
   8.9980393e+00   3.8358974e-01
   8.4786331e+00  -3.7197444e-01
   1.2623664e+01   6.0392770e-01
   9.5128298e+00  -9.0015158e-01
   8.8418102e+00  -2.0996132e+00
   9.4598121e+00   4.4418799e-02
   7.5991156e+00   8.9285618e-01
   1.0427588e+01  -2.0840386e+00
   9.1486836e+00  -9.3598158e-01
   9.9116866e+00  -1.9092539e+00
   1.0842363e+01  -6.7205182e-01
   9.5863403e+00   9.6542342e-01
   8.3897720e+00  -4.9693358e-01
   1.0266797e+01  -5.3436853e-02
   9.6752704e+00  -9.2562274e-01
   1.0834220e+01  -4.8022165e-01
   9.2305210e+00   2.0692586e-01
   1.0696102e+01  -6.4383436e-02
   9.3889620e+00  -9.7807181e-02
   9.5939948e+00   8.5409962e-01
   1.0078433e+01   2.1662152e-01
   8.8924941e+00  -6.8314310e-01
   1.0382328e+01   3.4826688e-01
   1.0445320e+01  -1.4642988e-01
   1.0013219e+01  -9.1783216e-02
   8.4390998e+00  -4.7425209e-01
   1.2245640e+01  -5.0328229e-01
   9.5534112e+00  -1.0299585e+00
   9.5897413e+00  -8.8821940e-01
   1.0403131e+01   1.4436899e+00
   1.1690274e+01   3.5147556e-01
   1.1037324e+01   6.8700538e-01
   9.9639459e+00  -1.4053642e+00
   1.0029671e+01  -4.5385863e-01
   1.0468758e+01  -6.4162418e-01
   1.0217283e+01   1.6867563e+00
   9.7672677e+00   1.7724010e-02
   1.0341093e+01  -4.3568729e-01
   1.0695940e+01  -6.6531074e-01
   9.9488655e+00   7.5557566e-01
   1.0646039e+01   5.0632795e-01
   1.0101207e+01   4.3938594e-01
   8.8007125e+00   1.8359679e-01
   1.0102977e+01   2.9059715e-01
   1.0072507e+01  -3.3410772e-01
   1.0404535e+01  -9.5213778e-01
   1.2138249e+01   2.3387485e+00
   9.7491429e+00  -3.9451223e-01
   9.7187568e+00  -1.6697484e+00
   1.0214747e+01  -1.5318580e+00
   1.0315383e+01   1.3450238e+00
   9.7755847e+00  -4.4702300e-01
   1.0264927e+01  -2.4258398e-01
   9.7413723e+00   4.7036277e-01
   1.0774975e+01   8.4527589e-02
   9.2832120e+00   4.6969386e-01
   1.0727574e+01  -1.7304827e+00
   1.1072334e+01  -5.0005627e-01
   1.0273595e+01   2.2128079e-01
   9.7529937e+00   1.0072381e+00
   1.1951385e+01  -1.1807832e-02
   1.1034508e+01  -1.2589761e-01
   9.4628467e+00   3.0529672e-01
   9.7651037e+00  -1.7450824e+00
   9.8498157e+00   6.5067471e-01
   1.0674500e+01   8.6074705e-01
   9.8669458e+00  -1.0618709e+00
   1.0813689e+01  -4.9816195e-01
   8.1125858e+00   5.2220161e-01
   1.0529555e+01   1.0156548e-01
   1.0029405e+01   1.1472012e+00
   1.0902431e+01  -1.1335641e+00
   8.3737926e+00   1.2394013e+00
   1.0529109e+01  -6.0758232e-01
   9.9920764e+00   5.5066966e-01
   1.0942199e+01   2.7148604e-01
   1.0510397e+01   4.7633902e-01
   9.6101818e+00   1.8829392e-01
   9.1778331e+00  -7.2561557e-01
   8.6882795e+00   1.6244823e+00
   1.1840188e+01   3.7950230e-01
   9.6608124e+00   1.2716364e+00
   8.9664552e+00   3.8734693e-01
   1.0196453e+01  -1.9226021e+00
   9.0803602e+00  -1.7825173e+00
   1.1793057e+01  -1.7319438e+00
   8.8747564e+00  -8.4789004e-01
   1.1412187e+01  -7.9197130e-01
   1.0822961e+01  -5.2158500e-02
   1.0134748e+01   1.0030796e+00
   1.0736898e+01  -1.3690062e+00
   9.0302270e+00   9.1142502e-01
   1.0142156e+01  -8.5630349e-01
   9.4202562e+00   2.3104720e+00
   9.8838613e+00   1.2504937e+00
   8.9341174e+00  -9.1140385e-01
   9.9288886e+00  -1.0820643e+00
   7.9468699e+00  -1.6844137e+00
   8.9548425e+00   9.7103023e-02
   1.0768003e+01   4.3882529e-01
   1.0401799e+01  -2.7596419e-01
   9.7974650e+00   6.5107105e-01
   1.0127437e+01   1.4675081e-01
   9.2021698e+00   1.4681414e+00
   9.6717728e+00  -1.5773171e+00
   9.9605342e+00  -7.9066141e-01
   8.7311169e+00  -1.4566688e+00
   9.2774368e+00   3.2686391e-01
   8.7853087e+00  -1.1265479e+00
   1.0499821e+01   8.6242906e-02
   8.7716541e+00  -1.0183706e+00
   8.9897996e+00   1.2439418e-01
   1.2178823e+01   3.9265056e-02
   1.0672300e+01  -2.9579170e-01
   8.2424038e+00   2.8004081e-01
   9.7739410e+00  -1.3853273e-01
   1.1250718e+01  -1.6681214e+00
   1.0051204e+01   1.6141704e+00
   9.9351726e+00   7.0384823e-01
   9.7213992e+00   1.2566376e+00
   9.7478351e+00  -4.9100544e-02
   1.0199954e+01   1.3186022e+00
   1.1266398e+01   5.3899815e-01
   9.6467477e+00  -3.0053899e-02
   8.9098714e+00  -1.0802639e+00
   1.0681606e+01   3.6064614e-01
   1.1302174e+01   2.6476114e-01
   1.1468861e+01  -2.4953830e-01
   9.8359994e+00  -5.0035484e-03
   9.3237752e+00  -8.0436170e-01
   1.0479765e+01   3.4192564e-01
   9.4904899e+00   1.1037291e-02
   1.1762601e+01   6.2745183e-01
   1.0482855e+01   4.8485438e-01
   1.0416513e+01  -8.6949986e-01
   8.2065992e+00   2.1132004e-01
   1.1448750e+01   9.4773448e-01
   1.1611608e+01  -1.4311313e+00
   1.0814045e+01  -1.5322204e+00
   9.3430589e+00   9.5272381e-01
   8.7659595e+00   9.4736581e-02
   9.2432019e+00   8.7414172e-01
   1.0128963e+01   1.1761471e+00
   9.4666956e+00   6.4314472e-01
   8.2033412e+00  -2.0353117e-01
   1.0546476e+01  -6.9727744e-01
   9.7094217e+00   5.7380828e-01
   1.0314094e+01   6.1371972e-01
   1.0887785e+01  -4.6110129e-01
   1.1160003e+01   4.8643813e-01
   1.1273552e+01  -6.5834637e-01
   1.2087083e+01  -2.4152158e-01
   8.5989568e+00   9.6741241e-01
   1.0399622e+01   1.4461142e-01
   1.0618031e+01  -1.5682041e-01
   1.0225715e+01   5.6875074e-01
   8.9149080e+00   1.1338587e+00
   1.0287744e+01  -1.1837932e+00
   1.1166561e+01  -1.7475530e+00
   1.0518116e+01  -3.6743704e-01
   9.7897334e+00  -4.7508210e-01
   9.9518802e+00   7.4641174e-01
   7.9152038e+00  -3.3110019e-01
   9.7543258e+00   2.7435577e-01
   8.6241518e+00   5.1517956e-01
   1.1204004e+01  -5.8751024e-01
   8.7245702e+00   1.0213968e+00
   1.0198163e+01   1.7427396e+00
   8.5142639e+00  -2.2769303e-01
   9.6523390e+00   8.9893467e-01
   9.5141094e+00  -1.0322497e+00
   9.3536864e+00  -9.2196227e-01
   8.9708766e+00   1.7170553e+00
   1.0432627e+01  -1.5274126e+00
   8.0578623e+00   1.5954631e+00
   9.1491221e+00   1.0114372e+00
   9.8278397e+00  -1.8144349e-01
   9.9575084e+00   8.7051066e-01
   9.4971627e+00  -3.1208910e-01
   8.1665609e+00   3.9245118e-01
   9.3631921e+00  -3.1602036e-01
   9.7098699e+00   1.6353787e+00
   1.1468771e+01   8.8658111e-01
   8.3196134e+00   1.3812927e+00
   8.5851823e+00  -5.6515476e-01
   1.0518868e+01  -7.3799478e-01
   9.4277153e+00  -4.6518142e-01
   9.4991462e+00   5.2518889e-01
   1.0154171e+01   1.3210017e+00
   9.9495276e+00   1.8912649e+00
   1.1204136e+01  -5.8525902e-01
   1.0624755e+01  -1.1459944e+00
   9.1294936e+00   1.1457253e+00
   1.0741272e+01   1.1908673e+00
   1.0122989e+01   5.7433801e-01
   1.1365726e+01  -1.4179353e-01
   8.3138604e+00   1.0766319e+00
   1.0059354e+01   1.2161169e+00
   1.1449608e+01   8.8702921e-01
   1.0257838e+01  -1.5861801e-01
   1.0067230e+01   3.0330400e-01
   9.7324711e+00  -1.6189485e+00
   1.0759924e+01   1.1146905e+00
   9.1667909e+00  -2.5401255e-01
   1.1113475e+01   2.2251435e-01
   8.3418527e+00  -5.6222567e-01
   1.0917924e+01  -5.4223518e-02
   1.0928875e+01   5.3103740e-01
   1.0750075e+01  -1.3202195e+00
   9.6595877e+00  -7.7083413e-01
   1.2444177e+01  -6.5691903e-01
   1.1425481e+01   1.1464166e-02
   9.0447504e+00   2.2832736e-03
   1.0821152e+01   1.4516466e+00
   9.9087202e+00  -1.9191794e+00
   9.9707378e+00  -1.3142915e+00
   1.0249342e+01   9.1507003e-01
   1.0584225e+01  -2.2397893e+00
   9.5953931e+00   2.0932261e+00
   8.4310216e+00  -3.8744801e-03
   1.0309707e+01  -3.6950537e-01
   8.8065329e+00  -1.5465921e-01
   8.0828596e+00   1.2188135e+00
   9.0966652e+00  -6.0405173e-01
   9.6491388e+00  -1.1139024e+00
   9.5497868e+00  -1.0611259e+00
   1.0004141e+01  -5.3365284e-01
   1.0721875e+01   1.5468694e-01
   1.1161762e+01   3.0967603e-01
   9.3707580e+00  -4.6215809e-01
   8.7693163e+00   3.7226487e-01
   1.1488810e+01   9.2700532e-01
   9.0063479e+00   4.4392432e-01
   9.6071170e+00   7.1469704e-02
