  -1.0899469e+00  -6.5950655e-01
   9.4906942e-01  -2.2767737e+00
  -9.3016250e-01   4.1874191e-01
  -3.0375428e-02  -9.9553345e-01
  -1.3514191e+00   1.2702392e+00
   1.1857774e+00  -9.9246858e-02
  -8.3878487e-01   2.2314270e-01
   2.3572363e-01  -2.0121030e-01
   8.4069928e-01  -1.1591510e+00
   8.1465714e-01   6.3059383e-01
  -5.9277545e-02  -1.8914063e+00
   2.5598153e-01  -1.3532483e+00
  -5.1902013e-01   4.9974392e-01
   4.0213260e-02   1.1875106e+00
  -2.1111321e-01  -1.3843899e+00
   8.5376331e-01   1.2776023e-01
   2.4017115e+00   1.8986144e-01
  -6.8802768e-01   8.1557073e-01
  -3.7044549e-01   2.4343723e-01
  -2.3766156e+00   6.2394426e-01
  -5.0832495e-01   1.8256701e-01
  -4.4390606e-01  -1.4895106e+00
  -7.9153066e-01   3.8062065e-01
   2.5780198e-01   3.5531551e-01
   1.3721884e-01  -5.0334410e-01
  -1.1114991e+00  -1.2586658e+00
  -3.2978272e-01  -1.8669128e+00
   2.5569327e+00  -4.7648291e-01
   7.2192334e-01  -1.2852199e+00
   1.1358581e+00  -1.7575798e-01
   5.6642699e-01   7.5961243e-01
  -1.5030434e-01   1.3117083e+00
   1.6693681e+00  -4.7339092e-01
   7.4800583e-01  -1.8438982e-01
   1.0401830e+00  -3.0253715e-01
   5.4531344e-01  -5.6820414e-01
  -3.7669235e-01   9.1490448e-01
  -1.0620255e-01  -6.8436433e-01
   3.5910776e-01   1.2075166e+00
  -2.1066283e-01   6.2248884e-01
  -6.3965415e-01   6.2678247e-01
   1.1076676e+00  -1.2168371e+00
  -8.7253179e-01  -1.7945695e+00
  -4.2623057e-01  -1.4498166e-01
  -4.8049493e-01  -9.7946897e-02
  -2.3380354e-01  -6.3766777e-01
   3.8246755e-01  -8.3957125e-01
   4.6913216e-01   2.2375682e-01
  -1.3684034e+00  -6.2891306e-01
  -1.1055977e+00  -1.5415555e+00
   4.1812505e-01  -2.8804367e-01
  -6.9831025e-01   1.3387136e+00
   3.5288722e-01   1.5067332e-02
   1.2874177e+00  -2.3746619e-02
  -1.2930230e+00   1.0256063e+00
  -1.7163525e+00  -1.8880003e+00
   3.4193882e-01  -8.4610115e-01
   8.4119227e-01  -1.6323182e+00
   9.1144835e-01  -1.0500899e+00
  -3.2855116e-01  -5.9988317e-01
   9.6014676e-01   1.5364983e+00
  -6.2491951e-01  -1.2527395e+00
  -3.7593722e-01   2.4178017e-01
  -6.9223129e-01   8.9050901e-01
  -1.3336799e+00  -6.5207495e-01
   3.7247629e-01  -7.1457094e-01
  -1.2652769e+00   1.8534134e+00
   3.6189242e-01   2.8492275e+00
  -1.3502823e+00   2.5526072e-01
   6.5708087e-01  -4.4329299e-01
   1.4865511e+00   4.5830777e-01
  -8.2776854e-01  -1.2381153e+00
   1.2362764e+00   1.1484627e+00
   2.1514689e+00  -8.1066148e-01
  -5.7814643e-01  -1.9432494e+00
  -1.8203021e+00  -1.2198115e-01
  -2.0028360e-01  -7.4366401e-01
  -1.9813623e+00   2.0681639e+00
  -6.9327602e-01  -2.9217245e-01
   3.7369177e-01   2.1048500e-01
  -1.4927159e+00  -4.3183856e-01
   1.3899472e+00  -7.8530888e-01
   4.5228958e-01  -7.0497872e-01
   1.8541030e+00  -1.5457768e+00
  -7.9095075e-01   1.2457457e+00
  -4.4417039e-01  -5.6309825e-02
  -2.1071205e+00   1.4515565e+00
   1.1660800e+00  -9.2238295e-01
  -3.5149006e-01  -7.3218424e-01
  -2.5480636e-01   4.5073251e-02
  -2.4189457e-01   9.6971020e-02
  -9.3333116e-01   1.2163892e-01
  -5.2960600e-01   1.3205460e+00
  -5.1436791e-01  -1.2330886e+00
   1.3936646e+00   8.9104588e-01
  -1.0738202e+00  -5.0803216e-01
   1.5232805e+00  -1.1784994e+00
  -6.3451915e-01   4.8002126e-01
   4.4268714e-01   8.9506731e-01
  -2.2026079e-01   1.5986402e+00
  -6.2578891e-01   7.3114298e-01
  -1.7373986e+00  -7.6302404e-01
  -1.1254841e+00  -1.5524743e-01
   7.1956104e-01  -3.3376582e-01
  -7.4197644e-01   9.7226468e-01
   1.5898196e+00   5.3053357e-01
   1.0572110e+00  -2.5774057e+00
   1.0027894e+00   7.7280944e-01
   1.9985955e+00  -2.6715465e-01
  -1.8745949e+00   1.7628463e+00
  -3.1380788e-01   5.6668993e-02
  -6.8141001e-01  -4.3263095e-01
   8.1848370e-01   2.1853867e+00
   8.9799934e-01  -2.5833899e-01
   2.6079314e-01   2.2225841e-01
  -1.6280651e-01  -2.0036526e+00
  -9.5132338e-01  -1.3039443e-01
  -5.6548392e-01  -5.1280175e-01
  -1.2765641e+00  -1.2687162e+00
   5.2238109e-01   4.4983599e-01
  -1.1848852e+00  -1.1395003e+00
  -1.6535777e+00  -9.9463759e-02
   2.0018728e+00  -3.8334182e-01
   8.5640487e-01  -9.6977433e-02
  -2.2101736e+00   1.2064291e+00
   7.0310071e-01   3.1511939e-01
  -5.3112596e-01   5.5925107e-02
   1.2271423e+00   6.9512541e-01
   8.5290923e-01  -3.9702763e-02
   1.0074786e+00  -1.6693569e+00
   2.6474570e+00   5.9884261e-01
   2.1712321e+00   6.9320081e-01
  -9.3991897e-01  -8.3501130e-01
   9.0258923e-01  -2.2979978e-01
  -1.6130363e+00  -6.2382406e-01
  -1.6588718e+00   4.0847659e-01
   7.0226936e-01   2.1620549e+00
   3.7258589e-01  -1.1171378e+00
  -1.9503474e+00  -4.2440375e-01
   3.0765395e-02  -1.2640941e+00
   4.1979343e-02  -1.6261260e+00
  -1.5392581e-01   7.1833810e-01
   1.2975422e+00  -7.2531825e-01
   2.4076483e-02  -2.5504109e-03
  -7.5903417e-01  -2.6358619e-01
   1.0624948e+00   8.4748815e-01
  -1.6173122e+00   1.3938636e+00
  -9.8704211e-01   3.8872199e-01
  -7.7554800e-03   1.2595522e+00
  -3.2485320e-01   2.0834098e+00
  -6.4737617e-01   4.7309752e-01
   6.9137345e-01  -8.5412044e-02
  -1.8299787e+00  -7.6184472e-01
   2.1078639e-01   5.6940131e-02
   1.9487644e-01  -2.2990842e-01
   1.9563936e-01   4.1606632e-01
  -1.8802143e-01   5.5646981e-01
   1.0898249e+00   1.7926313e+00
   4.4876294e-01  -7.1474407e-02
   1.9514317e+00  -4.6467258e-01
   1.9792682e-01  -3.2413204e-01
  -9.4535720e-01  -2.9546075e-01
  -6.1193958e-01  -6.4050220e-01
   9.4079509e-01  -2.4237974e-01
  -1.3638442e-01   8.0650491e-01
  -3.8800008e-01  -1.2733059e+00
  -7.3464547e-01   7.1959048e-01
  -5.7892188e-01   2.8004974e-01
  -9.9600815e-01  -3.0957332e-01
  -4.3533377e-01   3.8642033e-01
  -1.1294740e+00   8.9795829e-01
  -1.8829420e+00   5.0156343e-01
  -6.8012142e-01  -1.2144616e+00
   4.9280383e-02   5.2208300e-03
  -7.8513782e-01   8.3365413e-01
  -4.5476757e-01  -3.9806256e-01
  -5.2418409e-01  -2.2847164e+00
  -1.7490749e+00  -2.6708076e-01
   2.5199882e-01  -8.1669538e-01
  -1.2312101e+00  -3.5920558e-01
   1.6607274e+00  -2.7592306e+00
  -1.7738595e+00   1.4364273e-01
  -3.2092163e-01  -1.0138597e+00
   1.2841467e+00   1.2256096e+00
  -2.2018420e+00   7.4765065e-02
  -1.2484069e+00  -1.0992483e+00
   6.5810888e-02   1.9814834e+00
  -1.2608979e+00  -5.5883851e-01
   1.3181752e+00   1.0190760e+00
   3.8592995e-01   4.4585970e-01
   4.0613742e-01  -6.5040817e-01
   2.4715501e+00  -1.4321000e+00
   8.0955036e-01   7.5905617e-01
   5.8524997e-01   1.3821886e+00
   9.2630190e-01  -2.9142298e-02
   5.2388628e-01  -9.3170912e-01
  -2.3166119e-01  -1.3312082e+00
   6.3643394e-01   1.4619939e+00
  -4.1943482e-01  -1.9576760e+00
   3.9502243e-01  -4.1425682e-01
  -1.4356402e+00   1.9357816e+00
   7.6814396e-01  -1.3063352e+00
   2.2539306e-01   5.1584298e-01
  -1.2888069e+00  -1.1233421e+00
  -1.0983369e+00   2.0950356e-01
   2.4966860e-01   1.0661757e+00
  -1.8612579e-01  -1.8341534e+00
  -7.1875153e-01   7.5506674e-01
  -1.1177243e+00   3.2549055e-01
   4.7734000e-01   1.4007649e+00
  -1.1806014e-02   1.2717690e+00
   1.6862735e+00  -8.5238700e-01
  -1.3059868e+00   1.6048309e+00
  -1.4374126e+00   2.9889204e-01
  -2.0747365e-01   1.1837741e-01
   8.6891349e-01   1.7343560e+00
  -1.4140651e+00  -1.6143720e+00
  -1.6146269e+00  -6.2653677e-01
   7.9263713e-01   8.5027788e-01
   4.1737843e-01   1.2017011e+00
  -1.0855158e-02   3.2373584e-01
   1.5744203e+00  -1.5204569e+00
   1.0758293e+00   1.5927834e+00
  -3.4999718e-01   1.1241080e+00
   9.1047510e-01  -4.1155695e-01
   3.7930134e-01  -1.2994019e+00
   1.1464679e-01  -1.0071783e+00
  -1.2714869e-02   5.7274226e-01
  -2.7661253e+00  -8.0252474e-01
  -1.5997355e+00  -6.7062429e-01
   1.3372978e+00   8.8866374e-01
  -1.5786433e+00   6.3809988e-03
  -9.5377052e-01  -9.5436024e-01
   9.8565178e-01   5.7786492e-01
   7.4907191e-01   4.0259700e-01
  -5.4545999e-01   9.1495577e-01
   1.5215847e+00   5.0543713e-01
  -1.3073315e+00  -1.4327263e+00
   1.3518893e+00   1.5247690e+00
   2.1345560e-02  -1.4305353e+00
  -9.6971555e-01  -4.1084130e-01
   3.8527196e-01   7.2431849e-02
  -2.3447398e-01  -1.5126172e+00
  -1.3174186e-01   3.0890593e-01
  -6.4468654e-01   9.2344011e-01
   1.8913543e-01  -9.5923584e-01
  -3.4936845e-01  -6.7411965e-02
  -9.1405831e-01  -1.0671201e-01
  -1.6716851e-01   3.1252723e-01
   1.0526037e+00   2.0253477e+00
  -1.2042769e+00  -2.7235969e-01
  -4.8303775e-01   5.7645389e-02
  -1.1484597e+00   3.7458460e-01
  -1.1415301e+00  -1.3497207e+00
   1.0333239e+00   1.5058335e+00
   5.5140777e-02   1.3430394e+00
  -1.4693147e+00   1.5391294e+00
   3.1258945e-01  -7.1104688e-01
   1.0663576e+00  -1.4542793e+00
  -6.7518947e-01   6.8753444e-01
  -2.8186655e-01  -2.2327250e+00
   2.2895928e-02  -1.8453486e+00
  -1.0196440e+00   6.3090764e-01
  -3.5391956e-01   9.1498965e-01
  -3.3975364e-01   1.2229467e+00
   5.0849456e-01  -3.9346360e-01
  -1.9718562e-01   3.4455455e+00
   6.4657957e-01   1.1556476e+00
   1.5709618e-01   2.4309685e+00
   1.2318320e-01   9.6580031e-01
  -6.2520234e-01  -7.2742679e-01
  -2.0322104e+00   4.4612446e-01
   4.3861865e-01   9.1142046e-01
  -5.9774256e-02  -1.4136121e-01
  -8.8172227e-01   5.7837870e-01
   4.5195059e-01   4.9356319e-01
  -1.0043378e+00   6.5918554e-01
   6.1317268e-01   1.4173777e+00
  -1.2155446e+00  -1.4568083e-01
  -6.4721879e-01  -1.3108903e+00
   1.4982966e+00   5.9116457e-01
  -1.6663910e+00   1.6489340e+00
  -4.0145366e-01   8.1166381e-01
  -3.4660152e-01  -3.1572563e-01
  -6.6741686e-01   1.0480897e+00
  -9.3611379e-01  -4.8780845e-01
  -9.4789950e-01   9.8050581e-01
   3.5285760e-01  -4.6854324e-01
  -1.7504164e+00  -6.4127111e-01
   4.8312381e-01   9.6913400e-01
   8.4980674e-01  -5.5967559e-01
   5.2816274e-02   1.4746984e+00
   3.3283555e-01  -7.6846503e-01
  -1.8281676e+00   3.7642505e-01
  -1.2913290e-02  -2.3299491e+00
   6.5547238e-02   6.9452643e-01
   2.8586266e-01   3.1617488e-02
   3.7114208e-01   1.3543534e+00
  -8.3811373e-01   7.5182882e-01
   1.4697339e+00  -1.3236634e-01
  -1.7565113e+00  -2.4088194e+00
  -4.5803580e-01  -6.4513282e-01
   1.1430824e+00   4.3682697e-02
   1.2630212e+00  -3.5024440e-01
  -1.2741326e+00   2.0106133e+00
   1.0538373e+00   1.1970912e+00
  -2.4382073e-02   4.2635567e-01
  -4.6966597e-02  -1.1198317e+00
  -4.3856684e-01   1.9178220e+00
  -1.1869940e+00   7.7703014e-03
   6.4716774e-01   9.7032701e-01
   5.6853967e-01   2.6075205e-01
   7.3311703e-02   3.0179121e-01
   7.6460943e-01  -1.4214678e-01
  -8.9754678e-01   1.6518897e+00
   6.9097652e-01  -1.1984638e+00
   1.1594429e-01   2.3284864e-01
  -7.4067347e-01  -2.7960221e-01
   5.1478664e-01   9.1241819e-01
   6.5314984e-01   5.9433787e-01
   3.3774595e-01  -9.3198735e-01
   1.4889843e+00  -5.0727214e-01
   1.7142113e+00  -2.7135304e-01
   3.1076443e-02   6.8178063e-01
  -1.1170034e-01   1.9341844e+00
   1.2250214e+00   8.4077007e-01
  -6.7284018e-01   6.0923942e-01
   7.2060457e-01  -8.6789142e-01
  -5.9054553e-01  -1.3669387e-01
   2.5089694e-01  -1.5473805e-01
   9.8558354e-01  -1.6098879e+00
   3.5370939e-01  -6.7479756e-01
   7.6994671e-01   6.0243436e-01
   2.1479193e-01  -1.1386607e+00
   1.6828444e-03   1.5909174e+00
   3.1313727e-01  -3.4019271e-01
  -2.3917710e-02   6.7085354e-01
   1.2652298e+00   1.9600382e-01
   1.3524962e-01  -4.4838603e-01
  -4.2992206e-01   7.7178666e-01
   9.6335024e-01  -4.9034708e-01
  -1.5996172e+00   5.4335328e-01
  -2.6877208e-01   1.6125603e+00
  -2.0030258e-01  -9.0812595e-01
  -8.6473636e-01   1.5016805e+00
  -6.0499563e-02  -2.9788235e-01
  -2.2594589e+00  -4.4799485e-01
  -9.1502650e-01   1.3095278e+00
  -1.1611612e+00   5.9574352e-01
   3.8031265e-01  -2.5461724e-01
  -2.6484919e+00   5.2864271e-01
   9.3723375e-01   1.6686443e+00
   1.0495002e+00   1.6297815e+00
  -1.1349074e+00  -5.2701345e-01
   2.8508466e-01  -2.6737027e-01
   1.9555070e-01  -1.6226421e+00
  -1.1369306e+00  -4.7779932e-01
  -1.0631268e+00  -2.6275547e-01
  -9.3375868e-01   6.2952456e-01
   1.0022567e-01   1.9838937e+00
  -6.9411087e-01  -1.4278164e+00
  -1.0981370e+00  -1.3779135e+00
   3.1389678e-01   2.9835112e-01
  -1.0892611e-01   4.2822270e-01
  -9.1809290e-02  -6.3355866e-01
  -6.0521831e-01  -1.3501653e+00
  -3.0622047e-02  -1.3232568e-01
  -4.7413508e-01  -1.6873365e-01
   1.7605820e-01   9.5201818e-01
   8.9047744e-01   8.2086055e-01
   1.0124590e-01  -5.9593410e-02
  -6.7172189e-01  -1.3796918e+00
   3.8117428e-01   1.0654018e+00
   1.2807339e+00   5.8419298e-01
   2.5190418e-01  -2.2541069e-01
  -1.2923814e+00   3.1359851e-01
  -1.0379148e+00   8.1467640e-01
   1.3268292e+00   1.1669517e+00
   4.6687758e-01   1.4722902e+00
  -4.9950833e-01  -1.8905742e+00
  -6.3400295e-01   4.5869762e-01
  -6.1858244e-01   4.6135627e-02
   6.8735074e-01   1.0188125e+00
   6.8683832e-01   3.4377782e-01
  -2.5210347e-03  -8.7746092e-02
  -2.7945517e-01   2.1940498e-01
   5.7139057e-01  -8.3569222e-01
  -1.3940492e+00   1.7022387e-01
   4.2150523e-01   4.1682932e-01
   1.5383486e+00   5.2724139e-01
   1.0243519e+00   3.4419284e-01
   1.0469749e+00   7.8882386e-02
   1.2008354e+00   1.9089008e+00
  -1.0365980e+00   1.0662496e+00
  -1.4488701e-02   5.0415036e-01
   9.0700257e-01  -9.4564799e-01
   2.0642096e+00  -1.0124623e+00
   3.9496062e-01   9.1110418e-01
   1.8724368e+00  -1.3106986e+00
  -3.6374346e-01  -1.5986678e+00
   1.0775418e+01   8.4242610e-01
   9.1860747e+00   1.4650328e+00
   1.1569221e+01  -1.0111425e+00
   1.1290885e+01  -5.6759468e-01
   1.1830115e+01  -2.9768319e-01
   1.0527037e+01   3.5753501e-01
   1.0782383e+01   7.0052451e-01
   9.7958922e+00   2.0896690e+00
   8.9471984e+00  -3.0007442e-01
   7.9722689e+00   1.3998339e+00
   9.8082130e+00  -1.3273377e+00
   8.9986899e+00  -1.0200176e+00
   9.3327668e+00   2.3271440e-01
   1.0257296e+01   1.1597750e+00
   1.0459386e+01   1.2206728e+00
   9.8640013e+00  -7.6378185e-01
   9.2253037e+00   7.5695433e-01
   1.0842719e+01  -2.7960248e-01
   1.0406281e+01  -1.7941074e-01
   9.3765235e+00  -1.3878719e+00
   1.1439442e+01  -2.1969789e-01
   9.2624768e+00  -1.0508898e+00
   9.0914402e+00  -2.5927350e-01
   9.5594988e+00   2.9871038e-01
   1.0796255e+01   1.6391761e-01
   1.0245551e+01  -1.7881328e-01
   9.1248086e+00  -2.5697698e-01
   1.1276031e+01   7.4429679e-01
   1.0338685e+01  -2.3176316e+00
   1.0386990e+01   3.4910079e-01
   1.1624147e+01  -6.5696549e-01
   8.2911510e+00   9.6253470e-02
   1.0329711e+01   4.4686903e-01
   9.0289117e+00  -1.3994959e+00
   1.0398445e+01  -3.9584466e-01
   9.0427714e+00   2.3496484e-01
   1.0002583e+01   1.8634370e-01
   1.0455742e+01   1.4824657e+00
   9.6673548e+00   3.0719860e-01
   9.1208706e+00  -1.0512713e-02
   1.2111934e+01   8.3303891e-01
   9.5875168e+00   4.6045714e-01
   1.0560375e+01   3.0225320e-01
   9.0376003e+00   5.6439690e-01
   8.7083949e+00  -2.1748463e-01
   9.6217761e+00  -7.8547499e-01
   9.8769639e+00   5.2153111e-01
   1.0341311e+01  -1.6327030e+00
   1.2582531e+01   6.1189546e-01
   9.3729866e+00  -1.0992306e-01
   9.1231053e+00  -1.9945181e+00
   9.0909447e+00  -2.2282553e+00
   1.0247115e+01  -9.2727858e-02
   9.0667184e+00   9.9669763e-01
   1.1220012e+01  -2.0068483e+00
   9.4327507e+00  -1.4154315e+00
   8.3663159e+00  -8.4135357e-01
   1.0877286e+01  -2.7107415e-01
   1.1173651e+01  -2.4227648e+00
   9.3489659e+00   8.7947795e-01
   1.0915080e+01   4.7324171e-01
   9.3461452e+00   9.6248114e-01
   9.7888484e+00  -1.4125127e+00
   1.0431495e+01  -1.4366066e+00
   9.2455565e+00  -1.7718704e+00
   1.0541007e+01  -1.7944841e-01
   9.3993607e+00   2.1341016e-01
   9.1671738e+00   1.1133433e+00
   1.0036607e+01  -6.5565968e-01
   9.8709210e+00   5.3017156e-01
   9.8754789e+00   8.6318709e-01
   9.1758453e+00   9.3483528e-02
   9.5667293e+00  -1.5948200e+00
   8.9114963e+00  -1.1589596e-02
   1.0003737e+01   8.2120738e-01
   1.2269450e+01  -1.2665412e+00
   8.9366398e+00  -7.0876244e-01
   9.8095698e+00  -8.0545139e-01
   8.2098888e+00   4.1228132e-01
   1.0573721e+01   4.6843380e-01
   8.8753822e+00   2.2966038e+00
   8.6162462e+00   3.1106846e-01
   9.4067109e+00  -2.5405006e-01
   1.0470938e+01  -6.6207962e-01
   1.0193376e+01   6.2425589e-01
   9.9225721e+00  -3.0383475e-01
   1.1858136e+01  -1.7859345e+00
   9.1241676e+00   1.0412683e+00
   1.1025632e+01  -1.3864530e+00
   1.0059387e+01  -1.2298014e+00
   1.0043516e+01   4.6044151e-01
   1.0170077e+01   1.1964580e+00
   1.0397209e+01  -1.8967201e+00
   9.8263821e+00   5.7546930e-01
   1.1675020e+01   1.4324255e+00
   1.0690949e+01  -5.5060253e-01
   9.2125730e+00  -4.2067681e-01
   8.5216942e+00   6.2418526e-01
   1.2126313e+01   1.6564723e-02
   9.6098036e+00   1.7039112e+00
   9.1807985e+00   8.1568775e-01
   9.0742722e+00   7.9129336e-01
   8.6969887e+00  -1.0041795e+00
   9.9569592e+00  -2.0779376e+00
   9.0640328e+00   3.5454622e-01
   1.0819221e+01  -8.7055159e-01
   7.2431359e+00  -6.9417361e-01
   1.0809375e+01   9.6948708e-01
   1.0474394e+01   1.7262169e-01
   7.9809072e+00  -3.3407244e-02
   9.3029311e+00  -1.3803009e+00
   1.1008094e+01  -2.1601506e+00
   1.1067922e+01   1.4570196e+00
   1.2759989e+01  -1.1893294e+00
   1.0847053e+01  -2.9988839e-01
   1.0041734e+01  -1.4678056e-01
   9.6234576e+00   7.3107251e-01
   9.5233508e+00   2.5644887e-01
   8.9417774e+00   5.3108104e-02
   1.1025240e+01   2.8424700e-01
   9.1348587e+00  -5.5707821e-01
   1.0692268e+01  -3.4233917e-01
   1.0768867e+01  -8.6016865e-01
   9.1891763e+00  -1.1614829e+00
   9.7512698e+00   3.8341526e-01
   1.0427676e+01  -7.5281093e-01
   1.0148008e+01   2.2533684e+00
   1.0395621e+01  -9.3515568e-01
   1.0724445e+01  -1.1325797e+00
   9.7099026e+00   1.0293848e+00
   1.0249370e+01  -1.6864246e-01
   9.5303939e+00   1.6215806e+00
   9.2770969e+00   1.1677802e+00
   1.1026032e+01  -2.5605671e+00
   9.5007502e+00   7.4035069e-01
   9.1657400e+00   1.2591768e-01
   1.0096565e+01   2.3970082e-02
   9.2238596e+00   9.0893365e-01
   1.1901215e+01  -1.9029561e+00
   9.8322062e+00   1.7773885e+00
   1.2081932e+01   7.1349913e-02
   1.0975301e+01  -1.0557043e+00
   1.0082739e+01   8.0893836e-01
   9.8520964e+00  -6.5651398e-01
   9.1767466e+00  -4.1515120e-01
   1.0361249e+01   1.2696039e+00
   9.8358250e+00   9.1659503e-01
   9.8223002e+00   4.0871955e-01
   8.8550085e+00   7.1995328e-01
   8.8266392e+00  -3.7779433e-01
   9.4708979e+00   6.4903478e-01
   1.0777640e+01  -5.4529563e-01
   9.7220951e+00   5.4312762e-01
   1.0468166e+01   3.5756076e-01
   8.9557040e+00  -1.3196392e+00
   1.0301563e+01   1.7629445e+00
   9.9525225e+00  -1.3342916e+00
   9.9978018e+00  -1.1062284e+00
   1.0330372e+01   6.7630677e-01
   9.9432413e+00   1.4591411e-01
   1.1177442e+01   3.1187091e-01
   9.2116924e+00   4.9312884e-01
   8.2895396e+00  -1.3154540e-01
   1.0821722e+01  -1.0062783e+00
   7.7247320e+00  -6.4033264e-01
   1.0384896e+01   8.1271285e-01
   1.0081165e+01   2.4089055e-01
   8.7060550e+00   8.3152940e-02
   1.0655721e+01  -1.3563485e+00
   1.0314849e+01   1.1963885e+00
   1.1536075e+01  -1.8969954e-01
   1.0080194e+01  -5.2068121e-01
   8.9900845e+00   2.3831882e+00
   8.0881981e+00   4.2317990e-01
   9.5675184e+00   1.1431081e+00
   8.9036875e+00   9.6874687e-01
   1.1331949e+01  -6.2577753e-01
   9.1475642e+00  -9.8237112e-01
   1.0263068e+01   8.5166992e-01
   1.2690324e+01  -3.7544194e-01
   8.8294593e+00   3.9607714e-01
   1.0211175e+01   1.8242307e+00
   1.1183719e+01   3.0512491e-01
   9.7645085e+00   8.4542379e-01
   1.1070334e+01   1.8911596e-01
   9.0145979e+00  -1.6279015e+00
   9.3869421e+00  -1.2327965e+00
   8.8436727e+00   2.0476477e-01
   9.9563697e+00   2.3822788e+00
   1.2099776e+01  -3.3682999e-01
   1.0192404e+01   9.6392525e-01
   1.0636936e+01   1.0921317e+00
   1.0678565e+01   2.1653433e-01
   1.1003112e+01   2.2021971e+00
   9.1287666e+00  -1.4799471e+00
   9.8078065e+00  -8.9799228e-01
   1.1481549e+01  -3.8420090e-01
   1.1301935e+01  -1.7400106e+00
   1.0680532e+01  -2.8281816e-01
   7.8535539e+00   8.1180375e-01
   1.2183919e+01  -5.6033161e-01
   1.0350210e+01  -1.8164722e+00
   1.0509533e+01  -1.0652266e+00
   1.1932888e+01   5.4094512e-01
   9.5413404e+00  -4.3902252e-01
   1.0358820e+01   5.8234546e-01
   9.5181802e+00  -1.3025057e+00
   1.0280648e+01  -1.4191220e+00
   1.0471582e+01   2.9438951e-01
   1.0353248e+01   8.1152311e-01
   7.4691772e+00  -1.4820171e-01
   1.1003536e+01  -6.7238925e-02
   8.2334573e+00   4.7274670e-02
   9.0612514e+00   3.0555762e-01
   1.0581872e+01  -4.9163112e-01
   1.2008118e+01  -2.8503447e-01
   1.0491672e+01  -4.1024510e-01
   1.0622288e+01   1.2801575e+00
   9.7352432e+00   1.6896545e+00
   1.1148344e+01   6.3855994e-01
   1.1371446e+01  -1.1681175e-01
   8.7851742e+00  -3.0077463e-01
   8.7979282e+00  -1.7252922e+00
   9.5912480e+00   9.2443807e-03
   9.6593622e+00   1.2847962e-01
   1.0903510e+01   1.3280545e+00
   1.0024784e+01  -4.3431379e-01
   1.0305388e+01   1.4274007e-01
   1.0002218e+01   5.8515015e-02
   9.7263211e+00   2.5470785e-01
   1.0112262e+01  -4.8872157e-01
   1.0439381e+01   5.3723592e-01
   8.8032326e+00   3.5451213e-01
   8.9090173e+00   1.6849769e-02
   9.7260611e+00   1.1704333e+00
   9.1046467e+00   7.1330540e-01
   1.0432942e+01   1.5546731e+00
   1.0638739e+01  -1.7493643e+00
   1.1725697e+01  -8.4526590e-01
   9.9300896e+00  -1.1324545e+00
   1.1296075e+01  -5.9154762e-02
   9.1595387e+00   4.0550902e-01
   1.1095773e+01  -3.6852063e-01
   1.0019455e+01   3.6036633e-01
   1.0518631e+01  -7.8820927e-01
   9.6962393e+00  -1.3342210e+00
   1.1619231e+01   4.4978346e-01
   8.4567339e+00   1.2878015e+00
   1.0120657e+01  -6.5128381e-01
   1.0788146e+01  -2.2004247e+00
   8.2053839e+00   2.1077124e-01
   9.3413844e+00   4.1659842e-01
   8.5884636e+00  -6.9137282e-01
   9.6091514e+00  -8.1901216e-01
   1.0862467e+01  -1.8596230e+00
   9.8151173e+00   4.8440220e-01
   1.0009223e+01   1.4081737e+00
   1.0444649e+01   1.1831484e+00
   1.0281433e+01   1.8836594e-01
   7.3281512e+00  -5.6662026e-01
   1.0058010e+01  -5.9913720e-01
   9.3106073e+00   5.9459037e-02
   1.0365068e+01   2.9422135e-01
   1.0103341e+01  -5.1549784e-02
   8.7434550e+00   3.2720463e-01
   1.0379021e+01  -1.6295583e+00
   1.0980052e+01  -3.7109205e-01
   1.0716825e+01  -8.7751415e-01
   1.0916092e+01   1.2684832e-01
   9.7592544e+00  -7.1463161e-01
   1.0630454e+01  -2.6579127e-01
   8.4760847e+00  -2.0081694e+00
   1.1596026e+01  -1.3102019e+00
   9.9922603e+00   1.4290306e+00
   1.0798865e+01   3.7768994e-01
   1.0090047e+01  -1.0308222e+00
   8.7544011e+00  -4.5358676e-02
   8.5963913e+00  -1.2545846e+00
   1.0899506e+01  -8.8776717e-01
   9.6158488e+00  -7.6231553e-01
   1.0493937e+01  -9.1181613e-01
   1.0573103e+01  -4.4061934e-02
   1.0113936e+01  -1.0433414e+00
   1.1859497e+01  -5.6249003e-01
   9.6515194e+00  -5.5716709e-01
   1.0332724e+01  -1.6734983e-01
   9.3954696e+00   4.7117922e-01
   1.1075156e+01  -8.3521080e-01
   1.1640254e+01   1.2563845e+00
   9.8128873e+00   1.7069743e+00
   9.6683157e+00  -2.5394788e-01
   9.4727000e+00  -2.7118912e+00
   1.0156096e+01  -7.5916292e-02
   8.5648141e+00   2.9118904e-01
   1.1534995e+01   1.2237707e+00
   8.6471634e+00  -1.7020793e+00
   9.9661407e+00   2.9787486e-01
   1.1080709e+01   3.7845269e-01
   9.2913271e+00  -1.0733728e+00
   1.0619808e+01   1.0682256e+00
   8.6071748e+00  -2.6557423e+00
   9.7668974e+00  -8.0850078e-01
   1.1160136e+01  -5.3737538e-02
   9.8098741e+00   3.7748968e-01
   1.0059082e+01   7.8514989e-01
   1.0227773e+01   3.7634733e-01
   1.0063924e+01   1.5810954e+00
   1.0279929e+01  -2.4632379e-01
   9.0869905e+00   1.2106303e-01
   8.7939706e+00   1.6557353e+00
   8.1663476e+00  -2.2434432e+00
   9.1935630e+00   1.1050018e+00
   9.9020259e+00   3.7550650e-01
   9.8155285e+00   6.9132830e-01
   9.8865026e+00  -2.2598422e-01
   9.4757473e+00  -1.8887137e+00
   9.9463947e+00   1.4735732e+00
   1.1267119e+01  -1.7548784e+00
   8.8654205e+00   1.3786012e+00
   9.5936631e+00  -1.1300876e+00
   9.9014400e+00   8.8513135e-01
   8.7219030e+00   7.1778373e-01
   1.0379742e+01  -6.7984296e-01
   9.6476290e+00  -5.8583306e-02
   1.0669534e+01  -1.2079347e+00
   9.8737568e+00  -1.9695691e-01
   9.2285962e+00  -4.9660407e-01
   9.6177991e+00   4.6202570e-01
   1.0149427e+01   1.4550845e+00
   8.6978043e+00   2.6194619e-01
   1.1608436e+01   5.3511949e-02
   1.0110962e+01  -5.0687191e-02
   8.0523866e+00  -2.2511301e+00
   1.0117550e+01   1.1643810e+00
   8.8448296e+00  -2.8029611e-01
   8.7774515e+00   1.4066533e+00
   9.7766029e+00  -2.9196471e-01
   1.0493326e+01  -2.5533255e-01
   1.0771162e+01   3.9073950e-01
   1.1364166e+01  -5.7725091e-01
   9.8088082e+00   1.6649333e+00
   1.1011789e+01   5.7122112e-01
   7.2519794e+00  -1.0107754e+00
   9.7947531e+00   1.0371979e+00
   1.0043041e+01  -1.3453051e+00
   9.4616595e+00  -1.9315279e+00
   9.0112394e+00   1.3568604e+00
   9.3381116e+00   1.7392581e+00
   1.1115862e+01  -1.9365200e+00
   1.0249511e+01   1.1372614e-01
   9.5879578e+00  -3.6535520e-01
   9.8344314e+00  -8.2213028e-01
   1.0704526e+01   4.3563691e-01
   1.0002733e+01  -6.4153022e-01
   9.6334245e+00   1.1890347e+00
   9.1217985e+00  -9.5913778e-01
   8.2275301e+00   2.8445966e-01
   8.5545731e+00   2.6911139e+00
   8.2505660e+00   4.6593889e-01
   9.9324213e+00   3.3123395e-03
   1.0109112e+01  -5.7042465e-02
   1.0356438e+01  -1.1525237e+00
   9.5960673e+00   1.2578270e+00
   1.0602474e+01  -2.7856510e-01
   9.9790700e+00   2.1803608e-01
   9.3686150e+00  -5.0715143e-01
   1.0375272e+01  -8.0327977e-02
   8.4486969e+00   3.7495266e-02
   9.9015063e+00  -2.0194720e-01
   1.0901767e+01   1.2995762e+00
   9.5505179e+00   1.7974558e+00
   1.0387889e+01   6.2344253e-01
   1.2049882e+01  -3.3248668e-01
   1.2485705e+01  -9.4376088e-01
   9.2054863e+00  -1.2436489e+00
   1.1081043e+01  -3.5821946e-01
   1.0369659e+01   5.6320689e-01
   1.0909613e+01   1.1527193e-01
   1.0237233e+01   3.3628496e-01
   8.7138398e+00  -1.6074108e+00
   9.5350239e+00  -8.3160128e-01
   9.0843786e+00  -1.2627917e+00
   8.9355670e+00   1.2184535e+00
   9.5055819e+00  -8.1726502e-01
   9.7334793e+00  -5.0245378e-01
   9.7351363e+00   4.0340154e-01
   9.5689244e+00  -4.1189229e-01
   1.0265043e+01   1.2015037e+00
   7.5739746e+00  -6.1920418e-01
   1.1148116e+01   1.4085613e+00
   9.0659772e+00  -8.2878527e-01
   9.8127677e+00  -1.3632437e+00
   1.0492234e+01   1.2208825e-01
   1.0091768e+01  -3.7230358e-01
   9.3867019e+00  -1.9992528e-01
   1.0102077e+01  -2.0640228e+00
   1.0319164e+01   9.4740493e-01
   1.0727603e+01   9.8109561e-01
   9.8557793e+00   4.4130019e-01
   9.1626683e+00   1.6034138e+00
