  -3.4203114e-01   3.5916212e-03
   1.0835037e+00   2.4531262e+00
   2.3604618e-01  -1.3690780e+00
  -3.5839798e-01  -4.5715400e-01
  -5.8865620e-01  -2.4988165e-01
  -1.8001103e-03   6.6377588e-01
  -1.1337408e+00  -8.7610857e-01
   8.4287303e-01  -8.3532144e-02
  -1.1562502e+00  -1.7386745e+00
  -5.9167151e-01   7.2736612e-01
   6.9532079e-01   3.2659220e+00
   2.9156126e-01   1.6973024e+00
   2.9462808e-01   1.0102651e+00
  -7.8727009e-02   7.6295670e-01
   3.7159684e+00  -6.4619546e-01
  -5.6589045e-01  -1.4848059e-01
   3.4322755e-01  -4.1820169e-01
   6.6610440e-01   5.7128527e-01
  -2.6472353e-01  -5.0683490e-01
  -2.6208419e-01  -5.7875140e-01
   1.7325614e+00  -2.6426051e-01
   7.4615243e-02  -6.3344376e-01
  -1.7506213e-01  -1.1372651e+00
  -5.5936159e-01  -8.0103017e-01
  -8.3443915e-01   1.0900046e+00
   4.5157884e-01   9.0092486e-01
   6.8811373e-02  -5.8389805e-01
   1.2986836e+00  -8.6686524e-01
   7.5728905e-01   7.7394014e-01
   5.3212390e-01  -1.0479018e+00
  -1.8361734e+00  -5.1325715e-03
  -4.5598630e-01  -1.1290665e+00
  -5.3021008e-01   4.2755777e-01
   8.6932210e-02   1.6474930e+00
  -1.6704722e+00   9.1292977e-01
  -1.2119315e+00  -1.4290926e+00
  -5.0607849e-01  -7.8440650e-01
  -8.1592790e-01   5.6988613e-01
   4.3786775e-01  -7.4379709e-01
  -5.5932434e-01  -1.3702647e-01
  -1.3816134e+00   6.0131294e-01
   2.4049037e-01  -9.1985472e-01
   5.5324868e-01  -3.6521375e-01
  -1.0186701e-01  -3.0627098e-01
  -1.9292311e+00   1.2065704e-01
  -7.1884017e-01  -4.6355808e-01
  -9.6825896e-01  -1.3966283e-01
  -1.2512802e+00  -1.0349720e+00
  -2.2946340e-01   3.9823694e-01
   7.2061198e-01   2.1925494e+00
  -1.3072192e-01  -2.1728990e-01
  -1.3781553e-01  -1.1222702e+00
   1.0374260e+00   7.4674176e-01
  -1.1370428e+00  -6.5101559e-01
   1.0743977e+00  -8.6214469e-01
  -8.7732534e-01  -6.3439827e-01
  -8.3026034e-01  -5.1980557e-01
   1.0638689e+00  -4.4500995e-01
   1.4077250e+00  -6.5790572e-01
  -6.3652603e-01   2.1749733e-01
  -1.6046287e+00   2.6844963e-01
  -7.4321428e-01   3.4836386e-02
   2.0457301e+00   6.7958986e-01
   9.2704758e-01  -1.4451873e+00
   9.8603845e-01   1.1240823e+00
  -2.5285617e-01  -8.6186274e-01
  -1.5249896e-01   3.3344177e-01
   4.3982185e-01   6.6912782e-01
  -5.3266875e-01  -6.6723978e-02
  -3.9903126e-01  -6.6415573e-01
  -1.3105467e+00  -1.8834322e-01
   8.5451971e-01  -3.0225037e-01
   1.1980058e-01   2.5975634e+00
   3.3294949e-01   1.8385422e-01
   1.9657256e+00  -3.2149899e-01
   1.4029108e+00   6.4735433e-01
  -2.5369810e-01  -9.5756998e-01
  -1.3006238e+00   4.9316965e-01
  -1.9333335e+00  -9.8760737e-01
   2.8441044e-01   2.9267663e-01
   1.7370543e+00   1.4295923e+00
  -1.3642569e+00  -4.9042869e-01
   9.1994101e-02   1.3650034e+00
   1.8822513e+00   9.1732001e-01
  -7.4680596e-01  -3.8526500e-01
   2.7936075e-01   1.5680754e+00
  -1.2622138e+00   1.7195762e+00
   8.9869256e-01   3.2555830e-01
  -3.2709674e-01   4.6196910e-01
   7.6003958e-01  -5.3781394e-01
  -2.7013943e-01   8.5553963e-01
   2.5248728e-01  -1.3520029e-01
   1.4526796e+00   1.2883511e+00
   4.5597801e-01  -5.2143544e-01
  -1.3566931e+00  -5.5521596e-01
   1.0623471e+00   1.3814412e-01
   4.7178265e-01   1.1790604e+00
  -1.4340344e-01   7.1844773e-01
   9.0796325e-02   1.6731642e+00
   1.2938859e+00   2.2218801e-01
   2.3592253e-02   5.5043688e-01
   5.8469507e-01   1.2810262e+00
   3.0598316e-03  -1.0128192e+00
   1.1923753e+00   9.2211851e-01
  -7.2128212e-01  -5.9811207e-01
   1.8117905e+00  -8.6220431e-01
   8.1016215e-01  -1.2536827e+00
  -3.3063460e-01   7.0371568e-01
   4.0608960e-01  -3.0784126e+00
  -1.4065894e+00   8.4783164e-01
   1.4229564e+00  -1.8984919e-01
  -2.1362874e+00  -1.8761933e+00
  -1.0658889e+00  -7.2439734e-01
   4.4181863e-01   1.1151911e+00
   6.3249134e-01  -8.6709349e-01
  -4.2850826e-01  -7.6592718e-01
  -5.0265458e-01  -2.3400825e+00
   1.2169205e+00  -3.0338733e-01
   3.1197618e-01   1.1072720e-01
  -1.4143905e+00  -6.3552489e-01
  -1.1938346e+00  -7.5357044e-01
  -1.3711636e+00   1.2830551e+00
   1.8579771e-01   1.0541535e-04
  -1.2498325e+00   3.0728869e+00
  -3.6204859e-01   2.5213573e+00
  -1.1430126e+00  -1.2712502e-01
   1.2147401e+00  -4.5305373e-01
   5.2010399e-01  -4.2388699e-01
  -1.0127626e+00   7.9559282e-01
  -1.8517097e+00  -1.5026025e+00
   4.5273531e-01   1.9506411e+00
  -3.1677101e-01   8.1559308e-01
  -8.8320463e-01   1.0286655e-01
   8.2971340e-01   1.0261917e+00
   1.6171937e+00  -1.5562234e+00
   6.4604093e-01   7.3801332e-01
   1.2307364e-01   2.1880591e+00
   9.9085429e-01   2.7933278e-01
  -2.9431453e-01  -1.5606346e+00
  -1.2786760e+00  -1.9004380e-01
   1.8090682e+00   1.2059009e+00
   2.0383729e-01  -1.6769419e-01
  -1.0005629e+00  -1.2479623e+00
  -1.5039688e+00   6.5457065e-01
   8.1095516e-02   4.1169978e-01
  -1.5756092e-01  -8.1468114e-01
   1.6619205e+00   2.9472583e-03
  -1.6519613e-01   2.4379551e-01
  -5.9024128e-01   1.3408707e+00
   1.8929559e+00  -9.3367009e-02
  -7.8421449e-01   4.6510123e-01
  -5.8190083e-01   8.4580602e-01
   2.2031009e-01   3.5484513e-01
  -2.0137995e-01   2.6409487e+00
   1.1907788e-01  -8.2674073e-01
  -1.5113819e+00   1.2556347e+00
  -3.0000774e-01  -9.9407777e-01
  -1.4640271e-01   1.1309948e+00
  -1.2896952e+00  -1.5221360e+00
   6.7979263e-01   8.7508822e-01
  -2.1819043e+00  -7.5285792e-01
  -4.4890098e-01   1.1320488e+00
   1.2651582e+00  -3.2558988e-01
  -9.1918785e-01  -5.6025500e-01
  -2.0302578e+00   1.0906212e+00
   1.1688144e-02   2.1927482e-01
   1.8325715e+00  -2.6970078e-02
  -8.5402192e-01   1.2114920e+00
   1.3723449e+00   1.8741512e+00
   1.1018972e+00   4.9829881e-01
  -4.6491388e-01  -1.0003336e-01
  -1.1468045e+00   3.8474901e-01
   1.0238994e+00   8.9085557e-01
  -1.6636118e-01   4.6563744e-01
   1.1808396e+00   6.5913408e-01
  -7.8217924e-01  -1.1876838e+00
   9.4320634e-01  -8.6885549e-01
   4.5081224e-02  -3.4649141e-01
   5.9524544e-01   1.5088553e+00
  -1.3273846e+00  -2.7692433e-01
  -8.2086815e-01  -1.8497059e-01
  -1.1743798e+00  -4.6531197e-01
   5.0051402e-01  -1.8389439e-01
  -1.7192923e+00   5.4096818e-01
   6.5384280e-01   1.9510578e+00
   9.1316926e-01  -5.9092659e-01
   1.3240917e+00   1.2389130e+00
  -2.0776912e-02  -1.7020094e-01
  -3.2682882e-01  -4.4697191e-01
   1.2027881e+00  -2.2209163e-01
   1.5913375e-01  -1.1214787e+00
   5.9231223e-02   2.6120925e-01
  -2.5592581e-01   5.4859531e-01
  -2.8136800e-01   2.2291038e-01
   1.4727690e+00  -2.1106182e+00
  -1.5793216e-01  -1.2518839e+00
  -2.0239882e+00   2.5190725e-01
  -2.2599435e-01   4.8510945e-02
   8.1332411e-01  -3.8905590e-01
   1.2908792e-01  -1.0483476e+00
   1.6227610e+00   1.6457782e+00
  -6.0987764e-01   1.2425736e+00
   3.5083657e-01  -5.7892346e-01
   7.1503976e-01   6.2315581e-01
  -1.5480107e-01  -1.5444922e-01
  -9.0625944e-01  -1.8547470e-01
  -1.4745420e+00  -5.1314975e-01
  -8.4897839e-01   1.1285432e+00
   3.0125283e-01   2.8870187e+00
   1.0763461e-01   2.5188290e+00
   1.5067962e+00  -1.3573347e+00
  -1.9657417e+00  -9.4948257e-01
   8.3951296e-01   1.7482349e+00
   5.1949976e-01   1.5786179e-01
   1.0885859e+00   4.2088543e-01
   5.9558143e-01   5.0257525e-01
  -1.9452248e-01   9.7049881e-01
   4.3978274e-02  -1.2962438e-01
   2.3356389e+00   2.1512690e+00
  -2.2291446e+00   2.0049671e-01
   3.4533876e-01  -1.9286434e+00
  -4.5870639e-01   4.8421968e-01
   2.3116161e-01   6.0498758e-01
  -1.1320134e+00   8.2620383e-01
  -9.8632468e-01   3.3770687e-01
  -1.1116994e+00  -1.0005310e+00
  -8.0915430e-02   1.8054442e-02
   4.9898632e-01  -1.0540881e+00
   5.5736033e-01   5.0129619e-01
   1.6591178e-01   7.3565164e-01
   2.3067819e-01  -5.7422314e-02
  -7.1860057e-01  -2.2954863e-01
  -4.0036937e-01   1.1749495e+00
  -2.2108451e-01   9.4895903e-01
   9.0267535e-01  -3.2857645e-01
   9.0111473e-01   2.3669500e-01
  -1.5348257e+00  -3.2644820e-01
  -4.0993906e-01  -7.9684687e-01
  -5.4352465e-01  -5.3458710e-01
  -1.0686436e+00   1.0333934e+00
  -2.0219348e-01   8.8404947e-01
   2.3761804e-01   3.8537293e-03
  -4.9897566e-01  -8.9109326e-01
  -3.2465525e-02   2.0235071e+00
  -2.6052290e-01   7.7278909e-01
   9.5624344e-01   6.0061105e-01
  -6.7249908e-01  -6.0684108e-01
  -8.9281515e-01   1.4443344e+00
   4.0580106e-01   1.0515728e-01
   2.2238439e+00   3.0917184e-01
   1.8675221e+00   1.1533398e+00
  -7.9036751e-02  -1.3244206e+00
   4.0765678e-01  -1.2061992e+00
  -4.2025154e-01   7.9233554e-01
  -1.0419074e+00   2.3152915e-01
  -1.5156700e-01  -4.0379487e-01
  -4.1739461e-01  -1.1658962e+00
   6.4279433e-02  -8.9757285e-01
   1.2524537e+00  -7.6902303e-01
  -1.0484616e-01  -1.0243253e+00
   1.6723052e+00  -6.8521445e-01
  -1.6551289e+00  -1.3773232e+00
  -9.8509239e-01  -8.4047556e-02
  -1.3287508e+00   3.0488412e-01
  -1.7713716e+00   1.7321692e-01
   9.9960315e-01   1.2314479e-03
   8.3294413e-01  -1.3639563e+00
   5.3696945e-01   1.0843831e+00
   4.9290832e-01   8.0755040e-01
   6.8034712e-01  -3.6285020e-01
   2.0418107e+00  -7.7214568e-01
  -4.4028587e-01  -2.7504727e+00
   4.4477249e-01   4.6885251e-01
   6.5915907e-01   1.6763981e+00
  -1.5086243e+00   6.7470173e-01
   1.4830607e+00   2.6611453e-01
  -3.0532989e-01  -1.4053507e+00
  -3.6386031e-01  -1.1013691e+00
  -1.0413840e+00  -6.1134881e-01
  -1.8909645e-01   6.1655078e-01
   4.4142488e-01   1.4878315e+00
   2.5651598e-02   6.6622125e-01
  -1.0965368e+00  -1.0216137e+00
   9.1061634e-02   1.7944795e+00
  -2.1372661e-01   2.4595369e+00
  -1.2831162e+00   1.7526416e+00
   1.8192701e+00  -7.7099897e-01
  -1.3010490e+00  -1.4912280e+00
   1.7006916e-01   2.6752014e-01
   1.4277559e+00   8.5442312e-01
   1.0055469e+00  -6.7435408e-01
   9.3164881e-01   3.7733963e-01
  -2.5130675e+00   2.1620468e-01
  -1.0958287e+00  -8.1234546e-01
  -2.2433908e+00  -1.2732557e+00
  -4.0516777e-01  -2.9146527e-02
  -1.5510402e-01   1.0999601e+00
   1.2499550e+00  -3.1862864e-01
  -2.0183464e-01   1.2246822e+00
   5.2223952e-01   2.7910631e-01
  -2.1799358e+00  -3.8714493e-01
   8.3629332e-01   1.6497367e-01
  -7.7542397e-01   1.7226433e-01
   1.0319810e+00   4.3438983e-01
  -1.3232758e+00  -1.2940142e+00
   1.1368761e+00   2.1963541e-01
  -2.1733288e-02  -1.1455448e+00
  -1.3873268e-01   9.2270889e-01
   1.0424379e+00   1.1789822e+00
  -3.9339154e-01  -8.5694230e-01
   6.1706948e-01  -1.0842414e+00
   2.1696874e-01  -1.1017880e+00
   8.5212085e-01   4.4092522e-01
   2.5451059e+00  -4.5306649e-01
  -6.3130037e-01   4.2855628e-01
   1.5134438e+00   7.6155456e-01
  -2.4133697e-01   1.1759600e+00
  -4.8455477e-01  -1.2538736e+00
   4.3613038e-01  -3.4316107e-01
   7.5575316e-02   8.0591014e-01
  -9.9957724e-01   2.0664252e+00
  -8.8707449e-02  -6.4405282e-01
   6.9497361e-02  -1.4590302e+00
   1.7821144e-01   1.2076414e+00
  -1.2524268e+00  -5.9644203e-01
   4.6913684e-01   5.3985063e-01
  -5.4347003e-01  -8.7351584e-01
  -1.2551422e-01  -5.4777038e-01
   4.4089058e-01  -9.8819687e-01
   1.5089075e+00  -1.7235804e-01
  -1.2768757e+00   1.9311958e+00
   1.2147311e+00   6.0669090e-01
   7.9629345e-01   3.9253051e-01
   1.7420233e+00   1.5425771e+00
   4.7262966e-02   4.1013632e-01
   1.9409530e+00  -1.0172818e+00
   5.0305269e-01  -1.2483189e-01
   1.7928700e-01   1.8208269e+00
   7.0750285e-01  -5.4717529e-02
  -8.4049648e-01   2.1130218e+00
   6.7253973e-02  -7.6306294e-01
  -2.2101389e+00   7.8676583e-01
   6.9467277e-01   6.1165006e-01
   4.8501249e-01   9.5396105e-01
   4.6315449e-01  -6.2615571e-03
   2.5621616e+00  -5.3636086e-01
  -1.8194680e+00  -3.6356918e-01
   1.0902701e+00   1.4718906e+00
   6.0486388e-01   5.3365151e-01
   1.5454998e+00   1.0984607e-01
   2.1015151e+00   5.0337778e-01
   6.4103150e-01  -5.2285356e-01
   5.7654500e-01  -1.3045981e-01
   8.6484232e-01   4.4681428e-01
  -4.5655580e-01   1.4620286e-01
  -3.3967571e-01  -7.8637002e-01
   1.6619261e-01  -9.7236350e-01
   1.4176583e+00   1.5938420e+00
   4.3758028e-01   1.9511992e+00
  -9.1873833e-01  -1.5950191e-01
   9.6446322e-01  -1.7433353e+00
  -4.1933111e-01  -6.8417088e-01
   1.0035042e+00  -1.4452419e+00
  -1.2715826e+00   8.9731985e-01
   5.9965866e-01  -1.2853226e+00
  -2.0867191e-01   8.0821222e-02
  -1.1687789e+00   2.0072110e+00
   3.8968970e-01   1.0746141e+00
   8.3722703e-01   7.2793618e-01
   7.1717238e-02  -8.6668262e-01
   1.2441607e+00  -1.6662616e+00
   9.5557817e-01  -8.5515237e-01
  -1.6507172e+00   6.5184705e-01
   7.7936089e-01  -2.7354114e-01
  -7.4590368e-01  -4.0343796e-02
  -1.3340334e+00  -3.7547092e-02
   1.2525090e+00   2.4890044e-01
  -1.4630804e+00   8.4568555e-01
  -7.9233332e-01  -2.6827309e-01
   6.3282390e-01  -8.1526790e-01
  -1.4134887e-01   2.0175392e-01
  -2.2424094e-01   6.3296287e-01
   5.4027323e-01   5.4642727e-01
  -9.6203721e-01   3.3271831e-01
  -1.0432739e-02   2.1115921e-01
  -7.7376170e-01   6.4800163e-01
   1.5805361e+00  -3.9036272e-01
  -2.1816642e+00  -4.1166391e-01
  -1.5313008e+00   1.8185816e+00
   1.1886065e+00   1.6022909e+00
  -1.4812467e+00   5.7561703e-01
  -5.0188510e-01  -8.7201924e-01
   3.9231315e-01  -5.6570011e-01
   1.8986365e-01  -3.7750933e-01
   3.1703971e-01  -1.6176983e+00
  -1.3397466e+00  -4.4405900e-01
  -7.1558887e-01   9.3853148e-01
  -9.6273836e-01  -4.2452957e-02
   8.0562970e-01  -1.9371400e+00
  -1.7957148e+00  -1.1128706e+00
   9.9367579e+00   7.6198427e-01
   9.1989319e+00  -1.3567513e+00
   9.5078766e+00  -1.2926851e+00
   1.1728712e+01   7.6430423e-01
   1.0343701e+01   5.7909182e-01
   9.6504666e+00   1.5482937e+00
   8.9705443e+00  -9.6833469e-01
   9.9165833e+00  -5.0160719e-01
   9.8494310e+00  -9.2971863e-01
   7.9025037e+00   8.0216289e-01
   1.0951771e+01   4.2061072e-01
   1.1184779e+01  -3.2694216e-01
   8.6917366e+00  -1.0166128e-01
   9.5901067e+00   2.1750853e+00
   1.1952403e+01  -2.0929315e-01
   9.9505278e+00  -1.1883406e+00
   9.6984130e+00  -1.9913460e+00
   8.8524093e+00   2.1788843e-01
   9.8261840e+00   1.2464518e-01
   1.1656243e+01  -2.0761341e-01
   1.0131509e+01   1.7469803e-02
   9.3432088e+00  -9.0411192e-01
   1.0615873e+01   1.9897971e+00
   1.0350215e+01   7.6416972e-01
   1.0539442e+01   1.8921042e-01
   9.4439887e+00  -5.3510165e-01
   8.6312846e+00   1.0281249e+00
   1.0397948e+01  -6.2054741e-01
   8.3665644e+00   9.3542263e-02
   9.8070965e+00   1.3409244e+00
   1.1690536e+01   1.1296005e+00
   9.3455437e+00   4.7653998e-01
   1.0384386e+01   1.2479131e+00
   8.7947810e+00  -3.4840482e-01
   1.1715514e+01   8.2942224e-01
   1.0180963e+01   1.0590106e-01
   9.3581102e+00   1.1112139e+00
   9.0368742e+00  -2.3042955e-01
   9.4934289e+00  -1.7427850e-02
   9.1106660e+00   3.9950624e-01
   1.0661865e+01   5.0557873e-01
   7.9170201e+00  -6.6627924e-01
   9.9690032e+00  -1.0577218e-01
   1.0849661e+01  -6.2504662e-01
   9.6728019e+00   1.8554307e+00
   9.7842396e+00  -1.3844033e+00
   9.9304978e+00  -3.2791011e-01
   1.0612138e+01  -4.9855849e-01
   9.3870239e+00   6.4286641e-01
   9.0351885e+00   8.5525249e-01
   1.1248144e+01  -6.1845737e-01
   9.4115198e+00  -7.3669422e-02
   9.7411025e+00   2.2764174e+00
   1.1471015e+01  -9.2360584e-01
   1.0323178e+01   4.1248844e-01
   1.0346834e+01   1.3313915e-01
   9.9148485e+00   2.2140232e+00
   9.1273264e+00   1.5178322e+00
   8.9109159e+00   6.4327332e-02
   1.0876330e+01   5.4555201e-01
   8.5411569e+00  -2.1806090e-01
   1.1290916e+01   1.1405700e+00
   1.0086166e+01  -8.0346420e-01
   9.4947719e+00   3.0514865e-01
   1.2597985e+01  -1.0552382e+00
   9.9561572e+00   6.2674861e-01
   1.0975018e+01  -1.6625514e-01
   1.0167269e+01   1.0624621e+00
   1.0877778e+01  -2.5405472e+00
   9.5203443e+00  -9.4076503e-01
   1.0124663e+01  -4.0170560e-01
   9.5929247e+00  -7.1895168e-01
   1.0758876e+01  -1.6438440e+00
   1.0665673e+01  -3.2350850e+00
   9.4737976e+00   4.0166998e-01
   9.9231144e+00  -1.4377512e+00
   1.2601366e+01   1.2827904e+00
   9.7194127e+00  -8.3762165e-01
   1.1258342e+01  -1.5382236e-01
   8.7206307e+00   1.5418664e+00
   9.3135835e+00   6.9413020e-01
   9.1861855e+00  -1.2924108e+00
   8.9474798e+00  -5.7548954e-01
   1.1081327e+01  -1.0695682e+00
   1.1246731e+01   2.4657670e-01
   1.0277967e+01   1.5330045e+00
   8.7561657e+00   6.1054701e-01
   1.1798884e+01   4.0613149e-01
   1.0989785e+01  -9.0693663e-01
   1.0142066e+01   6.2934236e-01
   9.9406275e+00   1.3325749e+00
   9.8795026e+00   1.6666857e+00
   9.1890655e+00   1.9810730e+00
   8.2195255e+00  -3.9967517e-01
   1.0418127e+01   1.2344796e+00
   1.1979855e+01  -2.6774334e-01
   9.4894588e+00   1.7244131e+00
   1.0556303e+01   1.0979994e+00
   9.6811777e+00  -2.3525029e+00
   1.0149955e+01  -2.8067809e+00
   9.1789367e+00   1.8910911e+00
   9.3606211e+00   7.8534557e-02
   1.0013834e+01   1.7894361e-01
   9.8267302e+00  -1.1402790e+00
   1.1105147e+01  -3.3701481e-02
   1.0094467e+01  -1.4461974e+00
   1.0299223e+01  -3.0701677e-01
   1.0530144e+01  -8.3167808e-01
   9.7295710e+00  -4.6894541e-01
   1.0230023e+01   2.0169705e+00
   9.1608319e+00  -5.2008096e-01
   1.1266625e+01   1.4914355e-01
   1.0354909e+01   7.7687734e-01
   1.0523362e+01   2.5968165e-02
   9.2682792e+00   7.0957043e-01
   1.1264713e+01  -3.4649303e-01
   9.1111913e+00   9.9362537e-01
   9.4953887e+00  -9.6240348e-01
   9.5308494e+00  -3.8514465e-01
   1.0863072e+01   8.0957946e-01
   8.9892270e+00   1.5168206e+00
   1.1454980e+01  -5.1262680e-01
   9.0988620e+00  -5.9767689e-02
   1.0880755e+01  -3.7394306e-01
   1.0262060e+01  -3.0260347e-01
   8.8724430e+00   8.6612321e-02
   1.0806112e+01  -1.6205709e+00
   1.1137763e+01  -9.8761721e-01
   1.1157945e+01  -1.9141775e+00
   8.9691914e+00  -1.5611094e+00
   9.7740102e+00  -5.5169346e-01
   8.3304309e+00  -1.3123754e-01
   9.0274088e+00  -2.2633704e-01
   9.1486487e+00   6.5564289e-01
   9.8699041e+00  -2.3818764e-01
   8.5854858e+00  -7.4633722e-01
   1.1709470e+01   3.3376448e-01
   9.9072448e+00   3.7882448e-01
   1.0868857e+01  -2.7873123e+00
   1.1898045e+01   6.3003145e-01
   1.0580406e+01   3.1824053e-01
   1.0124261e+01   8.4676068e-01
   1.0353075e+01   3.1940111e-01
   9.1855735e+00  -6.4472080e-01
   1.0219763e+01   3.3301610e-01
   1.0925304e+01   8.3026664e-01
   1.2309064e+01  -3.2703220e-02
   9.6681855e+00  -1.1869943e+00
   8.3186773e+00   4.8704934e-01
   9.4762656e+00  -6.0591736e-01
   8.8219234e+00  -1.3754481e+00
   1.0871843e+01  -1.1895194e+00
   1.1990991e+01   6.1519048e-01
   1.0368173e+01   1.0903684e+00
   9.7372306e+00   4.4420457e-01
   1.0625010e+01  -3.8838566e-01
   1.0217240e+01  -1.0009935e-01
   8.1620688e+00  -8.4212072e-01
   9.5604983e+00  -1.8574669e+00
   8.8268308e+00   7.5076811e-01
   1.0147126e+01   1.4300081e+00
   9.4372516e+00   1.3216846e+00
   1.1639884e+01   1.0588288e-01
   9.9081568e+00  -1.5510008e+00
   1.0256170e+01  -4.3983843e-01
   1.0611682e+01   4.0955628e-01
   8.5500781e+00  -9.4021388e-01
   1.0118624e+01   1.2941003e+00
   1.0507142e+01  -1.5194926e+00
   8.6678374e+00  -6.2800640e-01
   1.2210264e+01  -7.7712401e-01
   9.2515495e+00   1.3362496e+00
   1.0149327e+01   2.8976729e-01
   1.0810607e+01  -2.5362867e-01
   1.1438350e+01   9.1415930e-01
   1.0483382e+01   1.4297944e-01
   9.2832149e+00   2.0730611e+00
   8.9640394e+00   1.5220847e+00
   1.0045038e+01  -1.8195695e-01
   9.6763813e+00   1.6567763e+00
   1.0046654e+01   4.2803012e-01
   8.7777330e+00   8.7004193e-01
   1.0570481e+01   1.2181033e+00
   1.1452895e+01  -1.4379994e+00
   1.1779208e+01  -6.7625398e-02
   1.1388826e+01  -1.2109936e+00
   8.7266394e+00  -5.7150424e-01
   9.1869748e+00   1.6226699e+00
   1.1375564e+01  -1.8933754e+00
   9.6434121e+00   1.1868295e+00
   9.6268109e+00  -1.6178571e+00
   9.6920832e+00  -4.3917632e-01
   1.0700746e+01  -1.2813723e+00
   1.1717584e+01  -1.0157541e+00
   9.9952440e+00   4.6039683e-01
   9.6614275e+00   5.8331612e-01
   1.0298083e+01  -5.6914418e-01
   9.5248588e+00   9.2487356e-01
   1.1192050e+01  -3.1965007e-01
   9.0696067e+00  -1.4099983e+00
   1.0156220e+01  -7.6794591e-01
   9.7316751e+00  -2.5685158e+00
   8.5112353e+00   1.2538471e-01
   9.3851875e+00   8.9212700e-01
   1.1856990e+01   1.3303242e+00
   9.4955046e+00   1.1009096e+00
   1.0079169e+01  -3.1258272e-01
   1.0581495e+01   9.4634583e-01
   1.0059732e+01  -3.3039484e-01
   1.0815658e+01   6.3464354e-01
   1.0659344e+01  -3.2292000e-01
   1.0288310e+01  -1.1382298e+00
   1.0321050e+01   1.9762159e+00
   9.9546513e+00   3.3567763e-01
   1.0336789e+01  -1.4080479e-01
   8.9944069e+00   9.7303148e-01
   1.0021419e+01  -1.3998340e+00
   1.0028418e+01   1.4144285e+00
   1.1014934e+01   7.1233031e-01
   1.1598536e+01  -3.5942015e-01
   8.3913201e+00  -2.8320433e-01
   9.8543352e+00  -2.2381466e-01
   1.0110112e+01  -1.2769099e-02
   9.3984681e+00   9.2615650e-01
   9.6702875e+00   3.1296971e-01
   1.1454232e+01   8.1975809e-02
   1.0356455e+01  -1.6657127e+00
   1.1254753e+01   1.2562750e+00
   9.5753863e+00   8.6447908e-01
   9.1884456e+00  -1.4010636e+00
   1.1191653e+01   1.5957979e-01
   9.4157783e+00   1.4491173e+00
   9.7880131e+00   1.1198280e-01
   9.6724814e+00  -4.3736165e-01
   1.1933417e+01   9.2793533e-01
   1.0028477e+01  -1.9977780e-01
   9.8241528e+00  -2.9207221e-01
   9.2275208e+00   1.4289520e+00
   9.8129785e+00   2.3364972e+00
   1.1072346e+01   4.5816109e-01
   9.9179328e+00   4.2988308e-01
   9.5086775e+00  -1.2069459e+00
   1.1158780e+01  -1.5472886e+00
   9.8547191e+00  -9.8842142e-01
   1.0867616e+01   1.0129037e+00
   1.1790460e+01  -1.3883633e+00
   1.0459440e+01   1.6423114e+00
   9.5793411e+00  -2.0518649e-01
   9.3337878e+00  -3.8037893e-01
   1.2493928e+01  -1.3591248e-02
   1.0878239e+01   3.0341284e-01
   9.4475924e+00   3.1304335e-01
   1.0470624e+01  -2.7700064e+00
   1.0348359e+01   3.7434424e-01
   9.1287617e+00  -9.2324237e-02
   1.1205142e+01  -4.8272076e-01
   1.0376566e+01   1.5189859e+00
   8.1084743e+00  -2.6008292e-01
   9.5814941e+00  -1.4058225e-01
   8.9901676e+00  -2.7209175e-01
   1.0268849e+01  -1.4093307e+00
   9.0126986e+00  -2.2429002e+00
   9.7792247e+00   5.3919035e-01
   8.6786545e+00  -1.7962980e+00
   8.9375748e+00  -1.5943296e-01
   1.0173931e+01   1.6665388e+00
   9.9562020e+00   5.5929896e-01
   9.4963820e+00  -1.3705458e-01
   9.8899242e+00   1.0134456e-01
   9.6900493e+00   3.5861883e-01
   1.0668683e+01  -2.3259628e-01
   1.0255730e+01  -6.4988082e-01
   9.5891338e+00   6.8652912e-03
   9.3678144e+00   2.1475770e-01
   1.0673747e+01  -7.2946449e-01
   9.5140327e+00  -6.3213916e-01
   9.7881454e+00  -6.3770305e-01
   9.4099946e+00  -9.7508603e-01
   8.3536606e+00  -2.8302879e-01
   1.1280791e+01  -1.0307608e+00
   8.9459386e+00   1.6938810e+00
   1.0134240e+01  -1.1055923e+00
   1.0982616e+01  -4.4044033e-01
   1.0155067e+01  -7.6680654e-01
   9.5263086e+00   3.2446907e-01
   1.0236341e+01   2.7481892e-01
   1.1336060e+01  -1.9506236e-01
   9.7304335e+00   7.9153402e-01
   9.4389032e+00  -1.0531025e-01
   1.0457383e+01  -3.1351203e-01
   1.1518854e+01   4.2373694e-01
   9.8646032e+00  -3.0043716e-01
   1.1193231e+01   2.0821431e-01
   1.2388346e+01   1.1420947e+00
   1.0412868e+01  -9.5925376e-01
   8.8131766e+00  -1.9515582e-01
   1.1192136e+01   5.5597229e-02
   1.0612207e+01   2.0565125e-01
   1.2247781e+01   1.5705810e-01
   8.9348998e+00  -7.0542422e-01
   9.4156071e+00  -1.2292397e-01
   1.0315143e+01   7.4815014e-01
   1.0352455e+01   2.1960437e-01
   1.1882549e+01   4.7164961e-01
   1.0007321e+01   1.7673993e+00
   1.0287795e+01   7.7428117e-01
   1.0317770e+01  -9.3639410e-01
   9.7330254e+00   7.5849106e-01
   9.6946885e+00  -6.6160937e-01
   7.7002994e+00  -6.1967923e-01
   9.5955697e+00  -1.9028687e-01
   9.4964210e+00  -8.9280572e-02
   9.7644634e+00   5.7747696e-01
   1.0119716e+01   6.7015659e-01
   9.8480688e+00  -1.4232278e+00
   1.0159913e+01   1.5290703e+00
   9.0599046e+00   8.4365429e-01
   9.6128657e+00   1.7108422e+00
   9.7909176e+00   7.2048326e-01
   1.0086817e+01  -2.9396028e-01
   1.0635811e+01  -9.7396735e-01
   9.3733111e+00   1.1881861e+00
   1.0416665e+01   4.8984577e-02
   1.1088946e+01   1.2479861e+00
   1.1260005e+01   5.4099483e-01
   8.0120170e+00  -1.0710645e+00
   9.8863253e+00   1.4767164e+00
   1.0785126e+01   4.7572364e-01
   1.0950707e+01   1.2449184e+00
   8.9954140e+00   1.6117919e-01
   9.5852833e+00  -2.3971799e+00
   9.7767515e+00  -1.9068011e+00
   1.1486993e+01  -1.5441073e-02
   1.0253914e+01  -5.4775355e-01
   1.1211496e+01  -7.3867464e-01
   8.7464400e+00  -7.2678056e-01
   1.0247387e+01  -2.3569674e-01
   1.0155259e+01  -5.7086453e-01
   9.1539302e+00  -2.2659985e-01
   9.1790851e+00  -2.5928657e+00
   1.1121222e+01   1.2096443e+00
   1.1122668e+01  -3.9950523e-01
   9.0632472e+00   4.5281705e-01
   9.4989616e+00  -5.2110863e-01
   1.0402947e+01  -7.7078327e-01
   1.1484747e+01   7.4132676e-01
   9.2747929e+00  -1.7350520e+00
   9.0500825e+00  -8.5863384e-01
   1.1679678e+01  -4.7993984e-01
   1.0002262e+01  -6.4423022e-02
   8.3565890e+00  -2.5565792e+00
   1.0703026e+01   6.9752104e-01
   9.3924673e+00   1.2757276e-01
   1.0117936e+01  -3.8006513e-01
   1.0204132e+01   7.3955747e-01
   1.1464550e+01   6.8121238e-01
   9.7051584e+00   1.9353710e+00
   1.0826972e+01  -4.4268676e-01
   9.7100720e+00   8.4951389e-01
   9.7874163e+00   8.4851245e-01
   1.0322154e+01  -8.8586162e-01
   1.0095029e+01  -4.4002961e-01
   9.4357134e+00  -1.6682817e-01
   9.3408695e+00  -9.7986797e-01
   1.0520624e+01   1.0371555e-03
   1.0560798e+01  -5.4743797e-01
   9.2147048e+00   5.2915076e-01
   1.0360093e+01  -1.4144464e-01
   8.7158505e+00   6.4573846e-01
   1.0145931e+01  -1.5664390e+00
   1.0773258e+01  -1.0129807e+00
   7.9100599e+00   1.1619406e+00
   1.0051378e+01  -1.3564855e-01
   9.1620576e+00  -1.3989176e+00
   1.1158568e+01  -9.6655045e-01
   1.0184386e+01   6.3441858e-01
   1.1562488e+01   1.4976826e-01
   8.0355437e+00  -1.2837534e+00
   9.9667465e+00   1.2879101e+00
   1.0134811e+01   6.4799380e-01
   1.1124248e+01   4.3963777e-01
   1.0533348e+01  -1.2364315e+00
   9.6576427e+00  -1.9483956e-01
   1.0845506e+01  -9.4710204e-01
   1.0670703e+01  -2.1280145e+00
   1.2572605e+01  -5.9332753e-02
   9.7560602e+00   4.7152861e-01
   1.0504029e+01  -5.8608892e-01
   9.1044661e+00   1.3325909e+00
   8.6634584e+00  -5.9310652e-01
   1.0050755e+01   8.8372376e-02
   9.5031790e+00   3.5021206e-01
   8.8809851e+00   1.4141356e+00
   1.2046636e+01   1.1904518e+00
   1.0057131e+01  -9.6243959e-01
   1.1097395e+01  -6.3425846e-01
   1.0307043e+01   4.0033263e-01
   1.0503257e+01   1.8331837e-01
   1.0325463e+01  -1.7624618e+00
   1.1148898e+01  -1.7226099e+00
