   5.4767836e-01   1.7800968e+00
   5.2691317e-01  -1.2586605e+00
  -1.0539884e+00   1.0317205e+00
  -8.7491961e-01   8.4921814e-01
   2.5765384e-01  -3.1045212e-01
   2.7525510e-01  -2.8746700e-01
   1.4018571e-01  -1.2331696e-01
   6.2989516e-01   4.8073068e-01
   1.0985057e+00  -2.3968370e-01
   4.0322567e-01  -3.2771210e-01
   7.7663944e-01  -9.7136220e-01
  -1.6308333e+00   2.4405252e-01
   3.7917759e-01   5.2087310e-01
   2.7127782e-01  -1.5385098e-01
  -1.6574802e+00   9.3482422e-01
   2.7008250e-01   9.8499944e-01
   8.5963720e-01  -8.7091663e-01
   4.3071596e-01   6.6634795e-01
   9.0806189e-01   1.4818863e+00
  -1.7264247e+00  -4.1846496e-01
  -8.9246623e-02   1.7188264e-01
   1.5578580e+00  -8.0970448e-01
  -2.7283055e-01   2.8207642e-01
   9.2597777e-01   8.0218258e-03
   3.2154323e-01  -1.3442103e-01
  -1.0688828e+00   1.2343905e+00
   2.5385767e+00  -1.6837338e+00
   4.4340548e-01  -3.6456044e-01
  -1.0800958e+00   4.1785603e-01
  -8.2037447e-02   1.4110315e+00
  -1.2328361e+00  -1.2281959e+00
   8.8430339e-02  -1.2278813e+00
  -6.7054856e-01   9.5802050e-01
   8.8566925e-01  -1.1443409e-01
   3.3286601e-03  -1.2704418e+00
  -1.4563297e-01  -2.1115816e-01
  -7.6809707e-01   1.5816093e-01
   6.6379392e-01  -4.4128991e-01
   1.2867801e-01  -7.9260787e-01
   2.2513118e+00   7.6762772e-01
  -5.8366439e-01  -1.3239311e+00
   4.5410466e-01   3.8710019e-01
  -5.8697891e-01   4.8485854e-01
   3.1971801e-01  -8.0563724e-01
   9.5753650e-05   2.9232169e-01
  -1.0647438e-01   5.3100670e-01
   6.7771620e-02  -8.8096905e-01
  -6.4046197e-01   4.6336450e-01
  -1.5765276e+00   9.9560473e-01
  -9.7407357e-01   7.7979498e-01
  -5.1682932e-01  -3.4828533e-01
   5.2987212e-01  -3.5905950e-01
   6.7641482e-01   1.1218474e+00
  -1.1330293e+00  -7.2440926e-01
  -1.4092446e-01  -7.4264174e-01
  -1.2465029e-01   6.4545515e-01
   1.1820648e+00  -7.8011788e-01
   8.1705908e-01  -4.4276511e-01
  -1.0302736e+00   8.9786558e-02
   6.9249764e-02   4.8359436e-02
  -6.7480312e-01  -3.8756241e-01
  -1.3984213e+00   2.2931657e-01
  -1.7815943e+00  -2.0525309e+00
  -8.3385415e-01  -4.3989442e-01
   1.0569643e+00   1.0342677e+00
  -2.4434323e-01  -4.7048621e-01
   1.1299332e+00  -9.8496198e-01
   5.0871013e-01  -2.7815433e-01
  -1.9954335e-01  -2.2160266e+00
   1.0084045e-01  -3.9791529e-01
  -4.0403241e-02   9.0100876e-02
   1.7388894e+00  -5.0793089e-01
  -1.1121743e+00  -1.9686583e+00
   5.4488047e-01   4.9558429e-01
  -1.3120250e+00   2.3607162e-01
   2.5351044e-01  -7.3750521e-02
  -1.5549112e-01  -2.1669344e+00
   1.9684112e+00   6.4944743e-01
   5.1374547e-02   4.3266561e-01
  -3.1092256e-01   7.4505362e-01
  -1.6490560e+00  -6.0505253e-02
   1.0065006e+00   3.2930994e-01
   2.0956695e-01   1.1325159e-01
   8.7533019e-01   2.6579129e-01
   1.4015818e+00   1.7832062e+00
   7.5805393e-01   1.5026112e+00
  -2.5731984e-01  -8.7689261e-01
   8.5194248e-01   5.7573078e-01
  -1.7580740e+00   7.1315858e-01
   8.3626022e-01   9.7213867e-01
   1.1129135e+00   4.2706844e-01
   1.1756889e+00  -4.6233081e-01
   8.5273674e-01  -1.8629475e+00
   4.4888659e-01   4.3948042e-01
  -1.2421262e+00   3.7975568e-02
   1.7491282e+00  -4.6173201e-01
  -1.1562151e+00  -5.1414224e-02
  -6.2448441e-01  -8.1005713e-01
  -6.1144237e-02  -1.4054576e-01
  -3.4509354e-01  -5.6070694e-01
  -1.0618342e+00  -4.2357950e-01
   8.5498500e-01  -6.1658430e-01
  -5.2474258e-01   1.1554305e+00
  -3.1501296e-01  -3.7055470e-01
   2.7552546e-01   1.8733336e-01
  -7.7813703e-01  -1.7129274e+00
  -9.7954763e-01  -7.1108307e-01
   1.9101288e+00   6.0392648e-01
  -1.3786045e+00  -7.7460875e-01
  -2.6962213e-01   8.7253560e-02
   1.0496180e+00   8.3585823e-01
  -1.5818335e+00  -1.7008525e-02
   4.5642625e-01  -7.5596269e-01
  -6.8964800e-01  -4.2122331e-01
  -4.9535179e-02  -1.3094235e+00
  -4.2589960e-01   9.6551425e-01
  -9.7683301e-01  -3.1653385e-01
   4.2867758e-01  -3.8091562e-01
  -4.8648485e-01   8.9600985e-01
   1.5484779e+00  -1.6877589e+00
   6.3651245e-01   4.5269082e-01
   1.1771759e+00   8.0492871e-01
   1.2548057e+00   3.6589998e-01
  -1.4489439e+00   6.5407815e-01
   2.0838560e+00  -1.4111807e+00
  -1.6287291e+00   2.4194181e-03
   2.6547210e-01  -1.0313903e+00
  -3.9060255e-01  -1.9080091e-01
   4.9447767e-01  -1.0633085e+00
   1.0197829e+00  -1.0894359e+00
  -2.5162430e-01  -1.7005556e-01
  -6.0722100e-01  -2.2117206e+00
  -1.1471515e+00  -2.8441844e+00
  -4.6134508e-01  -1.0934353e+00
   1.3773629e+00   7.5796638e-01
   8.6548507e-01   1.4894432e+00
   3.6997485e-01   7.0778863e-01
   4.9715605e-02  -1.1452575e+00
  -1.5173534e+00   1.8297553e+00
   7.2570878e-01   5.9595255e-01
   4.5031487e-01  -2.0002836e-01
   1.3057278e+00  -8.1774155e-01
  -1.1013384e+00  -7.6447574e-02
   4.1075052e-01   1.7320696e+00
  -1.8760458e+00  -3.0392473e-01
  -3.4382734e-01  -1.2066287e+00
  -6.8788318e-01  -5.1401205e-01
   4.3538897e-01   1.3907293e+00
  -4.9008936e-01  -1.5294028e+00
  -7.8556963e-01  -6.9299448e-01
  -2.0075797e+00  -1.0959795e-01
   1.1941952e-01  -1.1549927e+00
   6.3361669e-01  -3.8448802e-01
   7.9362668e-01  -3.7760146e-01
  -7.6313978e-01  -1.4656973e+00
  -6.3374158e-01  -1.8144737e-01
  -4.4527242e-01  -1.7279399e-01
   4.7082705e-02  -1.6434703e+00
  -4.6562712e-01   7.1244858e-02
   2.9180729e-01  -3.5545161e-01
  -8.1374631e-04  -1.5958403e+00
  -6.1946182e-01  -1.0795443e+00
  -8.4699751e-02  -1.1489276e+00
  -3.2917689e-01  -6.6034162e-01
   9.9964674e-01  -4.7894603e-01
   1.3495521e+00   7.5674858e-01
  -2.6314377e-01   2.0608058e+00
  -6.5982107e-01   2.2917717e+00
  -7.9099622e-02   5.0251299e-02
   3.9869000e-01   1.1335635e+00
   7.0127651e-01  -7.4187436e-01
  -2.5553926e+00   6.8528729e-01
  -3.7062464e-01  -4.0626417e-01
   1.5522224e+00   4.1465704e-02
   1.1931807e-03  -1.4753161e-02
  -1.8663509e+00   4.6423790e-01
   6.5512023e-01   2.8476281e-01
  -9.1762668e-02   9.9574510e-01
   9.1853244e-01  -8.5483770e-01
   1.4024518e-01  -1.2979158e-01
  -2.8920396e-01   3.6307730e-02
  -1.5101465e+00  -4.7701762e-01
   1.5140629e+00   2.2549126e-01
   6.5419193e-01  -4.8123830e-01
  -5.9632825e-01   4.8704227e-01
   4.9727099e-01   3.9933843e-01
  -1.0437435e+00   2.5977358e-02
  -8.8135240e-01   8.0393648e-01
   1.0439862e+00  -1.1335527e+00
  -1.2698687e+00  -3.9680652e-01
   3.2693165e-01   1.5666564e+00
   1.3343172e+00   2.6339218e-01
   3.2812266e-01   1.8349686e-01
   1.2980780e+00   8.0387994e-01
   2.4227542e+00  -7.6214632e-01
  -1.1307060e-01  -5.1653485e-01
   1.2719849e-01   6.9520583e-01
  -1.6021835e-01   2.5401607e-01
  -1.4606317e+00   2.8192979e-01
   1.2959213e+00   7.7181570e-01
   9.1443046e-01   1.3053114e-01
  -4.3656003e-01  -1.2888606e+00
   1.4332865e-01  -1.9242341e+00
   1.0608026e+00  -1.6350993e+00
   1.0375717e+00   1.0746241e-01
  -1.8618461e-02  -9.7172409e-01
  -1.3083569e+00   1.7176332e+00
  -3.3024770e-02  -7.1696805e-01
   4.4272694e-01  -7.3935568e-01
  -3.6466110e-01  -1.0764885e-01
   6.8970000e-02   6.7336288e-01
   2.3964360e+00   8.2251991e-01
  -8.3634227e-01  -9.1028607e-01
   8.0615527e-01  -3.9582275e-01
   8.0791380e-01   2.3601216e-01
  -1.4788166e-02  -1.5441294e+00
   6.6239784e-01   1.0638653e+00
  -8.7530731e-01   9.7497142e-02
  -1.0530270e+00  -5.0226232e-01
   3.7242587e-01  -6.4143825e-01
  -5.9053169e-02  -2.9152757e-01
   3.9019209e-01   3.8187238e-01
   5.3696892e-01  -9.2391429e-01
   1.6887244e-01  -8.2848074e-02
  -6.9282114e-01  -5.2602342e-01
  -1.3232018e+00   7.7061115e-01
  -5.6382581e-01   3.8462905e-01
  -1.2803837e+00  -5.7899765e-01
  -1.0409240e-02  -1.0335362e+00
   8.0382742e-01  -2.7432501e-01
  -6.3729509e-01  -1.7341402e-01
   3.9989307e-01  -1.1220981e+00
  -1.6433196e-01  -1.2180849e+00
   3.4433943e-01   6.4785603e-01
   6.7305356e-01  -2.4958591e-01
  -6.8299996e-01  -7.0289601e-01
   7.3220749e-01  -2.2925932e+00
  -8.4410454e-01   5.9671675e-01
   8.4903034e-01   2.3073567e+00
   1.0821843e-02   9.5929879e-01
   1.1483385e+00  -2.4665164e+00
   1.3997851e+00  -7.3180004e-01
   1.6583352e+00  -1.1328022e+00
  -6.5888769e-02   9.1049200e-01
   8.0350229e-01  -6.7364178e-01
  -5.2693407e-01  -2.9031624e-01
   5.8631804e-01  -1.4036941e+00
  -6.2388170e-01   7.1677020e-01
   4.1608666e-01   8.8764261e-01
  -5.3093866e-01   1.7467232e-01
  -5.7384189e-01   5.7109933e-02
   4.1779902e-01  -4.1845272e-01
  -1.0035648e+00  -4.6593911e-01
  -9.7162950e-01  -4.8180539e-01
   8.5399169e-01   1.0084184e-01
  -1.1713998e+00  -1.2793498e+00
  -7.5414679e-03  -3.3218701e-01
  -2.4626613e-01  -5.9520859e-01
  -7.8760881e-01   5.6459959e-01
  -1.4755458e-01  -1.6916359e+00
   1.0796196e+00   4.6344097e-01
   1.1750297e+00   3.7522074e-02
  -9.7751036e-01  -2.3547200e-01
  -1.0800783e-01   2.8431421e-01
   1.2782611e+00   7.6262451e-02
   4.0779066e-01   1.2219611e+00
   3.1668890e-01   7.1926123e-01
  -1.5755796e+00  -2.7610147e-01
  -7.8014339e-01   9.4983296e-01
  -4.1215198e-01  -1.2850226e+00
   2.4548220e+00  -1.2241468e+00
   1.1800874e+00   8.5772474e-01
  -7.1825794e-01   3.1299995e-01
  -1.2374402e+00  -1.1733714e+00
   1.2865454e+00   9.1000393e-01
   1.2298990e-01  -4.3789749e-01
   1.3892209e+00   1.2858747e-02
  -1.4403596e+00  -1.5981135e+00
  -1.5922605e+00   9.4597521e-01
   1.0336438e+00   2.0481373e+00
   2.7086119e+00  -1.3340540e+00
   8.1033841e-01   1.2028894e+00
  -8.5577013e-01  -9.8244997e-02
  -2.1408758e-01   9.2130834e-01
   2.2416330e-01   1.5346469e+00
   7.3262685e-01  -1.3731969e-01
   2.8954963e-01   1.0323502e+00
   4.6314197e-01  -1.8073157e+00
  -4.7001311e-01   3.9681853e-01
  -3.6405858e-01  -7.5862675e-01
  -9.4712525e-01   9.3140675e-01
   9.7953749e-01  -1.3444956e+00
   2.0477808e+00  -1.1308075e+00
  -3.0179316e-01   7.6624885e-01
  -2.0722941e-01  -3.1139832e-01
   9.4472087e-01   3.0508294e-01
   1.1389834e-01  -8.0528158e-01
   3.2548163e-01  -6.8876827e-02
  -3.3188713e-02   1.0749113e+00
  -3.6974107e-01   7.5703421e-01
  -1.2180076e+00  -4.8246081e-01
   3.5308480e-01   6.3841975e-01
   4.6609074e-01   3.6697316e-01
  -5.5318380e-01   1.7716838e+00
  -8.7970578e-01  -9.4570122e-01
   1.9435600e+00  -5.3970780e-01
  -1.3865486e-01   2.5678171e-01
  -8.4021679e-01  -2.7754195e-01
  -7.0913820e-01   9.9276228e-01
   3.0976258e-01   2.5675601e+00
  -3.1706091e-02   6.0016389e-01
  -1.0583155e+00  -2.0695780e+00
   2.1523384e+00  -3.7567334e-01
   1.7875679e-01  -4.4465853e-01
   2.0501970e-01  -9.3378239e-01
  -4.1559365e-01  -3.7243734e-01
   7.9208024e-01   4.9885727e-01
  -3.0737903e-01   1.7332601e-01
   1.1166192e+00   1.0803583e-01
  -3.0184001e-01  -6.5730985e-02
  -3.8919286e-01   1.0815576e-02
  -5.3367708e-01   3.7791829e-01
   3.5794346e-01  -2.0888485e+00
  -8.7404910e-01  -1.5573378e+00
  -4.4421821e-01  -1.3446184e+00
   8.9278505e-01  -1.8950282e-01
  -2.1706057e-01   5.4969721e-01
  -7.1789133e-01   1.3381343e+00
  -6.3771704e-01   1.8565681e+00
  -2.6747803e+00   4.4669329e-01
   4.2485725e-03  -3.1245650e-01
   1.0551555e+00  -8.4920832e-02
  -1.1371111e-01   9.4733904e-01
   2.7205900e-02   1.0508608e+00
  -2.5948107e-01   1.0584871e+00
   1.4857985e-01  -1.1306191e+00
   5.2140847e-01  -1.6636828e+00
   3.1525475e-01   8.4200382e-01
  -8.6526016e-01  -1.7541098e+00
  -1.0347868e+00  -6.4735091e-01
   3.7061717e-01  -2.7702555e-01
  -4.4052280e-01  -1.6254026e+00
  -9.6240585e-01   1.1437495e+00
  -4.9176179e-01  -4.3345969e-01
  -2.1764849e+00  -9.5967387e-01
  -2.6703891e-01   1.3473523e+00
  -7.3848947e-01   6.3126003e-01
  -3.5068859e-01   1.0219760e+00
  -7.7778158e-01  -5.5079201e-01
  -1.3899774e+00  -4.6634291e-01
   1.4289605e-01   4.7321652e-01
  -1.5685603e+00  -2.6745243e-01
  -3.1648225e-01  -7.8772069e-01
   2.5376246e-01   1.0599483e+00
   2.5055955e-01   1.6062651e-01
   9.3378177e-01  -6.2513610e-01
  -8.9955321e-01  -6.4658366e-01
   2.6376890e-01  -1.1652037e-01
  -6.4353165e-01  -6.3171961e-01
  -2.1710414e+00  -4.8925433e-01
  -2.2215343e+00  -1.3834063e+00
  -2.9249914e-01  -5.3296095e-01
   2.0012652e+00   3.6941774e-02
  -2.4440932e-01   1.2733672e+00
   5.0020572e-01  -1.0758589e+00
   8.3588907e-01  -5.6252187e-01
  -5.8520223e-01  -8.3053959e-02
   1.2116799e+00  -5.6413735e-01
   7.3263671e-01  -3.0257612e-01
   6.3264691e-01  -2.7390005e-01
   9.7502724e-01   8.8488872e-01
  -8.1297296e-01   2.8691988e-01
   1.4070135e+00   2.9194235e-01
  -7.6994691e-01   6.0620818e-01
  -1.5743643e-01   7.7895140e-01
   1.0725789e-01   1.0985056e+00
  -1.4444867e+00   5.1629540e-01
  -9.5994744e-02   9.6052267e-01
  -4.7542531e-01  -4.2826283e-01
   2.6289733e-01  -1.0269720e+00
  -2.7227624e+00  -1.0365773e+00
   1.6114083e+00   3.6946592e-01
   1.7614369e+00   2.6335192e+00
   2.3270278e+00   9.9385213e-01
  -6.7389593e-01  -9.9789603e-02
  -1.6887664e+00   6.0761991e-01
  -1.3108393e+00   7.4910680e-01
  -5.8344448e-01   9.3447235e-01
  -1.5252589e+00   9.4391914e-01
  -6.8208767e-01   6.9366156e-01
  -3.9547794e-01  -4.6560713e-01
   5.1610017e-01  -1.0949184e-01
   7.1930068e-01  -8.8481723e-01
  -1.5337829e+00  -1.5070508e-01
  -1.4711872e+00   4.5108084e-01
   7.7619623e-01   1.9021264e+00
   4.1886438e-01   9.8052611e-01
  -1.6057974e-01   1.7002628e-02
   2.5313357e-02   5.1797240e-01
   5.5195595e-01  -6.3357088e-03
   1.0233173e+01   9.6123271e-01
   1.2160287e+01   6.6346530e-01
   1.0653905e+01  -9.4982978e-01
   9.5378203e+00   2.2713744e+00
   1.0284370e+01   1.6002943e+00
   9.7727073e+00   2.5462701e-01
   7.5816546e+00   1.3252840e+00
   1.1238823e+01   7.3749773e-01
   1.0314519e+01  -1.5080749e+00
   1.0380817e+01   1.3845113e+00
   7.9828793e+00  -2.5615877e+00
   9.7414560e+00  -1.2257694e+00
   9.3325223e+00   4.2950705e-01
   1.1819523e+01   3.5793010e-02
   9.3057676e+00   2.6284926e-01
   1.0625587e+01  -1.7559717e-02
   1.0274430e+01  -1.1498646e+00
   9.6884002e+00  -7.7655164e-02
   1.0086770e+01   1.9844451e+00
   1.0922613e+01   7.9992907e-01
   1.0114579e+01  -1.2290085e+00
   1.0610845e+01   9.9095896e-01
   1.0110764e+01  -8.0808013e-01
   1.0043375e+01   9.9193808e-02
   9.8560346e+00   2.3305776e-01
   9.1177984e+00  -1.3867217e+00
   9.1878617e+00  -6.3236444e-01
   8.6939168e+00   1.9544407e+00
   1.0500220e+01  -1.1235847e-01
   8.7300944e+00   6.1005740e-03
   9.4917633e+00   2.1059160e+00
   1.0391793e+01   9.1720919e-01
   1.1517954e+01  -3.3583183e-01
   8.7937316e+00   5.2498927e-01
   9.0484552e+00   1.2305332e+00
   9.9149811e+00   1.2731712e+00
   1.1169224e+01   7.4527175e-01
   8.7493012e+00  -4.2229013e-02
   1.0089342e+01  -4.0419265e-01
   1.0670952e+01   2.8608692e-01
   9.2265256e+00  -7.1993010e-01
   9.2437460e+00   1.1160511e+00
   1.0191515e+01  -2.0595029e-01
   1.0518872e+01   1.2576316e-01
   1.0220883e+01   8.7169370e-01
   9.6892118e+00   4.9374788e-02
   1.0617350e+01   1.4136638e+00
   1.1468660e+01   1.8419928e+00
   1.0369190e+01  -4.9897775e-01
   9.1398554e+00   2.3214474e-01
   9.1731021e+00   6.7958678e-01
   1.1257655e+01   1.3528273e-01
   9.3408574e+00   1.1777987e-01
   1.1499319e+01  -3.2845171e-01
   1.0445069e+01   1.2044257e+00
   9.1020025e+00   6.1471788e-01
   9.4322353e+00  -7.6571412e-01
   8.2491574e+00   2.8091426e-01
   9.6122890e+00   4.5034061e-01
   1.1918164e+01   3.4916842e-01
   1.0062809e+01  -6.4423107e-01
   8.5097913e+00  -1.0435608e+00
   9.2997184e+00  -7.7577873e-01
   1.0566504e+01  -3.6450100e-01
   1.0441409e+01  -2.8118819e-01
   1.2149759e+01   5.6975294e-01
   9.0981145e+00   1.9567363e+00
   1.0051249e+01   8.1528915e-01
   8.8706059e+00   1.1544108e+00
   9.8544312e+00   1.7128277e+00
   1.0253188e+01  -2.4472079e-01
   9.7596608e+00  -9.2571114e-02
   1.0903532e+01   7.1641498e-01
   1.1034369e+01   4.7594599e-01
   1.1250061e+01  -2.0648014e-01
   8.8458213e+00  -1.6250503e+00
   1.0585239e+01  -8.5332073e-01
   1.0767165e+01   1.7745284e+00
   1.0478747e+01  -3.0065233e-01
   1.0038695e+01   2.8492499e-02
   9.6602314e+00  -1.6431229e+00
   1.0765653e+01   2.6278486e-01
   8.3693814e+00   9.8030359e-01
   9.8162933e+00   8.0264044e-01
   1.0101520e+01   2.9956142e-01
   1.0016758e+01  -3.4249004e-01
   1.0904279e+01   1.1109719e+00
   1.0068565e+01  -1.5791867e+00
   9.1532131e+00   6.5682631e-01
   1.0435325e+01   4.0899143e-01
   1.2065251e+01   2.6302418e-02
   1.1435944e+01  -1.3359488e+00
   9.3255944e+00   1.6676498e-01
   1.0196065e+01  -6.4138801e-01
   1.0270514e+01   5.5098799e-01
   1.0634337e+01   2.9449698e-01
   1.1277509e+01  -8.0195231e-01
   9.6156579e+00   1.4810331e+00
   9.9045278e+00   1.5240802e+00
   1.1004976e+01   1.1403399e+00
   8.3176048e+00  -3.6307579e-01
   1.1134227e+01  -1.4349702e+00
   1.0843072e+01  -2.4762142e-01
   1.0012757e+01  -8.8718428e-01
   1.1448451e+01   1.7506285e-01
   1.0896635e+01  -5.2294996e-01
   9.9240308e+00  -6.3838406e-01
   9.3798335e+00   1.1383309e+00
   1.0378618e+01  -1.8020053e+00
   1.0201631e+01  -7.4557408e-01
   1.0127368e+01  -1.7700890e-01
   1.1908418e+01   3.0942057e-01
   1.1033217e+01  -2.2681881e-01
   9.6177581e+00   9.2089628e-01
   8.9455047e+00   7.7281778e-01
   9.0876254e+00  -8.1812766e-01
   1.0327665e+01   8.6459787e-02
   8.3544641e+00  -8.4231862e-01
   9.4429043e+00   2.6012535e+00
   9.5216997e+00   1.6386075e+00
   1.1050474e+01   1.7263317e-01
   1.0327366e+01  -3.4085346e-01
   8.6016835e+00  -4.8673600e-01
   9.3805155e+00   2.8218397e+00
   8.4718893e+00   5.7608385e-01
   8.2903642e+00   1.1652171e+00
   1.0056128e+01  -2.7895609e-01
   1.1015229e+01  -7.2862039e-01
   1.0448049e+01   9.0694950e-02
   9.0422940e+00  -5.6523404e-01
   1.0221681e+01  -1.9779708e+00
   8.0682437e+00   8.5863774e-01
   9.1578433e+00  -4.9583488e-01
   9.2757347e+00  -2.2255368e+00
   1.0503590e+01   1.6912271e-01
   9.9096491e+00  -1.7124450e+00
   1.0060781e+01  -3.1856720e-01
   9.4447544e+00   1.3500372e+00
   9.7385865e+00  -2.1645151e+00
   9.4876020e+00   6.8927251e-01
   1.0355130e+01  -9.0025302e-01
   9.9630974e+00   2.4681892e-01
   1.1064971e+01   1.4774390e+00
   1.0597088e+01  -4.5587935e-01
   9.9741113e+00   7.4942450e-01
   1.0073864e+01  -1.0093601e+00
   9.7096053e+00   6.3711780e-02
   8.9209056e+00   2.7786157e-01
   1.1366768e+01   1.2282172e+00
   1.0503430e+01   5.0826331e-01
   9.8503629e+00   9.6213278e-01
   1.0227087e+01  -1.3886366e-01
   9.2152400e+00  -1.3427092e+00
   9.9352642e+00  -9.3955726e-01
   1.0588415e+01   1.1384495e+00
   7.9865476e+00  -1.9520939e+00
   1.1578878e+01  -1.2807715e+00
   1.0119387e+01  -5.3905348e-01
   1.0061301e+01   6.0373463e-01
   9.8403685e+00  -2.1895446e-01
   9.6268867e+00   1.0622062e+00
   9.4517119e+00  -9.0118935e-01
   1.0221634e+01   4.9570863e-01
   1.1760167e+01   1.7234857e+00
   1.0132959e+01   3.7337797e-01
   1.0467116e+01  -2.3877048e-01
   8.7480171e+00  -9.1868628e-02
   1.0877897e+01   2.0309829e-01
   1.0199287e+01  -2.4716415e-01
   8.8883587e+00  -1.3274701e+00
   9.5877225e+00   2.6232236e-01
   9.0106021e+00   2.6869992e-01
   8.9790670e+00   1.0494850e+00
   9.2350016e+00  -1.3885971e+00
   9.7041783e+00   6.5769514e-01
   1.2081921e+01   1.5939536e-01
   9.8873710e+00  -4.3667637e-01
   1.1781824e+01   1.1552584e+00
   1.0525571e+01   9.6109073e-01
   1.0463001e+01   1.3264848e+00
   9.9255055e+00  -1.9023238e+00
   9.6546870e+00  -8.9702866e-01
   1.0932974e+01  -1.2596189e+00
   1.1389753e+01   1.5564221e-01
   1.0645379e+01  -6.6302154e-01
   1.0051558e+01   7.0910795e-01
   9.1622079e+00   1.2932176e-01
   1.1097930e+01  -2.2124253e+00
   9.0156852e+00   1.3462875e+00
   1.0406774e+01   1.2707308e+00
   7.7201460e+00  -2.9610301e-01
   9.4578954e+00  -3.5961184e-01
   9.1960133e+00  -8.1097343e-02
   9.3426475e+00  -1.0610155e+00
   9.8617133e+00   1.1038828e+00
   9.7854358e+00  -3.1254272e-01
   1.1058725e+01  -9.4762194e-02
   9.4513272e+00  -9.1396953e-01
   9.4604424e+00  -3.5272331e-01
   1.0620593e+01  -1.0232819e+00
   1.0248379e+01  -1.0868033e+00
   1.0105449e+01  -4.0177991e-01
   9.9400981e+00   3.1132488e-01
   9.8666017e+00   1.0325431e+00
   8.9916761e+00  -5.4897665e-01
   1.0173549e+01   1.9872867e+00
   1.1123421e+01  -3.1266015e-01
   9.4664742e+00  -5.2450264e-01
   1.1368551e+01  -2.9667076e-01
   1.0889999e+01   7.8468683e-01
   1.1388432e+01  -5.3247590e-01
   8.9939234e+00  -1.1912121e-01
   9.6333325e+00   1.1649264e+00
   9.6925082e+00   2.5380277e+00
   9.5251346e+00  -1.7951889e+00
   9.8370999e+00  -6.6887165e-01
   1.2357060e+01   3.5819726e-01
   1.1645904e+01   1.8023116e+00
   8.1277575e+00  -8.3922841e-02
   1.1314980e+01  -8.1683522e-02
   1.1302042e+01   1.1917602e+00
   1.0954825e+01  -1.0736220e+00
   9.1648586e+00   2.8289025e+00
   1.0826380e+01  -1.3330102e+00
   7.9252750e+00   5.9418512e-01
   9.0812901e+00   3.9094735e-01
   1.0030436e+01  -5.1978405e-01
   8.5443387e+00   5.1692144e-01
   1.0971968e+01   9.6561580e-02
   9.0551235e+00   3.5196152e-01
   9.2186461e+00   3.7594044e-01
   7.8898042e+00   5.2466598e-01
   1.0728021e+01  -4.4551611e-01
   1.0430137e+01   6.6519762e-01
   9.3456179e+00  -2.1162186e-01
   1.1107589e+01  -1.3475699e+00
   9.4706622e+00   1.1657051e-01
   9.7938177e+00  -3.4080408e-01
   1.0398661e+01  -2.6722616e-01
   9.8974639e+00   1.1531730e+00
   1.1140693e+01   6.2017471e-01
   1.0607920e+01  -6.8593035e-01
   9.7570475e+00  -2.9237474e-01
   1.0478020e+01   3.2016477e-01
   1.1377930e+01   6.2213976e-01
   8.6626677e+00   4.6736974e-01
   1.0880303e+01   1.8096483e-01
   9.9085338e+00   1.3691019e+00
   9.7927561e+00  -5.2208774e-01
   9.9653396e+00  -6.3168699e-01
   1.1157823e+01  -1.5890203e+00
   1.1175851e+01  -1.7092914e+00
   8.2715672e+00   1.7192843e+00
   9.6091941e+00  -4.0030517e-01
   1.0003167e+01   2.9684820e-01
   1.1386513e+01   1.1825215e+00
   1.1114877e+01  -7.1036889e-01
   8.1278343e+00  -9.0573683e-01
   8.8901023e+00  -1.6770592e-01
   1.0298932e+01   1.1347865e+00
   1.0641806e+01   4.6744655e-01
   9.6889202e+00   1.0414656e+00
   9.6487295e+00  -8.3999105e-01
   9.9284642e+00  -1.5191579e+00
   1.0365960e+01   5.1545048e-01
   9.9720520e+00   3.5519214e-01
   1.0101487e+01  -5.0524958e-01
   8.7495937e+00   7.7199794e-01
   1.0802147e+01  -3.2556050e-01
   9.9640430e+00   8.0404945e-01
   8.0329266e+00  -1.4339209e+00
   8.7042712e+00   1.5016901e+00
   9.1232128e+00   1.7637714e+00
   9.7168796e+00  -2.4315585e-01
   9.4934831e+00  -1.5494291e+00
   1.0745241e+01   3.1362075e+00
   9.7753709e+00  -7.4508049e-02
   1.1286503e+01   1.5516782e+00
   1.1176342e+01   1.0579807e+00
   1.0916294e+01   3.5390556e-01
   1.1320614e+01  -4.9864223e-01
   9.6037974e+00  -7.9369409e-01
   9.3440365e+00  -1.8951415e-01
   8.6026631e+00  -1.1206232e+00
   1.0035723e+01   4.7420923e-01
   8.5588205e+00  -3.7567725e-01
   1.0010209e+01   1.2391994e+00
   1.0687793e+01  -3.6899768e-01
   1.1441930e+01  -8.3417603e-01
   1.0631799e+01   1.1488816e-01
   9.6196319e+00  -4.8233142e-03
   1.0301804e+01  -8.4217536e-01
   1.0121677e+01  -1.1496219e+00
   1.1794412e+01  -1.7213400e+00
   1.0371613e+01   9.8344898e-01
   9.5636004e+00   1.3539515e+00
   8.9041130e+00  -1.6525138e+00
   1.0334840e+01  -3.3599422e-01
   9.5038749e+00   6.5137542e-01
   9.8683818e+00  -6.3630371e-02
   9.2371775e+00  -1.5869873e+00
   1.2438171e+01  -2.2770361e-01
   1.0235782e+01  -1.4858101e-01
   1.0454771e+01   5.2977054e-02
   1.0102158e+01  -1.9666638e-01
   1.0788422e+01   5.1621053e-02
   9.8939974e+00  -2.0367175e-03
   9.2346615e+00   9.1501598e-01
   9.4711795e+00  -2.7782189e-01
   9.7847147e+00  -9.4000846e-01
   9.2690001e+00  -2.2406635e-01
   1.0598778e+01   3.7932290e-01
   9.8543352e+00  -3.7389232e-02
   1.1294301e+01   4.4933738e-01
   1.1066423e+01  -2.3799642e-01
   1.1003467e+01  -1.2354072e+00
   9.9240110e+00  -7.1533830e-01
   1.1333654e+01  -6.4397665e-01
   9.6875411e+00   1.2758879e+00
   8.7467713e+00   2.4761765e+00
   9.9274345e+00  -1.2359574e+00
   1.0795941e+01   1.3259418e+00
   9.7123424e+00   2.8816399e-01
   1.1340535e+01  -3.1454133e-01
   9.0042748e+00  -7.2343466e-01
   9.6715527e+00  -8.6654146e-01
   9.6181461e+00   7.6430911e-02
   1.0261504e+01  -5.6057365e-01
   9.3755508e+00   4.1422338e-01
   1.1412840e+01  -4.4988316e-01
   9.0265304e+00   1.9940452e-01
   9.4610665e+00  -7.0297017e-01
   9.0631881e+00  -1.0167751e+00
   9.9925884e+00  -1.1180616e+00
   1.0562351e+01   6.6971062e-01
   1.0632314e+01   3.1927352e-01
   9.7938492e+00   2.1953055e+00
   1.0691169e+01  -1.0163322e+00
   8.4432608e+00  -1.0319457e-01
   9.6591700e+00  -1.8726919e+00
   9.7548745e+00  -1.9178565e-02
   1.0833283e+01  -3.7833697e-01
   8.5883408e+00   5.2890672e-02
   1.1899854e+01   4.9886188e-01
   1.0925024e+01   1.1061580e+00
   8.5988404e+00   5.0169113e-01
   1.1824303e+01   1.0360604e+00
   7.9131227e+00   6.9504434e-01
   1.0357108e+01  -6.3235478e-01
   8.7959623e+00  -1.4242875e-02
   8.1063440e+00  -2.0504037e-01
   9.9248507e+00  -5.6443396e-01
   1.1278707e+01  -1.7432512e+00
   1.0089427e+01   2.0832937e+00
   8.8873228e+00   1.0390436e+00
   9.1678704e+00   1.4025964e+00
   9.5734037e+00   8.5525427e-01
   9.8072652e+00  -6.9734540e-01
   7.9245907e+00   1.0501153e+00
   1.1679118e+01  -1.6128990e-01
   1.0646320e+01   1.0600657e+00
   1.0789547e+01   9.6465644e-01
   1.0057224e+01  -1.5706330e+00
   1.0306539e+01  -3.1383983e-01
   1.0560329e+01   1.4676115e-01
   9.7737507e+00   1.0903400e+00
   1.1708429e+01  -8.1954003e-01
   8.5810780e+00   3.5991234e-01
   8.3689249e+00   3.8487721e-01
   1.1247035e+01  -6.9733145e-01
   1.0363081e+01   1.8029426e+00
   9.8961194e+00  -1.5879829e+00
   1.1676798e+01   2.8492706e-01
   9.3986530e+00  -3.2917650e-01
   1.0859347e+01  -2.7683181e-01
   1.0979297e+01  -2.4357824e-02
   1.0303113e+01  -5.1316357e-01
   8.4993415e+00   1.1770207e-01
   1.0469948e+01   1.1185679e+00
   1.1325782e+01  -8.4966360e-01
   9.7024389e+00  -6.1754452e-01
   1.1307439e+01  -5.0101422e-02
   9.4140184e+00  -1.1961340e-03
   1.0300205e+01   7.7227365e-01
   7.5912091e+00   8.2549867e-02
   1.0154149e+01  -1.0603240e+00
   9.6241441e+00   9.4242771e-01
   1.0483433e+01  -2.3710721e-01
   1.1458110e+01  -2.1265071e+00
   8.8901447e+00  -1.6950652e+00
   1.0569251e+01   1.4030708e+00
   7.7378553e+00  -3.7347240e-01
   8.1186958e+00   7.6906834e-01
   9.8893358e+00  -3.0704096e-01
   7.8743156e+00  -2.2742869e-02
   9.6472416e+00   1.0521743e+00
   8.7569846e+00  -4.4778643e-01
   1.1088554e+01   3.8898775e-01
   1.1126081e+01  -1.7870330e+00
   1.0300202e+01  -8.2759905e-01
