   5.8114604e-01  -4.4229397e-01
  -1.0917800e+00   9.7550097e-02
  -3.5228792e-01   1.1464811e+00
  -2.3111494e-01  -2.3528893e-01
   6.3449613e-01   1.5899908e-01
  -3.6912409e-01   2.2614582e-01
  -4.0843223e-01  -1.1082125e-01
   5.1992473e-01   9.6278037e-02
  -7.6985492e-01  -1.1393515e+00
   1.4242544e+00  -3.5141772e-01
  -7.0231606e-01   1.1136891e+00
  -1.6148903e+00  -1.2187207e+00
  -7.9964015e-01  -1.2208506e+00
  -2.2311479e-01   1.1124491e+00
   7.8154079e-01  -1.7631770e-01
   3.6996401e-01  -7.6440762e-01
   6.6918804e-01   1.6435913e+00
  -1.5956275e-01   8.0569042e-01
   1.1718946e+00  -7.2199123e-01
   7.8570043e-01   9.5615132e-03
  -2.1682401e+00  -2.1643441e+00
  -2.0136448e-01   2.1101704e-01
  -3.1888088e-01  -1.4844572e+00
  -6.9679499e-02   1.0367060e+00
   5.4797210e-01   1.3409633e+00
   8.2104153e-01   1.1242169e+00
   4.7799688e-01  -1.8521852e+00
  -3.5096508e-01  -1.4934723e+00
  -2.0209690e+00  -1.6968031e+00
  -8.5430404e-01   7.1886348e-01
  -1.0257579e+00   4.1580445e-01
   1.9553482e+00   3.1178367e-01
   1.8131785e-01   1.6406632e+00
  -6.1742130e-01   2.1213841e-01
   2.4233261e+00  -2.9968394e-01
  -5.7264399e-01   1.3328125e+00
  -1.0414554e+00  -1.6641643e+00
  -5.4523234e-01   1.9485259e+00
   1.4643494e-02  -6.6783913e-02
  -5.9744074e-01   1.1020719e+00
   1.0900732e+00   2.2201160e-01
  -9.9833683e-02   1.3801415e+00
  -3.5254512e-01  -4.4284485e-01
  -1.5975413e+00   2.8951747e+00
  -9.0356432e-01   1.3004185e+00
   7.7447788e-01  -3.0820484e-01
   1.2589284e+00   2.4951207e-02
   1.2588160e+00   1.8792019e-01
  -1.4038726e+00  -6.5298215e-01
   2.4187600e+00  -1.0506360e+00
   2.2241569e+00  -7.2607174e-01
  -7.8440561e-01   2.4198880e-01
  -1.3092886e+00  -2.5387059e-01
   1.0127563e+00   7.3534131e-01
   8.6261078e-01  -6.0021817e-01
  -3.7284049e-01   5.3592530e-01
  -6.6362823e-01  -1.0503296e+00
  -5.3185756e-01  -1.1889593e+00
   1.8644603e-02   8.7658678e-01
   1.9838666e-01  -1.0075427e+00
   2.1990043e-01  -3.1250991e-01
   7.2067069e-01  -6.0951226e-01
   8.4405647e-01   1.1898717e+00
  -4.6646261e-02   1.3341374e+00
   3.2076305e-02  -9.4275688e-01
   6.7105535e-01  -6.7720193e-01
  -2.2039352e-01  -2.3191161e-01
   8.4317620e-01   4.4668044e-01
   2.6598045e+00   4.9803714e-01
   9.4193551e-01  -3.1348529e+00
  -5.7279834e-01   1.9097268e-02
  -1.2788798e+00   1.0406388e+00
   3.1994372e-01   1.8689963e+00
   9.3703456e-02  -8.4853613e-01
  -1.1217256e+00   2.5050677e+00
  -1.2423198e+00   1.6794417e+00
   2.8888237e-01  -1.5161423e-01
  -1.1172566e+00  -2.6283395e+00
  -7.7186678e-01  -5.8856127e-01
   4.3322192e-01   5.1621904e-01
   2.9590096e-01   5.0502952e-01
   8.9725651e-02   8.8599857e-01
   1.9110217e+00   1.0557406e+00
   9.8268307e-01  -7.0904526e-01
   3.1841035e-01   1.7901317e+00
  -1.3683738e+00   2.8477252e-01
  -1.5021149e+00   2.5214590e-01
  -4.1129531e-01  -2.7695201e-01
   6.1156434e-01  -6.4286104e-01
  -3.0996372e+00  -5.4154782e-01
  -2.2679428e-01   9.0638713e-01
  -1.0201965e-01  -9.5731475e-01
  -1.1422530e-02  -3.4281727e-01
  -3.6052284e-01   1.4553881e+00
  -1.4680534e+00  -1.1636576e+00
   1.1883607e+00  -3.2431282e-01
   8.8601112e-01   4.2142326e-01
   2.2406901e-01   7.8320263e-01
  -8.1851014e-01   7.7770597e-01
  -9.5304781e-01  -8.2521606e-01
   2.9345059e-02   6.5970754e-01
   1.2683647e+00  -1.3218030e+00
  -6.1677610e-01  -5.3684590e-02
   6.0995019e-01   7.0395243e-01
  -2.6504809e-01   2.0051892e-01
  -3.5821984e-01  -2.1391070e-02
   9.4402191e-01  -2.3093734e-01
  -1.0279372e-02  -6.5047892e-01
   1.5387419e+00  -1.8196897e+00
  -5.0325285e-01  -1.5096907e-01
   4.6845505e-01   3.4516847e-01
  -1.8713762e+00  -8.5342093e-01
  -4.4819172e-01   5.8458789e-01
   2.2368927e+00   3.9047097e-01
  -1.8083117e+00  -5.4214883e-01
   8.0902595e-01  -3.7549369e-01
  -1.2347899e+00  -1.0187747e-01
  -2.0099512e-01   8.9920839e-01
  -1.5281035e+00  -6.3526392e-01
  -1.7997836e+00   2.0393323e+00
   3.5641330e-01   1.2423725e+00
  -1.2712454e+00  -7.4495601e-01
   1.1479594e+00   3.6226830e-01
   1.2925120e+00  -7.3303204e-02
  -1.8866061e+00   1.7411284e+00
  -9.7967792e-01   1.1208345e-01
  -3.9811779e-01   1.7979198e+00
  -5.4304223e-01  -1.3078474e+00
   1.7353336e+00  -1.1444872e+00
  -3.5637008e-01  -9.0680645e-01
   1.9899571e+00   1.4450221e-01
   1.8078124e-01  -5.6023366e-01
   3.5368531e-01  -2.4791762e-01
  -1.2909598e+00   5.1868468e-01
  -9.0417170e-01   9.4294678e-01
   5.9731789e-01  -8.2882534e-02
  -1.2714607e+00  -5.0701061e-01
   4.7534198e-01  -1.6426360e+00
  -4.4293440e-01   1.6583482e+00
  -3.5373194e-01  -1.0562425e+00
   1.6372202e+00   3.3552240e-01
  -5.6960449e-01  -1.1726247e+00
   4.5624377e-01   4.3385277e-01
  -4.7180877e-01  -1.2968540e+00
   3.0474124e-01   1.7364840e-01
   9.6626267e-01   1.0068603e-01
  -2.7965306e-01   7.6636409e-02
  -1.0415473e-01   2.9390796e-01
  -1.3172450e-01   5.9774249e-01
  -1.5113315e-01   1.1956400e+00
   1.9233255e-01   1.8671212e+00
   5.9672698e-01   3.1142765e-01
   1.0040370e+00  -5.0284260e-01
  -8.8353029e-01   5.9286708e-01
   3.7428607e-01   1.4470893e-01
   2.1725952e+00  -6.4064742e-01
  -6.4418585e-01  -1.3647371e+00
  -5.7646931e-02  -1.6189562e+00
   5.1565541e-01  -1.8854089e-02
  -1.9392883e-01   1.2553612e-01
  -1.0783438e+00  -8.1721281e-01
   1.9989002e+00  -4.2562396e-01
  -7.2879496e-01  -9.8286651e-02
  -1.3789789e+00  -1.4824611e+00
   1.6708385e+00   7.7200222e-01
   1.6846166e-01   1.0407033e+00
   3.7722760e-01   6.2530687e-01
  -1.9660545e+00  -1.4443518e+00
   4.5093441e-02   2.3512895e-01
   9.3829696e-01   9.0731215e-01
  -7.8931723e-01   1.9784418e-01
  -4.8217246e-01   7.4709590e-01
   1.1803641e+00   6.3282462e-02
  -1.5573427e+00  -2.6203286e-01
  -6.8745371e-01  -3.9981091e-01
  -8.3190552e-01  -8.8613624e-01
   1.5909673e-01  -6.4263919e-01
  -1.2577579e+00   9.9804762e-01
  -1.7996909e-01   1.7497203e-01
   1.7042773e+00   8.8633494e-01
   5.8651605e-01  -3.8695098e-01
  -2.8756427e-01   9.7700234e-01
  -1.1871351e+00  -4.3346234e-01
   4.3123084e-01   9.1981598e-01
   2.1424029e+00   9.5950335e-03
  -5.6446401e-01  -1.3208818e+00
  -4.6821377e-01  -1.6525770e+00
  -8.2499235e-01  -3.7192723e-01
  -2.1246372e+00   8.9263966e-01
  -2.9400147e-01  -7.7487487e-01
  -1.6024428e+00  -8.4306644e-01
   6.6866569e-01   2.5970458e-01
  -1.1708932e+00  -1.9058359e+00
  -3.1466292e-01  -9.9727537e-03
  -6.1370150e-01   2.0870001e-01
  -2.8244275e-01   3.5630435e-01
   6.8118044e-01   6.0504192e-01
   1.0758271e+00   6.9251717e-02
   8.9742606e-01   2.0337545e+00
   1.5946895e+00  -2.5369215e-01
   1.0348258e+00   6.8539831e-01
   2.0377455e-02   1.0102857e+00
  -1.1114645e+00  -7.0295661e-01
   7.6037818e-01   2.2746780e-01
   9.8716647e-01  -2.2177384e-02
  -2.1473718e+00  -3.2114150e-01
   1.4560323e-01  -1.2010712e-01
  -3.8557996e-01   2.6087277e-01
  -5.8647922e-02  -4.1428572e-01
  -2.3965190e-01  -1.5547900e-01
   3.0210063e-01   8.1360849e-01
   2.2081052e+00   1.5206691e-01
   2.0835539e-01   5.6342223e-02
  -2.8717202e-01   2.2844520e-01
   2.3435538e+00  -6.2010787e-01
  -5.8030231e-01   5.1877624e-01
  -3.0164186e-01  -1.1343279e+00
   2.0868284e-01  -3.0433987e-01
  -1.1790226e+00   1.0154699e-01
  -4.7801709e-01   1.1537050e+00
   1.3723250e+00   7.9910716e-01
   3.1316223e-01   7.6345085e-01
   1.2206626e-01  -1.1035346e+00
   7.4613165e-01  -1.0957734e+00
   7.3198463e-01  -5.4985895e-01
   1.0877753e+00   6.0712702e-02
   5.5193521e-01  -2.2354074e+00
  -2.1792426e+00  -1.0336951e+00
   1.0170972e+00   2.1996013e-01
   4.7637763e-01   6.3139477e-01
  -7.8740957e-01  -1.9894316e-01
   9.7797608e-02  -2.4526204e+00
   4.5976439e-01   1.6453269e+00
  -1.4747763e+00   1.0537676e+00
  -3.2507319e-02  -3.9495720e-01
  -7.2265949e-01  -1.3607829e+00
  -2.0130180e-01  -2.2893122e+00
   8.0567397e-01  -8.4846967e-01
  -3.5530155e-01  -1.0154394e+00
  -6.5323393e-02   2.2570815e-01
  -1.8878132e+00  -8.6865406e-01
   5.1714036e-01  -1.0645340e+00
   4.8698916e-01  -1.2906114e+00
  -1.7320276e+00  -9.1775722e-01
  -1.1768766e-01   1.7807181e+00
  -1.1234327e+00  -3.8858056e-01
  -5.3244492e-01   6.0286720e-01
   2.5013315e-01   5.4295765e-01
  -1.0110643e-01  -1.3783276e-01
   6.2898775e-02  -7.4464903e-01
   7.4055837e-01   4.8249404e-01
   1.0252122e+00  -2.8683057e-01
   8.9782487e-01   1.0446893e+00
   1.3874860e-01   5.4397452e-01
  -5.2558036e-01   1.4614048e+00
  -3.7663036e-01  -6.6670377e-01
  -4.9132331e-01   1.0542567e+00
  -7.2380299e-01  -4.9293106e-01
   3.5315343e-01   6.0679918e-01
  -6.5194246e-01  -7.2788858e-01
  -8.0571317e-04   3.8759682e-01
   2.2309417e+00   2.3584931e-01
  -1.1076444e+00   6.9270933e-01
  -1.1652601e+00   2.9164267e-01
   3.7595667e-01  -1.9360910e+00
   8.5041910e-02   7.3825586e-01
  -1.3535423e+00   9.6645615e-01
  -1.2240067e-01  -4.2113525e-01
   2.2269528e+00  -1.0575886e-01
  -1.4365143e-01   5.2462637e-01
  -1.6790288e+00  -7.5253456e-01
  -3.2663003e-01   5.9229094e-01
  -1.4856988e+00  -7.0064210e-01
  -2.8532677e-01  -8.1506497e-01
  -3.4121656e-01   3.5376523e-02
   1.6638347e+00  -8.3504175e-01
   1.2582840e-01   5.5761844e-01
  -2.1049850e-01  -4.6112936e-01
   9.7333363e-01  -1.8038919e+00
  -7.7453751e-02  -8.9453257e-01
  -6.4812941e-01  -1.9350582e+00
   4.3257990e-01   3.8270165e-01
  -4.6363862e-01  -1.2891135e+00
  -1.0231140e+00   1.0877982e+00
  -6.6279012e-01   2.0475013e-01
  -2.6675071e-01   6.6559718e-01
  -1.2481200e+00  -5.0682646e-01
   2.7656295e+00  -8.0581899e-01
   1.1589413e+00   8.9140606e-01
   1.3976364e-01   3.3136043e-01
  -1.3548378e-01   5.0283165e-01
  -1.2359483e+00  -1.3222019e+00
   1.8361332e+00  -3.8691407e-02
   1.5306199e+00  -1.2985753e+00
   6.9635231e-01   1.2320977e+00
   1.1360515e+00  -8.4997380e-02
   8.6319949e-01  -1.3263815e+00
   4.6317519e-01   2.1620041e-01
   2.8322257e-01   5.7313277e-01
   9.9246818e-01  -1.3504423e+00
  -9.8602948e-01  -3.5156371e-01
  -1.0001176e+00  -1.5649469e+00
  -8.4980101e-01  -6.8254795e-01
   1.4725690e+00  -1.8615480e+00
  -4.0400129e-01  -1.5945848e+00
   2.8138242e-01  -5.4986605e-01
  -1.4337529e+00  -4.2316363e-01
  -3.1421235e-02  -7.2722802e-02
   2.5414336e-01  -1.6083525e+00
   1.2993269e+00  -1.2111406e+00
   2.4745032e-01   1.5218004e+00
   1.4086687e+00   1.4595836e+00
  -4.2192663e-01   7.7509344e-02
   7.2889360e-01   2.2688811e+00
  -1.2522544e+00  -1.0877531e+00
  -3.3525271e+00   1.0342445e+00
  -3.1975801e-01  -2.3883633e-01
  -5.5472266e-01   1.9961064e-01
  -2.2729378e-01  -1.5947931e+00
  -1.4725647e+00   4.0590268e-01
   8.6784238e-02   1.4837919e-01
  -1.6619965e+00   5.1865779e-03
   9.1014462e-01  -2.1781926e-01
  -1.0080997e-01  -1.4194053e+00
   1.0297533e+00   7.9853667e-01
   7.4285224e-02  -2.6579965e-01
   2.9678552e-02   4.7126657e-01
   4.9864007e-01  -1.5297591e-01
   8.7662062e-01  -9.0269431e-01
   1.5251267e+00  -2.3076043e+00
  -2.4197653e-01  -9.7554848e-01
   5.2956760e-02  -1.1794831e+00
  -9.2169496e-02  -3.3912214e+00
  -5.3323041e-01  -1.6103468e+00
  -1.6309267e+00   1.4228956e-02
  -2.5619540e+00  -1.1548485e+00
  -7.9190893e-03   1.8099575e+00
   2.5867419e+00   9.9880515e-01
   1.9625188e-01  -7.2785623e-01
   1.6388202e+00  -2.7281266e-01
   1.5248946e-01  -9.6884898e-02
  -1.5664339e+00   1.9641267e+00
  -1.4381139e+00  -2.8544122e-01
   3.4824347e-01  -9.8191708e-01
  -1.4735892e+00   1.5968885e+00
  -9.4401845e-01   1.1854503e-01
  -7.2044043e-01  -5.5566186e-01
   3.2200725e-01  -8.0809293e-02
  -1.2634013e+00  -3.3576374e-01
   3.0606586e-01   6.0583721e-01
  -7.8485545e-01   1.3456094e-01
  -5.8222390e-01   1.2382411e+00
  -1.1152351e+00  -1.1921943e-01
  -1.3467070e+00  -9.4627066e-02
  -9.4362098e-01   7.7027940e-01
   1.2167912e+00   5.6778834e-01
  -5.7465958e-01  -1.5934162e+00
  -8.4358041e-01  -5.7297205e-01
  -1.5116722e-02   3.6271772e-01
   1.4792805e-01   1.2062445e+00
   4.6879218e-01   1.0908442e+00
   8.0901911e-01  -4.3442560e-01
   7.1111940e-01   5.7435974e-01
   1.7442847e+00  -1.6904684e-01
   1.0164501e+00   2.2561355e-01
  -1.9780488e+00   3.6309633e-01
  -5.3085793e-01   1.3309428e+00
   1.0790241e+00   7.8892981e-01
   2.4963797e+00   6.1656530e-01
  -1.6371148e-01   5.0458024e-01
   3.7346343e-01   1.0443517e+00
  -3.1044520e-01  -1.6978774e-01
   5.3725585e-01   4.7411911e-01
   1.6692884e+00   7.4050239e-01
  -2.4113738e-01  -1.6771769e+00
   1.2798980e-01   5.6890658e-01
   3.5930681e-02  -1.9987788e+00
   1.8221886e-01  -5.1735022e-01
   2.8818522e-01  -1.0392087e+00
  -1.2194296e+00   9.2679717e-01
  -3.2441275e-01  -6.1522903e-01
   7.5080670e-01  -2.1621119e+00
  -6.3341784e-01  -2.5387472e-02
   1.4882907e+00  -9.5925723e-01
   8.9283011e-01   8.5066449e-01
  -1.0249795e+00   1.5538254e+00
  -3.4294752e-03  -2.3312223e-01
  -7.5718978e-01   1.1729454e-01
   4.0256252e-01  -3.9751061e-01
  -8.8555258e-01   1.5748880e+00
  -4.7934976e-01   1.2313791e+00
   9.2774737e-01  -1.1879626e+00
   3.8359994e-02   1.7990330e-01
  -7.2737547e-01   1.7765261e-01
   8.5010006e-01   7.0496514e-01
   8.6528627e-01  -1.5738667e-01
  -1.4763703e+00   4.7516774e-01
  -1.3059117e+00   4.5123910e-01
  -1.9162966e-01   6.1618993e-01
   1.9114501e+00  -1.2348418e+00
   1.0160684e+01   1.5917470e+00
   9.6421742e+00  -1.4474761e+00
   8.3388122e+00   9.5445282e-01
   1.0124643e+01   4.1482553e-01
   9.3900695e+00   1.9498755e+00
   1.0114781e+01   9.6556677e-02
   8.5189255e+00   4.5148879e-01
   1.0859498e+01   7.3670972e-01
   8.5491323e+00  -1.0492729e+00
   9.2173114e+00   1.8774459e+00
   1.1275552e+01   1.9885286e+00
   1.0167823e+01  -2.5484547e-01
   9.7790476e+00   1.3391131e-01
   9.7236368e+00  -1.2465994e-01
   1.1195953e+01  -6.0180413e-02
   1.0533134e+01  -7.7603656e-01
   9.8081951e+00  -2.3225374e-01
   1.1764306e+01   1.8912947e-01
   9.3711519e+00   9.6968751e-02
   1.0742627e+01  -2.1979534e+00
   9.3329232e+00   1.2664272e+00
   9.8275195e+00  -1.2240979e-01
   9.2452975e+00   1.1441766e+00
   1.0049184e+01  -6.9786741e-01
   8.5714043e+00  -1.2972716e+00
   1.0174470e+01  -2.9140728e-01
   9.7101283e+00   1.2630645e+00
   9.8683626e+00  -5.8145054e-01
   1.0726965e+01  -9.4805435e-01
   1.0561356e+01   9.3991386e-01
   9.3332784e+00   1.2238224e-02
   8.6887166e+00  -6.2363255e-01
   9.7220744e+00  -2.0678607e+00
   1.0456143e+01  -2.1753003e+00
   6.9108227e+00  -1.0954797e+00
   1.1256628e+01   1.6821863e-01
   1.0073656e+01  -6.6706246e-01
   7.5273972e+00   5.8492573e-01
   9.1112210e+00   1.6347732e+00
   1.2080673e+01  -2.4776252e-01
   1.0051023e+01  -1.0983787e+00
   1.0088399e+01   3.1773718e-01
   9.1137162e+00   7.6861253e-01
   9.8555742e+00   7.8525275e-01
   1.0182669e+01   7.0936704e-02
   8.4907620e+00  -4.0316273e-01
   9.9442561e+00  -7.7917874e-01
   1.1976290e+01  -4.7544212e-01
   1.1074379e+01   3.9692778e-01
   9.5849829e+00   1.0450661e+00
   9.8937644e+00   1.0335832e-01
   1.0242130e+01  -3.8348390e-01
   1.0276224e+01   4.8488018e-01
   1.0339943e+01   8.5864589e-01
   1.1557375e+01  -1.4762415e-01
   1.0389970e+01  -6.1088257e-01
   1.1888776e+01  -7.4193949e-01
   1.0199856e+01  -2.0829421e+00
   1.0693736e+01   9.6100642e-01
   8.8144537e+00  -1.2028458e+00
   9.0863061e+00  -8.3959065e-01
   1.1850353e+01   4.2307476e-01
   9.9275463e+00  -2.2042392e-01
   9.9947284e+00  -5.2681835e-01
   1.0258095e+01   8.8043029e-01
   1.0014440e+01  -7.9349478e-01
   9.0203831e+00  -1.3810472e-01
   1.0742095e+01   7.2835106e-01
   9.5491542e+00   1.3744690e+00
   9.2887516e+00   2.1005108e-01
   1.0179862e+01  -4.3146958e-01
   1.1406310e+01  -7.7360141e-02
   8.3787055e+00  -1.3121677e+00
   1.1698476e+01   3.3404888e-01
   1.0965287e+01   1.4276888e+00
   1.1485144e+01  -1.0351368e+00
   1.1040720e+01   1.5447130e+00
   9.8762689e+00  -1.2714407e+00
   1.1080528e+01   8.5267502e-03
   9.6095484e+00  -1.4254493e+00
   9.6367265e+00   1.2137925e+00
   1.0376511e+01  -2.1047654e+00
   9.1219740e+00  -5.7159411e-01
   9.7679753e+00  -4.9559521e-01
   9.9028948e+00  -5.7515008e-01
   1.0852080e+01  -1.4722061e+00
   1.0746744e+01   2.9482117e-01
   1.0630040e+01   2.8753557e-01
   1.0392292e+01  -1.3632952e+00
   1.1099584e+01   1.7563053e-01
   1.0763832e+01   1.8339623e+00
   8.2812833e+00  -8.5105281e-01
   1.0547877e+01   6.9840225e-03
   9.8881820e+00  -5.6841357e-01
   1.0511744e+01   5.8487432e-01
   1.0065596e+01   6.0715566e-02
   1.2054777e+01   1.1528408e+00
   1.0234496e+01  -9.1835332e-02
   1.1264710e+01  -1.9242832e-01
   9.5092913e+00   1.6001685e+00
   9.0257559e+00   1.0303818e+00
   1.0700197e+01  -7.0644789e-01
   9.4200473e+00  -4.4918576e-01
   1.0981219e+01  -1.9704986e-02
   9.7154101e+00   1.2742428e+00
   1.0266093e+01   9.0397121e-01
   9.7480873e+00  -8.4104055e-01
   9.6306718e+00  -7.1552617e-01
   9.0664877e+00  -5.3551093e-01
   9.6375257e+00   7.1459640e-01
   9.3267663e+00   1.0066855e+00
   1.1511744e+01  -7.9611596e-01
   9.8356605e+00  -9.6618959e-01
   9.3725509e+00  -8.0404115e-01
   1.0503740e+01   7.6550658e-01
   1.0758167e+01  -8.6480622e-02
   1.2095274e+01   2.6888139e-01
   8.3802347e+00   2.9167770e-01
   9.2554097e+00  -5.3445636e-01
   9.4211703e+00   3.8930838e-01
   8.8524460e+00  -1.1966122e+00
   1.0455305e+01  -3.2289543e-01
   1.0393806e+01  -5.9861740e-01
   8.4083773e+00   1.0680572e+00
   1.0392063e+01  -1.6222012e+00
   1.1861593e+01   1.3410300e+00
   1.1316626e+01   1.6996422e+00
   1.1686051e+01   5.7767389e-01
   1.0112079e+01  -2.7152299e-01
   1.1159356e+01   6.0135286e-01
   1.1144636e+01  -2.9992883e-01
   1.1767696e+01  -3.0483729e-01
   1.0854548e+01  -8.0719003e-01
   9.5908997e+00   5.6503365e-01
   1.0172712e+01  -1.1335040e+00
   8.5574253e+00   1.1931768e+00
   1.0108155e+01  -1.3773530e+00
   1.0562354e+01  -9.3160329e-01
   8.9163771e+00  -1.1682114e+00
   8.0274446e+00   4.8586815e-03
   8.9366569e+00  -5.0209212e-02
   9.8070582e+00  -7.2882762e-01
   1.0475053e+01  -2.1652772e+00
   9.2975378e+00   4.2980752e-01
   9.5912459e+00  -8.0101812e-01
   9.5309909e+00  -6.5844348e-01
   1.0553921e+01  -1.4863299e-01
   9.5317899e+00   1.0715905e-01
   9.9374639e+00   6.1102254e-01
   1.0995533e+01  -9.5596935e-01
   1.0449508e+01   1.8384284e+00
   8.6333628e+00  -1.3635019e-02
   9.3667583e+00   1.2420577e+00
   1.0132901e+01   2.8631001e+00
   1.0116902e+01   1.0988418e+00
   9.2392477e+00   2.9379247e-02
   1.0619726e+01   1.2547836e+00
   1.0647636e+01  -4.3466893e-01
   8.8449293e+00  -1.9765633e+00
   1.0840543e+01  -1.3591137e+00
   1.0377575e+01   1.5779769e+00
   1.0289422e+01   1.3973515e+00
   9.8985899e+00   3.6362086e-01
   8.9663567e+00  -4.3097435e-01
   1.0854752e+01   2.0269724e+00
   9.9755209e+00  -1.5165901e-01
   9.7650832e+00  -9.5212498e-01
   9.1155380e+00  -5.2090972e-01
   1.0047129e+01   6.2215978e-02
   9.5182022e+00  -1.0006679e+00
   1.1316571e+01  -8.1070926e-01
   1.1209236e+01   1.9811364e+00
   1.2843977e+01  -2.9755193e+00
   1.1062023e+01   5.6647361e-01
   9.7482431e+00  -2.6645736e-01
   1.1913435e+01   1.6835963e-01
   7.6762439e+00   3.3038109e-01
   1.1445948e+01   2.5995311e-02
   1.1437323e+01   1.3048044e+00
   1.0700897e+01   3.3652725e-01
   9.9120481e+00   6.7153766e-01
   8.8596431e+00   1.0613393e-01
   8.7282093e+00  -9.9009541e-01
   8.7219341e+00  -4.8753262e-01
   1.0089606e+01   7.3451051e-01
   1.0464445e+01   1.9501233e+00
   1.0981418e+01   4.8545830e-01
   9.1826741e+00   6.3005098e-01
   1.0832736e+01  -1.1337365e+00
   8.7942681e+00  -1.2096436e+00
   1.0695400e+01  -1.1976644e+00
   1.1039514e+01  -1.1075951e-01
   9.5571294e+00  -1.7118338e-01
   9.7298882e+00  -7.8227348e-01
   1.0710583e+01   1.9242311e-02
   8.8839790e+00   1.4907928e+00
   1.0731125e+01   4.4447475e-01
   9.7539825e+00   7.5581491e-01
   1.1502964e+01  -1.3742641e+00
   1.0860729e+01   1.9724903e-01
   9.1133037e+00  -3.4254711e-01
   9.8366048e+00   2.0114675e-01
   1.0190223e+01  -6.7241680e-01
   9.0818282e+00  -3.4276269e-01
   1.0531856e+01   2.0831040e-01
   1.1920210e+01  -2.9573620e-01
   9.8390751e+00  -8.5467013e-01
   1.0133179e+01  -5.9552960e-01
   9.9781817e+00   7.3205375e-01
   1.0738823e+01  -7.6246621e-02
   9.6632047e+00  -3.0784985e-01
   1.0136618e+01  -4.7697947e-01
   1.0149692e+01  -1.4550401e+00
   9.3316764e+00  -6.4269455e-01
   1.1623805e+01   3.8057875e-01
   8.7780573e+00  -1.6848624e+00
   8.2509534e+00   6.4984625e-01
   9.8399687e+00  -2.1099585e-01
   9.7771667e+00   1.1061889e+00
   1.0640986e+01   3.0112214e-01
   1.0116524e+01   2.3696745e-01
   9.6994208e+00  -6.2785440e-01
   1.0734379e+01  -6.9098225e-01
   9.6790820e+00   7.7663260e-01
   8.4999090e+00  -5.2918339e-02
   9.3719424e+00  -7.4646781e-01
   1.1509490e+01  -6.6512404e-01
   8.5338466e+00   1.0644224e+00
   1.1894241e+01   9.0621940e-01
   7.9443064e+00   1.1948626e+00
   9.7970291e+00  -4.4243651e-01
   9.0844644e+00   1.5715909e+00
   9.6394767e+00  -7.7241420e-01
   7.9443472e+00   1.1001174e+00
   1.0717654e+01  -1.9569052e-01
   9.1204276e+00  -2.9177348e+00
   1.1113353e+01   7.0901593e-01
   1.1120314e+01  -8.1521833e-02
   9.3876213e+00  -1.5576769e+00
   1.0659271e+01   1.3546811e+00
   8.9059643e+00   5.4798843e-01
   9.0661906e+00   5.9827879e-01
   1.1190684e+01   7.9670380e-01
   1.0048599e+01   6.3761697e-01
   1.0187129e+01   2.5572396e-01
   9.3292316e+00   1.4869148e+00
   8.8396006e+00  -2.5245587e-01
   1.1125100e+01   5.5212406e-01
   1.0116120e+01  -2.0793779e+00
   1.0152466e+01   7.0999056e-01
   9.5784174e+00   7.4784272e-01
   1.0269017e+01   3.5131360e-01
   8.7914123e+00  -2.5678607e-01
   9.5336187e+00  -1.0457112e+00
   9.4203782e+00  -1.2369675e-01
   9.9205315e+00  -1.2106714e-01
   1.1892785e+01   1.4710120e-01
   1.1735601e+01  -1.3469780e-01
   1.0470427e+01   7.7056476e-02
   1.0661970e+01   1.5679686e-01
   8.4764061e+00   1.6924396e+00
   1.1357677e+01  -1.3758536e+00
   7.3352827e+00  -9.3106024e-01
   9.0883538e+00   1.7748000e-01
   1.0694984e+01  -1.1774423e+00
   8.6571920e+00   1.7322372e+00
   9.1960199e+00   3.1959462e-01
   1.0410209e+01  -9.1675810e-01
   7.9148941e+00  -1.7047194e+00
   9.0354484e+00   1.4136708e+00
   1.0309910e+01  -1.3437565e+00
   1.1296529e+01   8.7884584e-01
   1.0309506e+01   3.8565962e-01
   1.0585913e+01  -6.6401951e-01
   9.6973573e+00   5.4960866e-01
   9.8310756e+00  -4.9030738e-01
   1.1213643e+01   1.1062530e-01
   1.0484719e+01   5.7245728e-01
   1.1359475e+01   1.0860141e+00
   8.1246687e+00   1.0369095e+00
   9.3340272e+00   2.9710295e-01
   1.0087440e+01   6.6531840e-01
   1.1270039e+01   5.8184651e-01
   9.2619123e+00  -1.2735547e+00
   1.0378845e+01  -4.6739726e-01
   8.3722870e+00   1.7078582e-01
   8.3710381e+00  -5.0480153e-01
   8.8763781e+00   5.8548099e-01
   1.1376346e+01   2.0783591e+00
   1.1560449e+01   4.2274444e-01
   1.0267089e+01   1.4563483e+00
   8.4784312e+00   1.0025759e+00
   1.0392608e+01  -1.1490965e+00
   1.0573462e+01  -6.0650066e-01
   1.0838520e+01   1.0397199e+00
   1.1312301e+01  -6.9381900e-01
   1.0095505e+01  -5.4934328e-01
   8.9139606e+00   4.0350695e-01
   9.2382920e+00   3.1285658e-01
   1.1721987e+01   7.5760021e-01
   8.6035529e+00   8.7870793e-01
   9.6403069e+00   9.7169820e-01
   1.0266426e+01  -4.9111809e-01
   1.0541405e+01   1.6072868e+00
   9.8969266e+00  -4.4526552e-01
   1.1485887e+01   4.5157935e-01
   7.6153024e+00   1.3402900e+00
   1.0318800e+01  -1.1735125e-02
   9.5393659e+00   3.0389365e-01
   9.6293494e+00   1.6251426e-01
   9.1739532e+00   1.6665221e+00
   9.6729299e+00  -9.4720241e-01
   8.6660573e+00   2.3919370e-01
   1.1440284e+01  -1.9350442e-01
   1.0606708e+01  -7.4272585e-01
   1.0117684e+01   8.1822327e-01
   1.0004598e+01  -7.0537250e-01
   9.4526771e+00   2.4860296e-01
   1.0700210e+01  -3.7734466e-02
   1.0551269e+01   4.8228869e-01
   1.1536104e+01   1.2371022e+00
   1.1321841e+01   2.6015030e-01
   8.4812663e+00  -7.3152735e-02
   8.5335698e+00   5.8144821e-01
   9.8565337e+00  -1.8932895e+00
   1.0398325e+01   2.8857323e-01
   1.1661980e+01  -6.7041010e-01
   8.7913134e+00   1.1742722e-01
   9.2836558e+00   4.2699634e-01
   9.9287581e+00  -1.4038565e+00
   9.4712846e+00   1.9658718e+00
   1.0085036e+01   1.0559149e+00
   8.6090076e+00   1.1965824e+00
   1.1334835e+01   2.8160807e-03
   1.2541019e+01  -6.7212109e-01
   8.6818346e+00   6.8791307e-01
   1.0237587e+01  -8.9295884e-01
   1.0008341e+01   1.7960396e-01
   8.6476553e+00   1.9983361e+00
   9.4347978e+00  -3.1609845e-01
   9.4185071e+00   7.2489774e-01
   1.0520245e+01  -4.3736774e-01
   1.0891839e+01  -3.6028826e-01
   1.1010291e+01   9.4018162e-01
   9.1758685e+00   8.3325372e-01
   9.6813088e+00   4.9160996e-02
   7.4845606e+00   6.5333528e-01
   1.0019410e+01   1.4324714e+00
   9.9969852e+00   2.8819031e-01
   1.0140681e+01  -1.1922126e+00
   8.3726102e+00   1.8857435e-01
   9.5382201e+00   6.6390860e-01
   1.1099963e+01   1.0757178e+00
   7.7727801e+00  -6.2107723e-01
   1.0509761e+01   2.5799108e+00
   1.1350685e+01  -1.0283910e+00
   1.1545936e+01  -4.2255825e-01
   1.0286104e+01  -9.4569332e-01
   9.4862181e+00   4.8876411e-01
   1.0631350e+01   8.4429349e-01
   9.3046222e+00   7.7860780e-01
   9.1716478e+00  -1.6222454e+00
   1.2605064e+01   5.3874593e-01
   1.1744447e+01   1.0268139e+00
   1.0252637e+01   9.4256890e-01
   1.0897609e+01  -8.0799591e-01
   9.0789382e+00  -4.0788985e-01
   8.9075011e+00   5.2363371e-01
   1.1131696e+01  -7.9595905e-01
   1.1044918e+01  -1.0545359e-01
   8.3296851e+00  -7.4936083e-01
   9.3091197e+00  -9.6428353e-01
   9.1101989e+00  -6.1136346e-01
   1.1064643e+01  -3.4045890e-01
   8.0810740e+00   8.7581786e-01
   9.8752139e+00  -5.2188871e-01
   1.1377096e+01  -3.2507133e-01
   8.7448147e+00   1.0166421e+00
   8.1632853e+00  -5.8428588e-01
   1.1256003e+01  -3.2246314e-01
   8.9398376e+00   5.4312743e-01
   9.4677091e+00  -2.6506208e+00
   9.0678683e+00   1.2656047e+00
   9.3923888e+00   1.0437322e+00
   1.0137669e+01   1.9915951e-01
   8.6908243e+00  -7.8257630e-01
   9.2698523e+00  -8.7267826e-01
   1.0328030e+01   2.7825419e-01
   1.0500610e+01  -4.6916063e-01
   9.4805660e+00  -1.3758075e-01
   1.1028736e+01  -5.0192594e-01
   1.0553725e+01   3.6561228e-02
   9.3097170e+00   1.2042498e+00
   1.0581446e+01  -1.4414003e+00
   9.9854069e+00   8.6879726e-01
   8.9424593e+00   7.8373158e-01
   9.1406238e+00   5.4196243e-01
   9.9545228e+00   4.5389307e-01
   1.0435564e+01   1.1419871e+00
   9.1389111e+00  -5.6606989e-02
